3.95e-05 -3.95e-05 -5.75e-05 -9.42e-05 -9.74e-05 -2.36e-05 8.27e-05 1.40e-04 1.58e-04 1.51e-04 1.12e-04 8.16e-05 4.69e-05 2.43e-05 1.05e-05 4.79e-06 1.05e-05 2.43e-05 4.69e-05 8.16e-05 1.12e-04 1.51e-04 1.58e-04 1.40e-04 8.27e-05 -2.36e-05 -9.73e-05 -9.30e-05 -5.10e-05 -1.44e-05 1.44e-05 
-3.95e-05 3.95e-05 5.75e-05 9.42e-05 9.74e-05 2.36e-05 -8.27e-05 -1.40e-04 -1.58e-04 -1.51e-04 -1.12e-04 -8.16e-05 -4.69e-05 -2.43e-05 -1.05e-05 -4.79e-06 -1.05e-05 -2.43e-05 -4.69e-05 -8.16e-05 -1.12e-04 -1.51e-04 -1.58e-04 -1.40e-04 -8.27e-05 2.36e-05 9.73e-05 9.30e-05 5.10e-05 1.44e-05 -1.44e-05 
-1.43e-04 1.43e-04 1.79e-04 2.31e-04 1.72e-04 -1.73e-05 -1.81e-04 -2.39e-04 -2.65e-04 -2.36e-04 -1.78e-04 -1.45e-04 -8.96e-05 -7.45e-05 -4.52e-05 -5.09e-05 -4.52e-05 -7.45e-05 -8.96e-05 -1.45e-04 -1.78e-04 -2.36e-04 -2.65e-04 -2.39e-04 -1.81e-04 -1.74e-05 1.71e-04 2.24e-04 1.51e-04 4.82e-05 -4.82e-05 
-2.78e-04 2.78e-04 2.82e-04 2.23e-04 5.30e-05 -7.83e-05 -6.53e-05 -6.93e-05 -1.04e-04 -8.41e-05 -1.29e-04 -1.35e-04 -1.48e-04 -1.67e-04 -1.56e-04 -1.75e-04 -1.56e-04 -1.67e-04 -1.48e-04 -1.35e-04 -1.29e-04 -8.41e-05 -1.04e-04 -6.93e-05 -6.54e-05 -7.90e-05 4.84e-05 2.02e-04 2.06e-04 8.09e-05 -8.09e-05 
-3.72e-04 3.72e-04 2.98e-04 1.08e-04 -2.28e-05 5.25e-05 1.14e-04 2.27e-05 6.93e-06 -5.00e-05 -1.39e-04 -1.23e-04 -1.99e-04 -1.63e-04 -2.12e-04 -1.73e-04 -2.12e-04 -1.63e-04 -1.99e-04 -1.23e-04 -1.39e-04 -5.00e-05 6.92e-06 2.27e-05 1.13e-04 4.97e-05 -3.68e-05 5.58e-05 1.51e-04 7.98e-05 -7.98e-05 
-3.43e-04 3.43e-04 2.36e-04 7.22e-05 8.52e-05 1.47e-04 2.91e-05 -9.54e-06 3.39e-05 -5.92e-05 6.01e-06 -1.91e-05 -2.19e-05 6.94e-06 -3.50e-05 1.31e-05 -3.50e-05 6.94e-06 -2.19e-05 -1.91e-05 6.01e-06 -5.93e-05 3.39e-05 -9.76e-06 2.77e-05 1.39e-04 5.34e-05 -2.43e-05 2.52e-05 3.14e-05 -3.14e-05 
-2.44e-04 2.44e-04 1.87e-04 1.29e-04 1.25e-04 3.36e-05 -5.04e-06 1.06e-04 5.64e-05 7.30e-05 1.31e-04 3.26e-05 1.18e-04 1.82e-05 9.51e-05 1.58e-05 9.51e-05 1.82e-05 1.18e-04 3.26e-05 1.31e-04 7.30e-05 5.63e-05 1.06e-04 -8.88e-06 1.69e-05 6.93e-05 -7.53e-06 -4.91e-05 -1.92e-05 1.92e-05 
-1.68e-04 1.68e-04 1.50e-04 1.25e-04 9.03e-05 7.46e-05 1.18e-04 6.81e-05 2.75e-05 1.00e-04 1.01e-05 5.88e-05 4.85e-05 4.18e-05 7.71e-05 4.08e-05 7.71e-05 4.18e-05 4.85e-05 5.88e-05 1.01e-05 1.00e-04 2.73e-05 6.65e-05 1.10e-04 4.67e-05 1.29e-05 -3.36e-05 -7.57e-05 -3.97e-05 3.97e-05 
-9.62e-05 9.62e-05 1.03e-04 1.31e-04 1.51e-04 9.40e-05 8.43e-07 1.75e-05 9.04e-05 4.97e-05 8.25e-05 1.26e-04 1.04e-04 1.64e-04 1.24e-04 1.76e-04 1.24e-04 1.64e-04 1.04e-04 1.26e-04 8.25e-05 4.97e-05 8.99e-05 1.46e-05 -1.11e-05 5.61e-05 5.94e-05 -3.12e-05 -9.63e-05 -5.15e-05 5.15e-05 
-4.72e-05 4.72e-05 8.63e-05 1.44e-04 9.93e-05 1.05e-05 7.58e-05 1.33e-04 4.30e-05 7.58e-05 9.55e-05 7.56e-05 1.17e-04 8.86e-05 1.37e-04 1.02e-04 1.37e-04 8.86e-05 1.17e-04 7.56e-05 9.54e-05 7.57e-05 4.21e-05 1.29e-04 6.01e-05 -3.40e-05 3.06e-06 -7.07e-06 -7.22e-05 -4.75e-05 4.75e-05 
-3.23e-05 3.23e-05 6.27e-05 9.62e-05 8.97e-05 1.05e-04 7.99e-05 -1.80e-05 3.06e-05 7.41e-05 5.42e-05 1.22e-04 9.24e-05 1.75e-04 1.54e-04 2.07e-04 1.54e-04 1.75e-04 9.24e-05 1.22e-04 5.41e-05 7.38e-05 2.93e-05 -2.34e-05 6.21e-05 5.89e-05 -1.12e-06 -3.25e-05 -5.77e-05 -3.37e-05 3.37e-05 
-1.02e-05 1.02e-05 4.49e-05 1.00e-04 8.74e-05 1.13e-05 8.51e-06 9.43e-05 8.41e-05 6.26e-05 1.04e-04 7.48e-05 1.47e-04 1.61e-04 2.09e-04 2.23e-04 2.09e-04 1.61e-04 1.47e-04 7.48e-05 1.04e-04 6.22e-05 8.26e-05 8.87e-05 -8.95e-06 -3.10e-05 9.76e-06 -1.83e-06 -4.12e-05 -2.74e-05 2.74e-05 
-1.31e-05 1.31e-05 3.57e-05 5.07e-05 3.21e-05 6.88e-05 9.77e-05 -2.58e-06 -9.28e-06 5.06e-05 2.22e-05 1.05e-04 1.19e-04 1.83e-04 2.51e-04 3.23e-04 2.51e-04 1.83e-04 1.19e-04 1.05e-04 2.21e-05 5.03e-05 -1.06e-05 -7.56e-06 8.30e-05 3.50e-05 -2.68e-05 -2.16e-05 -2.04e-05 -1.30e-05 1.30e-05 
-1.42e-06 1.42e-06 1.52e-05 4.46e-05 5.49e-05 5.51e-06 -3.65e-05 4.04e-05 7.57e-05 3.58e-05 8.38e-05 6.31e-05 1.11e-04 1.78e-04 3.35e-04 5.57e-04 3.35e-04 1.78e-04 1.11e-04 6.31e-05 8.38e-05 3.55e-05 7.48e-05 3.70e-05 -4.62e-05 -1.62e-05 1.84e-05 1.10e-06 -1.75e-05 -1.04e-05 1.04e-05 
-4.83e-06 4.83e-06 1.05e-05 4.80e-06 -1.39e-05 2.48e-05 7.29e-05 -6.36e-06 -4.27e-05 8.93e-06 -2.53e-05 2.77e-05 4.23e-05 1.15e-04 3.36e-04 1.20e-03 3.36e-04 1.15e-04 4.23e-05 2.77e-05 -2.53e-05 8.85e-06 -4.30e-05 -7.57e-06 6.95e-05 1.73e-05 -2.63e-05 -9.36e-06 9.18e-07 -4.26e-07 4.26e-07 
4.83e-06 -4.83e-06 -1.05e-05 -4.80e-06 1.39e-05 -2.48e-05 -7.29e-05 6.36e-06 4.27e-05 -8.93e-06 2.53e-05 -2.77e-05 -4.23e-05 -1.15e-04 -3.36e-04 -1.20e-03 -3.36e-04 -1.15e-04 -4.23e-05 -2.77e-05 2.53e-05 -8.85e-06 4.30e-05 7.57e-06 -6.95e-05 -1.73e-05 2.63e-05 9.36e-06 -9.18e-07 4.26e-07 -4.26e-07 
1.42e-06 -1.42e-06 -1.52e-05 -4.46e-05 -5.49e-05 -5.51e-06 3.65e-05 -4.04e-05 -7.57e-05 -3.58e-05 -8.38e-05 -6.31e-05 -1.11e-04 -1.78e-04 -3.35e-04 -5.57e-04 -3.35e-04 -1.78e-04 -1.11e-04 -6.31e-05 -8.38e-05 -3.55e-05 -7.48e-05 -3.70e-05 4.62e-05 1.62e-05 -1.84e-05 -1.10e-06 1.75e-05 1.04e-05 -1.04e-05 
1.31e-05 -1.31e-05 -3.57e-05 -5.07e-05 -3.21e-05 -6.88e-05 -9.77e-05 2.58e-06 9.28e-06 -5.06e-05 -2.22e-05 -1.05e-04 -1.19e-04 -1.83e-04 -2.51e-04 -3.23e-04 -2.51e-04 -1.83e-04 -1.19e-04 -1.05e-04 -2.21e-05 -5.03e-05 1.06e-05 7.56e-06 -8.30e-05 -3.50e-05 2.68e-05 2.16e-05 2.04e-05 1.30e-05 -1.30e-05 
1.02e-05 -1.02e-05 -4.49e-05 -1.00e-04 -8.74e-05 -1.13e-05 -8.51e-06 -9.43e-05 -8.41e-05 -6.26e-05 -1.04e-04 -7.48e-05 -1.47e-04 -1.61e-04 -2.09e-04 -2.23e-04 -2.09e-04 -1.61e-04 -1.47e-04 -7.48e-05 -1.04e-04 -6.22e-05 -8.26e-05 -8.87e-05 8.95e-06 3.10e-05 -9.76e-06 1.83e-06 4.12e-05 2.74e-05 -2.74e-05 
3.23e-05 -3.23e-05 -6.27e-05 -9.62e-05 -8.97e-05 -1.05e-04 -7.99e-05 1.80e-05 -3.06e-05 -7.41e-05 -5.42e-05 -1.22e-04 -9.25e-05 -1.75e-04 -1.55e-04 -2.08e-04 -1.55e-04 -1.75e-04 -9.25e-05 -1.22e-04 -5.42e-05 -7.38e-05 -2.93e-05 2.34e-05 -6.21e-05 -5.89e-05 1.12e-06 3.25e-05 5.77e-05 3.37e-05 -3.37e-05 
4.72e-05 -4.72e-05 -8.63e-05 -1.44e-04 -9.93e-05 -1.05e-05 -7.58e-05 -1.33e-04 -4.31e-05 -7.60e-05 -9.57e-05 -7.61e-05 -1.18e-04 -8.96e-05 -1.38e-04 -1.04e-04 -1.38e-04 -8.96e-05 -1.18e-04 -7.61e-05 -9.57e-05 -7.58e-05 -4.21e-05 -1.29e-04 -6.01e-05 3.40e-05 -3.06e-06 7.07e-06 7.22e-05 4.75e-05 -4.75e-05 
9.62e-05 -9.62e-05 -1.03e-04 -1.31e-04 -1.51e-04 -9.40e-05 -8.70e-07 -1.76e-05 -9.08e-05 -5.06e-05 -8.41e-05 -1.29e-04 -1.08e-04 -1.69e-04 -1.30e-04 -1.82e-04 -1.30e-04 -1.69e-04 -1.08e-04 -1.29e-04 -8.41e-05 -5.05e-05 -9.02e-05 -1.47e-05 1.11e-05 -5.61e-05 -5.94e-05 3.12e-05 9.63e-05 5.15e-05 -5.15e-05 
1.68e-04 -1.68e-04 -1.50e-04 -1.25e-04 -9.04e-05 -7.46e-05 -1.18e-04 -6.90e-05 -2.97e-05 -1.05e-04 -1.80e-05 -7.08e-05 -6.47e-05 -6.16e-05 -9.94e-05 -6.39e-05 -9.94e-05 -6.16e-05 -6.47e-05 -7.08e-05 -1.80e-05 -1.05e-04 -2.94e-05 -6.73e-05 -1.11e-04 -4.68e-05 -1.29e-05 3.36e-05 7.57e-05 3.97e-05 -3.97e-05 
2.44e-04 -2.44e-04 -1.87e-04 -1.29e-04 -1.25e-04 -3.41e-05 3.29e-06 -1.11e-04 -6.73e-05 -9.30e-05 -1.62e-04 -7.63e-05 -1.74e-04 -8.34e-05 -1.67e-04 -8.95e-05 -1.67e-04 -8.34e-05 -1.74e-04 -7.63e-05 -1.62e-04 -9.30e-05 -6.72e-05 -1.11e-04 7.13e-06 -1.74e-05 -6.94e-05 7.52e-06 4.91e-05 1.92e-05 -1.92e-05 
3.43e-04 -3.43e-04 -2.36e-04 -7.24e-05 -8.60e-05 -1.50e-04 -3.87e-05 -1.29e-05 -7.67e-05 -9.44e-06 -1.04e-04 -1.07e-04 -1.29e-04 -1.77e-04 -1.47e-04 -1.99e-04 -1.47e-04 -1.77e-04 -1.29e-04 -1.07e-04 -1.04e-04 -9.44e-06 -7.66e-05 -1.27e-05 -3.72e-05 -1.42e-04 -5.42e-05 2.41e-05 -2.52e-05 -3.14e-05 3.14e-05 
3.72e-04 -3.72e-04 -2.98e-04 -1.10e-04 1.78e-05 -6.87e-05 -1.54e-04 -1.02e-04 -1.36e-04 -1.32e-04 -9.52e-05 -1.55e-04 -1.15e-04 -1.76e-04 -1.42e-04 -1.85e-04 -1.42e-04 -1.76e-04 -1.15e-04 -1.55e-04 -9.52e-05 -1.32e-04 -1.36e-04 -1.02e-04 -1.54e-04 -6.59e-05 3.17e-05 -5.70e-05 -1.51e-04 -7.99e-05 7.99e-05 
2.79e-04 -2.79e-04 -2.83e-04 -2.30e-04 -7.69e-05 1.57e-05 -6.20e-05 -1.39e-04 -1.85e-04 -2.76e-04 -2.86e-04 -3.17e-04 -3.29e-04 -3.24e-04 -3.41e-04 -3.24e-04 -3.41e-04 -3.24e-04 -3.29e-04 -3.17e-04 -2.86e-04 -2.76e-04 -1.85e-04 -1.39e-04 -6.19e-05 1.64e-05 -7.23e-05 -2.09e-04 -2.07e-04 -8.11e-05 8.11e-05 
1.46e-04 -1.46e-04 -1.88e-04 -2.61e-04 -2.57e-04 -1.62e-04 -1.13e-04 -1.55e-04 -1.97e-04 -2.62e-04 -3.27e-04 -3.52e-04 -3.91e-04 -3.90e-04 -4.09e-04 -3.98e-04 -4.09e-04 -3.90e-04 -3.91e-04 -3.52e-04 -3.27e-04 -2.62e-04 -1.97e-04 -1.55e-04 -1.13e-04 -1.62e-04 -2.56e-04 -2.55e-04 -1.59e-04 -4.97e-05 4.97e-05 
5.76e-05 -5.76e-05 -9.42e-05 -1.97e-04 -3.22e-04 -3.92e-04 -3.86e-04 -3.56e-04 -3.20e-04 -2.76e-04 -2.51e-04 -2.27e-04 -2.13e-04 -2.06e-04 -1.99e-04 -2.00e-04 -1.99e-04 -2.06e-04 -2.13e-04 -2.27e-04 -2.51e-04 -2.76e-04 -3.20e-04 -3.56e-04 -3.86e-04 -3.92e-04 -3.21e-04 -1.95e-04 -8.57e-05 -2.16e-05 2.16e-05 
2.99e-05 -2.99e-05 -5.87e-05 -1.55e-04 -3.17e-04 -4.76e-04 -5.39e-04 -5.01e-04 -4.21e-04 -3.18e-04 -2.23e-04 -1.56e-04 -1.01e-04 -7.51e-05 -5.43e-05 -5.34e-05 -5.43e-05 -7.51e-05 -1.01e-04 -1.56e-04 -2.23e-04 -3.18e-04 -4.21e-04 -5.01e-04 -5.39e-04 -4.76e-04 -3.17e-04 -1.55e-04 -5.52e-05 -1.19e-05 1.19e-05 
-2.99e-05 2.99e-05 5.87e-05 1.55e-04 3.17e-04 4.76e-04 5.39e-04 5.01e-04 4.21e-04 3.18e-04 2.23e-04 1.56e-04 1.01e-04 7.51e-05 5.43e-05 5.34e-05 5.43e-05 7.51e-05 1.01e-04 1.56e-04 2.23e-04 3.18e-04 4.21e-04 5.01e-04 5.39e-04 4.76e-04 3.17e-04 1.55e-04 5.52e-05 1.19e-05 -1.19e-05 
