0.00e+00 -0.00e+00 -0.00e+00 -0.00e+00 -0.00e+00 -0.00e+00 -0.00e+00 -0.00e+00 -0.00e+00 -0.00e+00 -0.00e+00 -0.00e+00 -0.00e+00 -0.00e+00 -0.00e+00 -0.00e+00 -0.00e+00 -0.00e+00 -1.54e-17 -7.55e-16 -1.65e-14 -2.12e-13 -1.79e-12 -1.05e-11 -4.48e-11 -1.42e-10 -3.45e-10 -6.64e-10 -1.04e-09 -1.35e-09 -1.47e-09 -1.35e-09 -1.04e-09 -6.64e-10 -3.45e-10 -1.42e-10 -4.48e-11 -1.05e-11 -1.79e-12 -2.12e-13 -1.65e-14 -7.55e-16 -1.54e-17 -0.00e+00 -0.00e+00 -0.00e+00 -0.00e+00 -0.00e+00 -0.00e+00 -0.00e+00 -0.00e+00 -0.00e+00 -0.00e+00 -0.00e+00 -0.00e+00 -0.00e+00 -0.00e+00 -0.00e+00 -0.00e+00 -0.00e+00 0.00e+00 
-0.00e+00 0.00e+00 0.00e+00 0.00e+00 0.00e+00 0.00e+00 0.00e+00 0.00e+00 0.00e+00 0.00e+00 0.00e+00 0.00e+00 0.00e+00 0.00e+00 0.00e+00 0.00e+00 0.00e+00 0.00e+00 1.54e-17 7.55e-16 1.65e-14 2.12e-13 1.79e-12 1.05e-11 4.48e-11 1.42e-10 3.45e-10 6.64e-10 1.04e-09 1.35e-09 1.47e-09 1.35e-09 1.04e-09 6.64e-10 3.45e-10 1.42e-10 4.48e-11 1.05e-11 1.79e-12 2.12e-13 1.65e-14 7.55e-16 1.54e-17 0.00e+00 0.00e+00 0.00e+00 0.00e+00 0.00e+00 0.00e+00 0.00e+00 0.00e+00 0.00e+00 0.00e+00 0.00e+00 0.00e+00 0.00e+00 0.00e+00 0.00e+00 0.00e+00 0.00e+00 -0.00e+00 
-0.00e+00 0.00e+00 0.00e+00 0.00e+00 0.00e+00 0.00e+00 0.00e+00 0.00e+00 0.00e+00 0.00e+00 0.00e+00 0.00e+00 0.00e+00 0.00e+00 0.00e+00 0.00e+00 0.00e+00 3.31e-17 1.78e-15 4.27e-14 6.08e-13 5.73e-12 3.79e-11 1.83e-10 6.60e-10 1.83e-09 4.03e-09 7.22e-09 1.08e-08 1.36e-08 1.47e-08 1.36e-08 1.08e-08 7.22e-09 4.03e-09 1.83e-09 6.60e-10 1.83e-10 3.79e-11 5.73e-12 6.08e-13 4.27e-14 1.78e-15 3.31e-17 0.00e+00 0.00e+00 0.00e+00 0.00e+00 0.00e+00 0.00e+00 0.00e+00 0.00e+00 0.00e+00 0.00e+00 0.00e+00 0.00e+00 0.00e+00 0.00e+00 0.00e+00 0.00e+00 -0.00e+00 
-0.00e+00 0.00e+00 0.00e+00 0.00e+00 0.00e+00 0.00e+00 0.00e+00 0.00e+00 0.00e+00 0.00e+00 0.00e+00 0.00e+00 0.00e+00 0.00e+00 0.00e+00 0.00e+00 6.38e-17 3.69e-15 9.59e-14 1.49e-12 1.53e-11 1.12e-10 5.98e-10 2.40e-09 7.45e-09 1.83e-08 3.66e-08 6.10e-08 8.68e-08 1.07e-07 1.14e-07 1.07e-07 8.68e-08 6.10e-08 3.66e-08 1.83e-08 7.45e-09 2.40e-09 5.98e-10 1.12e-10 1.53e-11 1.49e-12 9.59e-14 3.69e-15 6.38e-17 0.00e+00 0.00e+00 0.00e+00 0.00e+00 0.00e+00 0.00e+00 0.00e+00 0.00e+00 0.00e+00 0.00e+00 0.00e+00 0.00e+00 0.00e+00 0.00e+00 0.00e+00 -0.00e+00 
-0.00e+00 0.00e+00 0.00e+00 0.00e+00 0.00e+00 0.00e+00 0.00e+00 0.00e+00 0.00e+00 0.00e+00 0.00e+00 0.00e+00 0.00e+00 0.00e+00 0.00e+00 1.11e-16 6.85e-15 1.92e-13 3.21e-12 3.60e-11 2.87e-10 1.68e-09 7.46e-09 2.55e-08 6.92e-08 1.52e-07 2.80e-07 4.40e-07 6.01e-07 7.20e-07 7.65e-07 7.20e-07 6.01e-07 4.40e-07 2.80e-07 1.52e-07 6.92e-08 2.55e-08 7.46e-09 1.68e-09 2.87e-10 3.60e-11 3.21e-12 1.92e-13 6.85e-15 1.11e-16 0.00e+00 0.00e+00 0.00e+00 0.00e+00 0.00e+00 0.00e+00 0.00e+00 0.00e+00 0.00e+00 0.00e+00 0.00e+00 0.00e+00 0.00e+00 0.00e+00 -0.00e+00 
-0.00e+00 0.00e+00 0.00e+00 0.00e+00 0.00e+00 0.00e+00 0.00e+00 0.00e+00 0.00e+00 0.00e+00 0.00e+00 0.00e+00 0.00e+00 0.00e+00 1.73e-16 1.14e-14 3.42e-13 6.16e-12 7.46e-11 6.45e-10 4.12e-09 2.00e-08 7.49e-08 2.22e-07 5.33e-07 1.07e-06 1.82e-06 2.71e-06 3.57e-06 4.19e-06 4.42e-06 4.19e-06 3.57e-06 2.71e-06 1.82e-06 1.07e-06 5.33e-07 2.22e-07 7.49e-08 2.00e-08 4.12e-09 6.45e-10 7.46e-11 6.16e-12 3.42e-13 1.14e-14 1.73e-16 0.00e+00 0.00e+00 0.00e+00 0.00e+00 0.00e+00 0.00e+00 0.00e+00 0.00e+00 0.00e+00 0.00e+00 0.00e+00 0.00e+00 0.00e+00 -0.00e+00 
-0.00e+00 0.00e+00 0.00e+00 0.00e+00 0.00e+00 0.00e+00 0.00e+00 0.00e+00 0.00e+00 0.00e+00 0.00e+00 0.00e+00 0.00e+00 2.44e-16 1.71e-14 5.46e-13 1.05e-11 1.37e-10 1.28e-09 8.84e-09 4.65e-08 1.89e-07 6.10e-07 1.59e-06 3.42e-06 6.29e-06 1.01e-05 1.43e-05 1.82e-05 2.09e-05 2.19e-05 2.09e-05 1.82e-05 1.43e-05 1.01e-05 6.29e-06 3.42e-06 1.59e-06 6.10e-07 1.89e-07 4.65e-08 8.84e-09 1.28e-09 1.37e-10 1.05e-11 5.46e-13 1.71e-14 2.44e-16 0.00e+00 0.00e+00 0.00e+00 0.00e+00 0.00e+00 0.00e+00 0.00e+00 0.00e+00 0.00e+00 0.00e+00 0.00e+00 0.00e+00 -0.00e+00 
-0.00e+00 0.00e+00 0.00e+00 0.00e+00 0.00e+00 0.00e+00 0.00e+00 0.00e+00 0.00e+00 0.00e+00 0.00e+00 0.00e+00 3.12e-16 2.31e-14 7.84e-13 1.61e-11 2.24e-10 2.24e-09 1.67e-08 9.48e-08 4.17e-07 1.45e-06 4.07e-06 9.39e-06 1.84e-05 3.13e-05 4.72e-05 6.41e-05 7.93e-05 8.99e-05 9.37e-05 8.99e-05 7.93e-05 6.41e-05 4.72e-05 3.13e-05 1.84e-05 9.39e-06 4.07e-06 1.45e-06 4.17e-07 9.48e-08 1.67e-08 2.24e-09 2.24e-10 1.61e-11 7.84e-13 2.31e-14 3.12e-16 0.00e+00 0.00e+00 0.00e+00 0.00e+00 0.00e+00 0.00e+00 0.00e+00 0.00e+00 0.00e+00 0.00e+00 0.00e+00 -0.00e+00 
-0.00e+00 0.00e+00 0.00e+00 0.00e+00 0.00e+00 0.00e+00 0.00e+00 0.00e+00 0.00e+00 0.00e+00 0.00e+00 3.61e-16 2.83e-14 1.01e-12 2.21e-11 3.28e-10 3.50e-09 2.79e-08 1.70e-07 8.06e-07 3.01e-06 9.04e-06 2.22e-05 4.61e-05 8.27e-05 1.31e-04 1.88e-04 2.47e-04 2.97e-04 3.32e-04 3.44e-04 3.32e-04 2.97e-04 2.47e-04 1.88e-04 1.31e-04 8.27e-05 4.61e-05 2.22e-05 9.04e-06 3.01e-06 8.06e-07 1.70e-07 2.79e-08 3.50e-09 3.28e-10 2.21e-11 1.01e-12 2.83e-14 3.61e-16 0.00e+00 0.00e+00 0.00e+00 0.00e+00 0.00e+00 0.00e+00 0.00e+00 0.00e+00 0.00e+00 0.00e+00 -0.00e+00 
-0.00e+00 0.00e+00 0.00e+00 0.00e+00 0.00e+00 0.00e+00 0.00e+00 0.00e+00 0.00e+00 0.00e+00 3.79e-16 3.12e-14 1.18e-12 2.72e-11 4.28e-10 4.87e-09 4.14e-08 2.70e-07 1.37e-06 5.48e-06 1.76e-05 4.59e-05 1.00e-04 1.88e-04 3.12e-04 4.68e-04 6.41e-04 8.11e-04 9.56e-04 1.05e-03 1.09e-03 1.05e-03 9.56e-04 8.11e-04 6.41e-04 4.68e-04 3.12e-04 1.88e-04 1.00e-04 4.59e-05 1.76e-05 5.48e-06 1.37e-06 2.70e-07 4.14e-08 4.87e-09 4.28e-10 2.72e-11 1.18e-12 3.12e-14 3.79e-16 0.00e+00 0.00e+00 0.00e+00 0.00e+00 0.00e+00 0.00e+00 0.00e+00 0.00e+00 0.00e+00 -0.00e+00 
-0.00e+00 0.00e+00 0.00e+00 0.00e+00 0.00e+00 0.00e+00 0.00e+00 0.00e+00 0.00e+00 3.61e-16 3.12e-14 1.24e-12 3.02e-11 5.02e-10 6.05e-09 5.48e-08 3.80e-07 2.06e-06 8.78e-06 2.99e-05 8.28e-05 1.90e-04 3.72e-04 6.41e-04 9.96e-04 1.42e-03 1.87e-03 2.30e-03 2.66e-03 2.90e-03 2.98e-03 2.90e-03 2.66e-03 2.30e-03 1.87e-03 1.42e-03 9.96e-04 6.41e-04 3.72e-04 1.90e-04 8.28e-05 2.99e-05 8.78e-06 2.06e-06 3.80e-07 5.48e-08 6.05e-09 5.02e-10 3.02e-11 1.24e-12 3.12e-14 3.61e-16 0.00e+00 0.00e+00 0.00e+00 0.00e+00 0.00e+00 0.00e+00 0.00e+00 0.00e+00 -0.00e+00 
-0.00e+00 0.00e+00 0.00e+00 0.00e+00 0.00e+00 0.00e+00 0.00e+00 0.00e+00 3.12e-16 2.82e-14 1.18e-12 3.01e-11 5.28e-10 6.73e-09 6.45e-08 4.76e-07 2.74e-06 1.24e-05 4.50e-05 1.32e-04 3.17e-04 6.45e-04 1.15e-03 1.84e-03 2.70e-03 3.68e-03 4.70e-03 5.66e-03 6.45e-03 6.97e-03 7.15e-03 6.97e-03 6.45e-03 5.66e-03 4.70e-03 3.68e-03 2.70e-03 1.84e-03 1.15e-03 6.45e-04 3.17e-04 1.32e-04 4.50e-05 1.24e-05 2.74e-06 4.76e-07 6.45e-08 6.73e-09 5.28e-10 3.01e-11 1.18e-12 2.82e-14 3.12e-16 0.00e+00 0.00e+00 0.00e+00 0.00e+00 0.00e+00 0.00e+00 0.00e+00 -0.00e+00 
-0.00e+00 0.00e+00 0.00e+00 0.00e+00 0.00e+00 0.00e+00 0.00e+00 2.44e-16 2.31e-14 1.01e-12 2.71e-11 4.99e-10 6.70e-09 6.79e-08 5.30e-07 3.23e-06 1.56e-05 5.98e-05 1.85e-04 4.66e-04 9.86e-04 1.81e-03 2.98e-03 4.50e-03 6.33e-03 8.36e-03 1.04e-02 1.24e-02 1.39e-02 1.49e-02 1.53e-02 1.49e-02 1.39e-02 1.24e-02 1.04e-02 8.36e-03 6.33e-03 4.50e-03 2.98e-03 1.81e-03 9.86e-04 4.66e-04 1.85e-04 5.98e-05 1.56e-05 3.23e-06 5.30e-07 6.79e-08 6.70e-09 4.99e-10 2.71e-11 1.01e-12 2.31e-14 2.44e-16 0.00e+00 0.00e+00 0.00e+00 0.00e+00 0.00e+00 0.00e+00 -0.00e+00 
-0.00e+00 0.00e+00 0.00e+00 0.00e+00 0.00e+00 0.00e+00 1.73e-16 1.70e-14 7.78e-13 2.19e-11 4.23e-10 5.97e-09 6.38e-08 5.26e-07 3.40e-06 1.73e-05 7.04e-05 2.29e-04 6.08e-04 1.34e-03 2.53e-03 4.27e-03 6.64e-03 9.63e-03 1.31e-02 1.70e-02 2.09e-02 2.44e-02 2.73e-02 2.91e-02 2.97e-02 2.91e-02 2.73e-02 2.44e-02 2.09e-02 1.70e-02 1.31e-02 9.63e-03 6.64e-03 4.27e-03 2.53e-03 1.34e-03 6.08e-04 2.29e-04 7.04e-05 1.73e-05 3.40e-06 5.26e-07 6.38e-08 5.97e-09 4.23e-10 2.19e-11 7.78e-13 1.70e-14 1.73e-16 0.00e+00 0.00e+00 0.00e+00 0.00e+00 0.00e+00 -0.00e+00 
-0.00e+00 0.00e+00 0.00e+00 0.00e+00 0.00e+00 1.11e-16 1.13e-14 5.40e-13 1.59e-11 3.21e-10 4.76e-09 5.35e-08 4.65e-07 3.17e-06 1.71e-05 7.35e-05 2.53e-04 7.04e-04 1.62e-03 3.15e-03 5.47e-03 8.75e-03 1.31e-02 1.85e-02 2.48e-02 3.16e-02 3.83e-02 4.43e-02 4.91e-02 5.22e-02 5.32e-02 5.22e-02 4.91e-02 4.43e-02 3.83e-02 3.16e-02 2.48e-02 1.85e-02 1.31e-02 8.75e-03 5.47e-03 3.15e-03 1.62e-03 7.04e-04 2.53e-04 7.35e-05 1.71e-05 3.17e-06 4.65e-07 5.35e-08 4.76e-09 3.21e-10 1.59e-11 5.40e-13 1.13e-14 1.11e-16 0.00e+00 0.00e+00 0.00e+00 0.00e+00 -0.00e+00 
-0.00e+00 0.00e+00 0.00e+00 0.00e+00 6.38e-17 6.80e-15 3.37e-13 1.03e-11 2.18e-10 3.39e-09 4.00e-08 3.65e-07 2.63e-06 1.50e-05 6.81e-05 2.48e-04 7.26e-04 1.74e-03 3.53e-03 6.32e-03 1.04e-02 1.62e-02 2.38e-02 3.29e-02 4.33e-02 5.42e-02 6.48e-02 7.42e-02 8.16e-02 8.62e-02 8.78e-02 8.62e-02 8.16e-02 7.42e-02 6.48e-02 5.42e-02 4.33e-02 3.29e-02 2.38e-02 1.62e-02 1.04e-02 6.32e-03 3.53e-03 1.74e-03 7.26e-04 2.48e-04 6.81e-05 1.50e-05 2.63e-06 3.65e-07 4.00e-08 3.39e-09 2.18e-10 1.03e-11 3.37e-13 6.80e-15 6.38e-17 0.00e+00 0.00e+00 0.00e+00 -0.00e+00 
-0.00e+00 0.00e+00 0.00e+00 3.31e-17 3.66e-15 1.88e-13 6.01e-12 1.33e-10 2.15e-09 2.66e-08 2.55e-07 1.93e-06 1.16e-05 5.58e-05 2.15e-04 6.66e-04 1.68e-03 3.56e-03 6.61e-03 1.13e-02 1.83e-02 2.78e-02 3.99e-02 5.43e-02 7.00e-02 8.60e-02 1.01e-01 1.14e-01 1.25e-01 1.31e-01 1.33e-01 1.31e-01 1.25e-01 1.14e-01 1.01e-01 8.60e-02 7.00e-02 5.43e-02 3.99e-02 2.78e-02 1.83e-02 1.13e-02 6.61e-03 3.56e-03 1.68e-03 6.66e-04 2.15e-04 5.58e-05 1.16e-05 1.93e-06 2.55e-07 2.66e-08 2.15e-09 1.33e-10 6.01e-12 1.88e-13 3.66e-15 3.31e-17 0.00e+00 0.00e+00 -0.00e+00 
-0.00e+00 0.00e+00 1.54e-17 1.76e-15 9.40e-14 3.11e-12 7.16e-11 1.21e-09 1.57e-08 1.58e-07 1.26e-06 7.98e-06 4.05e-05 1.65e-04 5.44e-04 1.45e-03 3.24e-03 6.29e-03 1.12e-02 1.88e-02 2.99e-02 4.44e-02 6.22e-02 8.25e-02 1.04e-01 1.25e-01 1.45e-01 1.62e-01 1.74e-01 1.82e-01 1.85e-01 1.82e-01 1.74e-01 1.62e-01 1.45e-01 1.25e-01 1.04e-01 8.25e-02 6.22e-02 4.44e-02 2.99e-02 1.88e-02 1.12e-02 6.29e-03 3.24e-03 1.45e-03 5.44e-04 1.65e-04 4.05e-05 7.98e-06 1.26e-06 1.58e-07 1.57e-08 1.21e-09 7.16e-11 3.11e-12 9.40e-14 1.76e-15 1.54e-17 0.00e+00 -0.00e+00 
-1.27e-17 1.27e-17 7.52e-16 4.17e-14 1.43e-12 3.43e-11 6.05e-10 8.17e-09 8.62e-08 7.22e-07 4.83e-06 2.60e-05 1.13e-04 3.94e-04 1.12e-03 2.66e-03 5.45e-03 1.01e-02 1.78e-02 2.94e-02 4.52e-02 6.54e-02 8.93e-02 1.16e-01 1.42e-01 1.68e-01 1.91e-01 2.10e-01 2.25e-01 2.33e-01 2.36e-01 2.33e-01 2.25e-01 2.10e-01 1.91e-01 1.68e-01 1.42e-01 1.16e-01 8.93e-02 6.54e-02 4.52e-02 2.94e-02 1.78e-02 1.01e-02 5.45e-03 2.66e-03 1.12e-03 3.94e-04 1.13e-04 2.60e-05 4.83e-06 7.22e-07 8.62e-08 8.17e-09 6.05e-10 3.43e-11 1.43e-12 4.17e-14 7.52e-16 6.35e-18 -6.35e-18 
-5.70e-16 5.70e-16 1.63e-14 5.81e-13 1.44e-11 2.65e-10 3.74e-09 4.14e-08 3.64e-07 2.57e-06 1.46e-05 6.75e-05 2.53e-04 7.73e-04 1.96e-03 4.28e-03 8.39e-03 1.53e-02 2.64e-02 4.23e-02 6.32e-02 8.91e-02 1.19e-01 1.50e-01 1.80e-01 2.08e-01 2.33e-01 2.53e-01 2.67e-01 2.76e-01 2.79e-01 2.76e-01 2.67e-01 2.53e-01 2.33e-01 2.08e-01 1.80e-01 1.50e-01 1.19e-01 8.91e-02 6.32e-02 4.23e-02 2.64e-02 1.53e-02 8.39e-03 4.28e-03 1.96e-03 7.73e-04 2.53e-04 6.75e-05 1.46e-05 2.57e-06 3.64e-07 4.14e-08 3.74e-09 2.65e-10 1.44e-11 5.81e-13 1.63e-14 2.83e-16 -2.83e-16 
-1.12e-14 1.12e-14 2.07e-13 5.33e-12 1.02e-10 1.50e-09 1.73e-08 1.60e-07 1.19e-06 7.22e-06 3.55e-05 1.43e-04 4.71e-04 1.29e-03 3.04e-03 6.32e-03 1.21e-02 2.17e-02 3.62e-02 5.63e-02 8.22e-02 1.13e-01 1.46e-01 1.80e-01 2.11e-01 2.39e-01 2.63e-01 2.82e-01 2.95e-01 3.03e-01 3.06e-01 3.03e-01 2.95e-01 2.82e-01 2.63e-01 2.39e-01 2.11e-01 1.80e-01 1.46e-01 1.13e-01 8.22e-02 5.63e-02 3.62e-02 2.17e-02 1.21e-02 6.32e-03 3.04e-03 1.29e-03 4.71e-04 1.43e-04 3.55e-05 7.22e-06 1.19e-06 1.60e-07 1.73e-08 1.50e-09 1.02e-10 5.33e-12 2.07e-13 5.51e-15 -5.51e-15 
-1.28e-13 1.28e-13 1.71e-12 3.39e-11 5.20e-10 6.30e-09 6.12e-08 4.82e-07 3.10e-06 1.63e-05 7.06e-05 2.53e-04 7.56e-04 1.92e-03 4.29e-03 8.66e-03 1.62e-02 2.83e-02 4.61e-02 7.01e-02 9.95e-02 1.33e-01 1.67e-01 2.01e-01 2.31e-01 2.57e-01 2.79e-01 2.96e-01 3.08e-01 3.16e-01 3.19e-01 3.16e-01 3.08e-01 2.96e-01 2.79e-01 2.57e-01 2.31e-01 2.01e-01 1.67e-01 1.33e-01 9.95e-02 7.01e-02 4.61e-02 2.83e-02 1.62e-02 8.66e-03 4.29e-03 1.92e-03 7.56e-04 2.53e-04 7.06e-05 1.63e-05 3.10e-06 4.82e-07 6.12e-08 6.30e-09 5.20e-10 3.39e-11 1.70e-12 6.22e-14 -6.22e-14 
-9.35e-13 9.35e-13 9.67e-12 1.54e-10 1.96e-09 2.00e-08 1.67e-07 1.14e-06 6.47e-06 3.03e-05 1.18e-04 3.88e-04 1.08e-03 2.60e-03 5.59e-03 1.10e-02 2.02e-02 3.45e-02 5.49e-02 8.11e-02 1.12e-01 1.46e-01 1.79e-01 2.10e-01 2.37e-01 2.61e-01 2.80e-01 2.97e-01 3.10e-01 3.19e-01 3.22e-01 3.19e-01 3.10e-01 2.97e-01 2.80e-01 2.61e-01 2.37e-01 2.10e-01 1.79e-01 1.46e-01 1.12e-01 8.11e-02 5.49e-02 3.45e-02 2.02e-02 1.10e-02 5.59e-03 2.60e-03 1.08e-03 3.88e-04 1.18e-04 3.03e-05 6.47e-06 1.14e-06 1.67e-07 2.00e-08 1.96e-09 1.54e-10 9.66e-12 4.51e-13 -4.51e-13 
-4.65e-12 4.65e-12 3.89e-11 5.16e-10 5.57e-09 4.93e-08 3.61e-07 2.20e-06 1.12e-05 4.78e-05 1.72e-04 5.26e-04 1.39e-03 3.22e-03 6.73e-03 1.30e-02 2.34e-02 3.91e-02 6.07e-02 8.76e-02 1.18e-01 1.50e-01 1.80e-01 2.07e-01 2.31e-01 2.53e-01 2.72e-01 2.91e-01 3.09e-01 3.21e-01 3.26e-01 3.21e-01 3.09e-01 2.91e-01 2.72e-01 2.53e-01 2.31e-01 2.07e-01 1.80e-01 1.50e-01 1.18e-01 8.76e-02 6.07e-02 3.91e-02 2.34e-02 1.30e-02 6.73e-03 3.22e-03 1.39e-03 5.26e-04 1.72e-04 4.78e-05 1.12e-05 2.20e-06 3.61e-07 4.93e-08 5.57e-09 5.16e-10 3.88e-11 2.22e-12 -2.22e-12 
-1.61e-11 1.61e-11 1.13e-10 1.29e-09 1.21e-08 9.54e-08 6.29e-07 3.49e-06 1.64e-05 6.51e-05 2.20e-04 6.41e-04 1.62e-03 3.66e-03 7.50e-03 1.43e-02 2.52e-02 4.12e-02 6.26e-02 8.84e-02 1.17e-01 1.45e-01 1.71e-01 1.94e-01 2.15e-01 2.37e-01 2.60e-01 2.85e-01 3.11e-01 3.32e-01 3.41e-01 3.32e-01 3.11e-01 2.85e-01 2.60e-01 2.37e-01 2.15e-01 1.94e-01 1.71e-01 1.45e-01 1.17e-01 8.84e-02 6.26e-02 4.12e-02 2.52e-02 1.43e-02 7.50e-03 3.66e-03 1.62e-03 6.41e-04 2.20e-04 6.51e-05 1.64e-05 3.49e-06 6.29e-07 9.54e-08 1.21e-08 1.29e-09 1.13e-10 7.61e-12 -7.61e-12 
-3.99e-11 3.99e-11 2.43e-10 2.44e-09 2.07e-08 1.48e-07 9.03e-07 4.67e-06 2.06e-05 7.75e-05 2.51e-04 7.01e-04 1.72e-03 3.80e-03 7.67e-03 1.44e-02 2.49e-02 4.01e-02 5.98e-02 8.28e-02 1.07e-01 1.31e-01 1.53e-01 1.72e-01 1.92e-01 2.15e-01 2.44e-01 2.81e-01 3.23e-01 3.62e-01 3.80e-01 3.62e-01 3.23e-01 2.81e-01 2.44e-01 2.15e-01 1.92e-01 1.72e-01 1.53e-01 1.31e-01 1.07e-01 8.28e-02 5.98e-02 4.01e-02 2.49e-02 1.44e-02 7.67e-03 3.80e-03 1.72e-03 7.01e-04 2.51e-04 7.75e-05 2.06e-05 4.67e-06 9.03e-07 1.48e-07 2.07e-08 2.44e-09 2.42e-10 1.86e-11 -1.86e-11 
-7.13e-11 7.13e-11 3.91e-10 3.57e-09 2.80e-08 1.88e-07 1.08e-06 5.28e-06 2.22e-05 8.04e-05 2.51e-04 6.83e-04 1.64e-03 3.56e-03 7.11e-03 1.31e-02 2.25e-02 3.57e-02 5.23e-02 7.14e-02 9.11e-02 1.10e-01 1.27e-01 1.44e-01 1.62e-01 1.88e-01 2.25e-01 2.77e-01 3.46e-01 4.20e-01 4.63e-01 4.20e-01 3.46e-01 2.77e-01 2.25e-01 1.88e-01 1.62e-01 1.44e-01 1.27e-01 1.10e-01 9.11e-02 7.14e-02 5.23e-02 3.57e-02 2.25e-02 1.31e-02 7.11e-03 3.56e-03 1.64e-03 6.83e-04 2.51e-04 8.04e-05 2.22e-05 5.28e-06 1.08e-06 1.88e-07 2.80e-08 3.57e-09 3.88e-10 3.29e-11 -3.29e-11 
-9.18e-11 9.18e-11 4.67e-10 4.01e-09 2.98e-08 1.90e-07 1.05e-06 4.94e-06 2.01e-05 7.07e-05 2.15e-04 5.75e-04 1.36e-03 2.92e-03 5.77e-03 1.06e-02 1.79e-02 2.81e-02 4.07e-02 5.48e-02 6.92e-02 8.27e-02 9.54e-02 1.09e-01 1.26e-01 1.52e-01 1.94e-01 2.63e-01 3.70e-01 5.17e-01 6.38e-01 5.17e-01 3.70e-01 2.63e-01 1.94e-01 1.52e-01 1.26e-01 1.09e-01 9.54e-02 8.27e-02 6.92e-02 5.48e-02 4.07e-02 2.81e-02 1.79e-02 1.06e-02 5.77e-03 2.92e-03 1.36e-03 5.75e-04 2.15e-04 7.07e-05 2.01e-05 4.94e-06 1.05e-06 1.90e-07 2.98e-08 4.01e-09 4.63e-10 4.20e-11 -4.20e-11 
-8.03e-11 8.03e-11 3.91e-10 3.22e-09 2.31e-08 1.43e-07 7.65e-07 3.53e-06 1.41e-05 4.86e-05 1.46e-04 3.84e-04 9.02e-04 1.92e-03 3.77e-03 6.85e-03 1.15e-02 1.79e-02 2.58e-02 3.45e-02 4.33e-02 5.14e-02 5.92e-02 6.82e-02 8.08e-02 1.02e-01 1.41e-01 2.15e-01 3.61e-01 6.43e-01 1.06e+00 6.43e-01 3.61e-01 2.15e-01 1.41e-01 1.02e-01 8.08e-02 6.82e-02 5.92e-02 5.14e-02 4.33e-02 3.45e-02 2.58e-02 1.79e-02 1.15e-02 6.85e-03 3.77e-03 1.92e-03 9.02e-04 3.84e-04 1.46e-04 4.86e-05 1.41e-05 3.53e-06 7.65e-07 1.43e-07 2.31e-08 3.22e-09 3.87e-10 3.66e-11 -3.66e-11 
-3.22e-11 3.22e-11 1.53e-10 1.24e-09 8.73e-09 5.33e-08 2.81e-07 1.28e-06 5.07e-06 1.73e-05 5.16e-05 1.35e-04 3.16e-04 6.70e-04 1.31e-03 2.37e-03 3.97e-03 6.17e-03 8.86e-03 1.18e-02 1.46e-02 1.74e-02 2.02e-02 2.33e-02 2.82e-02 3.69e-02 5.48e-02 9.75e-02 2.19e-01 6.37e-01 2.33e+00 6.37e-01 2.19e-01 9.75e-02 5.48e-02 3.69e-02 2.82e-02 2.33e-02 2.02e-02 1.74e-02 1.46e-02 1.18e-02 8.86e-03 6.17e-03 3.97e-03 2.37e-03 1.31e-03 6.70e-04 3.16e-04 1.35e-04 5.16e-05 1.73e-05 5.07e-06 1.28e-06 2.81e-07 5.33e-08 8.73e-09 1.24e-09 1.52e-10 1.46e-11 -1.46e-11 
3.22e-11 -3.22e-11 -1.53e-10 -1.24e-09 -8.73e-09 -5.33e-08 -2.81e-07 -1.28e-06 -5.07e-06 -1.73e-05 -5.16e-05 -1.35e-04 -3.16e-04 -6.70e-04 -1.31e-03 -2.37e-03 -3.97e-03 -6.17e-03 -8.86e-03 -1.18e-02 -1.46e-02 -1.74e-02 -2.02e-02 -2.33e-02 -2.82e-02 -3.69e-02 -5.48e-02 -9.75e-02 -2.19e-01 -6.37e-01 -2.33e+00 -6.37e-01 -2.19e-01 -9.75e-02 -5.48e-02 -3.69e-02 -2.82e-02 -2.33e-02 -2.02e-02 -1.74e-02 -1.46e-02 -1.18e-02 -8.86e-03 -6.17e-03 -3.97e-03 -2.37e-03 -1.31e-03 -6.70e-04 -3.16e-04 -1.35e-04 -5.16e-05 -1.73e-05 -5.07e-06 -1.28e-06 -2.81e-07 -5.33e-08 -8.73e-09 -1.24e-09 -1.52e-10 -1.46e-11 1.46e-11 
8.03e-11 -8.03e-11 -3.91e-10 -3.22e-09 -2.31e-08 -1.43e-07 -7.65e-07 -3.53e-06 -1.41e-05 -4.86e-05 -1.46e-04 -3.84e-04 -9.02e-04 -1.92e-03 -3.77e-03 -6.85e-03 -1.15e-02 -1.79e-02 -2.58e-02 -3.45e-02 -4.33e-02 -5.14e-02 -5.92e-02 -6.82e-02 -8.08e-02 -1.02e-01 -1.41e-01 -2.15e-01 -3.61e-01 -6.43e-01 -1.06e+00 -6.43e-01 -3.61e-01 -2.15e-01 -1.41e-01 -1.02e-01 -8.08e-02 -6.82e-02 -5.92e-02 -5.14e-02 -4.33e-02 -3.45e-02 -2.58e-02 -1.79e-02 -1.15e-02 -6.85e-03 -3.77e-03 -1.92e-03 -9.02e-04 -3.84e-04 -1.46e-04 -4.86e-05 -1.41e-05 -3.53e-06 -7.65e-07 -1.43e-07 -2.31e-08 -3.22e-09 -3.87e-10 -3.66e-11 3.66e-11 
9.18e-11 -9.18e-11 -4.67e-10 -4.01e-09 -2.98e-08 -1.90e-07 -1.05e-06 -4.94e-06 -2.01e-05 -7.07e-05 -2.15e-04 -5.75e-04 -1.36e-03 -2.92e-03 -5.77e-03 -1.06e-02 -1.79e-02 -2.81e-02 -4.07e-02 -5.48e-02 -6.92e-02 -8.27e-02 -9.54e-02 -1.09e-01 -1.26e-01 -1.52e-01 -1.94e-01 -2.63e-01 -3.70e-01 -5.17e-01 -6.38e-01 -5.17e-01 -3.70e-01 -2.63e-01 -1.94e-01 -1.52e-01 -1.26e-01 -1.09e-01 -9.54e-02 -8.27e-02 -6.92e-02 -5.48e-02 -4.07e-02 -2.81e-02 -1.79e-02 -1.06e-02 -5.77e-03 -2.92e-03 -1.36e-03 -5.75e-04 -2.15e-04 -7.07e-05 -2.01e-05 -4.94e-06 -1.05e-06 -1.90e-07 -2.98e-08 -4.01e-09 -4.63e-10 -4.20e-11 4.20e-11 
7.13e-11 -7.13e-11 -3.91e-10 -3.57e-09 -2.80e-08 -1.88e-07 -1.08e-06 -5.28e-06 -2.22e-05 -8.04e-05 -2.51e-04 -6.83e-04 -1.64e-03 -3.56e-03 -7.11e-03 -1.31e-02 -2.25e-02 -3.57e-02 -5.23e-02 -7.14e-02 -9.11e-02 -1.10e-01 -1.27e-01 -1.44e-01 -1.62e-01 -1.88e-01 -2.25e-01 -2.77e-01 -3.46e-01 -4.20e-01 -4.63e-01 -4.20e-01 -3.46e-01 -2.77e-01 -2.25e-01 -1.88e-01 -1.62e-01 -1.44e-01 -1.27e-01 -1.10e-01 -9.11e-02 -7.14e-02 -5.23e-02 -3.57e-02 -2.25e-02 -1.31e-02 -7.11e-03 -3.56e-03 -1.64e-03 -6.83e-04 -2.51e-04 -8.04e-05 -2.22e-05 -5.28e-06 -1.08e-06 -1.88e-07 -2.80e-08 -3.57e-09 -3.88e-10 -3.29e-11 3.29e-11 
3.99e-11 -3.99e-11 -2.43e-10 -2.44e-09 -2.07e-08 -1.48e-07 -9.03e-07 -4.67e-06 -2.06e-05 -7.75e-05 -2.51e-04 -7.01e-04 -1.72e-03 -3.80e-03 -7.67e-03 -1.44e-02 -2.49e-02 -4.01e-02 -5.98e-02 -8.28e-02 -1.07e-01 -1.31e-01 -1.53e-01 -1.72e-01 -1.92e-01 -2.15e-01 -2.44e-01 -2.81e-01 -3.23e-01 -3.62e-01 -3.80e-01 -3.62e-01 -3.23e-01 -2.81e-01 -2.44e-01 -2.15e-01 -1.92e-01 -1.72e-01 -1.53e-01 -1.31e-01 -1.07e-01 -8.28e-02 -5.98e-02 -4.01e-02 -2.49e-02 -1.44e-02 -7.67e-03 -3.80e-03 -1.72e-03 -7.01e-04 -2.51e-04 -7.75e-05 -2.06e-05 -4.67e-06 -9.03e-07 -1.48e-07 -2.07e-08 -2.44e-09 -2.42e-10 -1.86e-11 1.86e-11 
1.61e-11 -1.61e-11 -1.13e-10 -1.29e-09 -1.21e-08 -9.54e-08 -6.29e-07 -3.49e-06 -1.64e-05 -6.51e-05 -2.20e-04 -6.41e-04 -1.62e-03 -3.66e-03 -7.50e-03 -1.43e-02 -2.52e-02 -4.12e-02 -6.26e-02 -8.84e-02 -1.17e-01 -1.45e-01 -1.71e-01 -1.94e-01 -2.15e-01 -2.37e-01 -2.60e-01 -2.85e-01 -3.11e-01 -3.32e-01 -3.41e-01 -3.32e-01 -3.11e-01 -2.85e-01 -2.60e-01 -2.37e-01 -2.15e-01 -1.94e-01 -1.71e-01 -1.45e-01 -1.17e-01 -8.84e-02 -6.26e-02 -4.12e-02 -2.52e-02 -1.43e-02 -7.50e-03 -3.66e-03 -1.62e-03 -6.41e-04 -2.20e-04 -6.51e-05 -1.64e-05 -3.49e-06 -6.29e-07 -9.54e-08 -1.21e-08 -1.29e-09 -1.13e-10 -7.61e-12 7.61e-12 
4.65e-12 -4.65e-12 -3.89e-11 -5.16e-10 -5.57e-09 -4.93e-08 -3.61e-07 -2.20e-06 -1.12e-05 -4.78e-05 -1.72e-04 -5.26e-04 -1.39e-03 -3.22e-03 -6.73e-03 -1.30e-02 -2.34e-02 -3.91e-02 -6.07e-02 -8.76e-02 -1.18e-01 -1.50e-01 -1.80e-01 -2.07e-01 -2.31e-01 -2.53e-01 -2.72e-01 -2.91e-01 -3.09e-01 -3.21e-01 -3.26e-01 -3.21e-01 -3.09e-01 -2.91e-01 -2.72e-01 -2.53e-01 -2.31e-01 -2.07e-01 -1.80e-01 -1.50e-01 -1.18e-01 -8.76e-02 -6.07e-02 -3.91e-02 -2.34e-02 -1.30e-02 -6.73e-03 -3.22e-03 -1.39e-03 -5.26e-04 -1.72e-04 -4.78e-05 -1.12e-05 -2.20e-06 -3.61e-07 -4.93e-08 -5.57e-09 -5.16e-10 -3.88e-11 -2.22e-12 2.22e-12 
9.35e-13 -9.35e-13 -9.67e-12 -1.54e-10 -1.96e-09 -2.00e-08 -1.67e-07 -1.14e-06 -6.47e-06 -3.03e-05 -1.18e-04 -3.88e-04 -1.08e-03 -2.60e-03 -5.59e-03 -1.10e-02 -2.02e-02 -3.45e-02 -5.49e-02 -8.11e-02 -1.12e-01 -1.46e-01 -1.79e-01 -2.10e-01 -2.37e-01 -2.61e-01 -2.80e-01 -2.97e-01 -3.10e-01 -3.19e-01 -3.22e-01 -3.19e-01 -3.10e-01 -2.97e-01 -2.80e-01 -2.61e-01 -2.37e-01 -2.10e-01 -1.79e-01 -1.46e-01 -1.12e-01 -8.11e-02 -5.49e-02 -3.45e-02 -2.02e-02 -1.10e-02 -5.59e-03 -2.60e-03 -1.08e-03 -3.88e-04 -1.18e-04 -3.03e-05 -6.47e-06 -1.14e-06 -1.67e-07 -2.00e-08 -1.96e-09 -1.54e-10 -9.66e-12 -4.51e-13 4.51e-13 
1.28e-13 -1.28e-13 -1.71e-12 -3.39e-11 -5.20e-10 -6.30e-09 -6.12e-08 -4.82e-07 -3.10e-06 -1.63e-05 -7.06e-05 -2.53e-04 -7.56e-04 -1.92e-03 -4.29e-03 -8.66e-03 -1.62e-02 -2.83e-02 -4.61e-02 -7.01e-02 -9.95e-02 -1.33e-01 -1.67e-01 -2.01e-01 -2.31e-01 -2.57e-01 -2.79e-01 -2.96e-01 -3.08e-01 -3.16e-01 -3.19e-01 -3.16e-01 -3.08e-01 -2.96e-01 -2.79e-01 -2.57e-01 -2.31e-01 -2.01e-01 -1.67e-01 -1.33e-01 -9.95e-02 -7.01e-02 -4.61e-02 -2.83e-02 -1.62e-02 -8.66e-03 -4.29e-03 -1.92e-03 -7.56e-04 -2.53e-04 -7.06e-05 -1.63e-05 -3.10e-06 -4.82e-07 -6.12e-08 -6.30e-09 -5.20e-10 -3.39e-11 -1.70e-12 -6.22e-14 6.22e-14 
1.12e-14 -1.12e-14 -2.07e-13 -5.33e-12 -1.02e-10 -1.50e-09 -1.73e-08 -1.60e-07 -1.19e-06 -7.22e-06 -3.55e-05 -1.43e-04 -4.71e-04 -1.29e-03 -3.04e-03 -6.32e-03 -1.21e-02 -2.17e-02 -3.62e-02 -5.63e-02 -8.22e-02 -1.13e-01 -1.46e-01 -1.80e-01 -2.11e-01 -2.39e-01 -2.63e-01 -2.82e-01 -2.95e-01 -3.03e-01 -3.06e-01 -3.03e-01 -2.95e-01 -2.82e-01 -2.63e-01 -2.39e-01 -2.11e-01 -1.80e-01 -1.46e-01 -1.13e-01 -8.22e-02 -5.63e-02 -3.62e-02 -2.17e-02 -1.21e-02 -6.32e-03 -3.04e-03 -1.29e-03 -4.71e-04 -1.43e-04 -3.55e-05 -7.22e-06 -1.19e-06 -1.60e-07 -1.73e-08 -1.50e-09 -1.02e-10 -5.33e-12 -2.07e-13 -5.51e-15 5.51e-15 
5.70e-16 -5.70e-16 -1.63e-14 -5.81e-13 -1.44e-11 -2.65e-10 -3.74e-09 -4.14e-08 -3.64e-07 -2.57e-06 -1.46e-05 -6.75e-05 -2.53e-04 -7.73e-04 -1.96e-03 -4.28e-03 -8.39e-03 -1.53e-02 -2.64e-02 -4.23e-02 -6.32e-02 -8.91e-02 -1.19e-01 -1.50e-01 -1.80e-01 -2.08e-01 -2.33e-01 -2.53e-01 -2.67e-01 -2.76e-01 -2.79e-01 -2.76e-01 -2.67e-01 -2.53e-01 -2.33e-01 -2.08e-01 -1.80e-01 -1.50e-01 -1.19e-01 -8.91e-02 -6.32e-02 -4.23e-02 -2.64e-02 -1.53e-02 -8.39e-03 -4.28e-03 -1.96e-03 -7.73e-04 -2.53e-04 -6.75e-05 -1.46e-05 -2.57e-06 -3.64e-07 -4.14e-08 -3.74e-09 -2.65e-10 -1.44e-11 -5.81e-13 -1.63e-14 -2.83e-16 2.83e-16 
1.27e-17 -1.27e-17 -7.52e-16 -4.17e-14 -1.43e-12 -3.43e-11 -6.05e-10 -8.17e-09 -8.62e-08 -7.22e-07 -4.83e-06 -2.60e-05 -1.13e-04 -3.94e-04 -1.12e-03 -2.66e-03 -5.45e-03 -1.01e-02 -1.78e-02 -2.94e-02 -4.52e-02 -6.54e-02 -8.93e-02 -1.16e-01 -1.42e-01 -1.68e-01 -1.91e-01 -2.10e-01 -2.25e-01 -2.33e-01 -2.36e-01 -2.33e-01 -2.25e-01 -2.10e-01 -1.91e-01 -1.68e-01 -1.42e-01 -1.16e-01 -8.93e-02 -6.54e-02 -4.52e-02 -2.94e-02 -1.78e-02 -1.01e-02 -5.45e-03 -2.66e-03 -1.12e-03 -3.94e-04 -1.13e-04 -2.60e-05 -4.83e-06 -7.22e-07 -8.62e-08 -8.17e-09 -6.05e-10 -3.43e-11 -1.43e-12 -4.17e-14 -7.52e-16 -6.35e-18 6.35e-18 
-0.00e+00 0.00e+00 -1.54e-17 -1.76e-15 -9.40e-14 -3.11e-12 -7.16e-11 -1.21e-09 -1.57e-08 -1.58e-07 -1.26e-06 -7.98e-06 -4.05e-05 -1.65e-04 -5.44e-04 -1.45e-03 -3.24e-03 -6.29e-03 -1.12e-02 -1.88e-02 -2.99e-02 -4.44e-02 -6.22e-02 -8.25e-02 -1.04e-01 -1.25e-01 -1.45e-01 -1.62e-01 -1.74e-01 -1.82e-01 -1.85e-01 -1.82e-01 -1.74e-01 -1.62e-01 -1.45e-01 -1.25e-01 -1.04e-01 -8.25e-02 -6.22e-02 -4.44e-02 -2.99e-02 -1.88e-02 -1.12e-02 -6.29e-03 -3.24e-03 -1.45e-03 -5.44e-04 -1.65e-04 -4.05e-05 -7.98e-06 -1.26e-06 -1.58e-07 -1.57e-08 -1.21e-09 -7.16e-11 -3.11e-12 -9.40e-14 -1.76e-15 -1.54e-17 0.00e+00 -0.00e+00 
-0.00e+00 0.00e+00 0.00e+00 -3.31e-17 -3.66e-15 -1.88e-13 -6.01e-12 -1.33e-10 -2.15e-09 -2.66e-08 -2.55e-07 -1.93e-06 -1.16e-05 -5.58e-05 -2.15e-04 -6.66e-04 -1.68e-03 -3.56e-03 -6.61e-03 -1.13e-02 -1.83e-02 -2.78e-02 -3.99e-02 -5.43e-02 -7.00e-02 -8.60e-02 -1.01e-01 -1.14e-01 -1.25e-01 -1.31e-01 -1.33e-01 -1.31e-01 -1.25e-01 -1.14e-01 -1.01e-01 -8.60e-02 -7.00e-02 -5.43e-02 -3.99e-02 -2.78e-02 -1.83e-02 -1.13e-02 -6.61e-03 -3.56e-03 -1.68e-03 -6.66e-04 -2.15e-04 -5.58e-05 -1.16e-05 -1.93e-06 -2.55e-07 -2.66e-08 -2.15e-09 -1.33e-10 -6.01e-12 -1.88e-13 -3.66e-15 -3.31e-17 0.00e+00 0.00e+00 -0.00e+00 
-0.00e+00 0.00e+00 0.00e+00 0.00e+00 -6.38e-17 -6.80e-15 -3.37e-13 -1.03e-11 -2.18e-10 -3.39e-09 -4.00e-08 -3.65e-07 -2.63e-06 -1.50e-05 -6.81e-05 -2.48e-04 -7.26e-04 -1.74e-03 -3.53e-03 -6.32e-03 -1.04e-02 -1.62e-02 -2.38e-02 -3.29e-02 -4.33e-02 -5.42e-02 -6.48e-02 -7.42e-02 -8.16e-02 -8.62e-02 -8.78e-02 -8.62e-02 -8.16e-02 -7.42e-02 -6.48e-02 -5.42e-02 -4.33e-02 -3.29e-02 -2.38e-02 -1.62e-02 -1.04e-02 -6.32e-03 -3.53e-03 -1.74e-03 -7.26e-04 -2.48e-04 -6.81e-05 -1.50e-05 -2.63e-06 -3.65e-07 -4.00e-08 -3.39e-09 -2.18e-10 -1.03e-11 -3.37e-13 -6.80e-15 -6.38e-17 0.00e+00 0.00e+00 0.00e+00 -0.00e+00 
-0.00e+00 0.00e+00 0.00e+00 0.00e+00 0.00e+00 -1.11e-16 -1.13e-14 -5.40e-13 -1.59e-11 -3.21e-10 -4.76e-09 -5.35e-08 -4.65e-07 -3.17e-06 -1.71e-05 -7.35e-05 -2.53e-04 -7.04e-04 -1.62e-03 -3.15e-03 -5.47e-03 -8.75e-03 -1.31e-02 -1.85e-02 -2.48e-02 -3.16e-02 -3.83e-02 -4.43e-02 -4.91e-02 -5.22e-02 -5.32e-02 -5.22e-02 -4.91e-02 -4.43e-02 -3.83e-02 -3.16e-02 -2.48e-02 -1.85e-02 -1.31e-02 -8.75e-03 -5.47e-03 -3.15e-03 -1.62e-03 -7.04e-04 -2.53e-04 -7.35e-05 -1.71e-05 -3.17e-06 -4.65e-07 -5.35e-08 -4.76e-09 -3.21e-10 -1.59e-11 -5.40e-13 -1.13e-14 -1.11e-16 0.00e+00 0.00e+00 0.00e+00 0.00e+00 -0.00e+00 
-0.00e+00 0.00e+00 0.00e+00 0.00e+00 0.00e+00 0.00e+00 -1.73e-16 -1.70e-14 -7.78e-13 -2.19e-11 -4.23e-10 -5.97e-09 -6.38e-08 -5.26e-07 -3.40e-06 -1.73e-05 -7.04e-05 -2.29e-04 -6.08e-04 -1.34e-03 -2.53e-03 -4.27e-03 -6.64e-03 -9.63e-03 -1.31e-02 -1.70e-02 -2.09e-02 -2.44e-02 -2.73e-02 -2.91e-02 -2.97e-02 -2.91e-02 -2.73e-02 -2.44e-02 -2.09e-02 -1.70e-02 -1.31e-02 -9.63e-03 -6.64e-03 -4.27e-03 -2.53e-03 -1.34e-03 -6.08e-04 -2.29e-04 -7.04e-05 -1.73e-05 -3.40e-06 -5.26e-07 -6.38e-08 -5.97e-09 -4.23e-10 -2.19e-11 -7.78e-13 -1.70e-14 -1.73e-16 0.00e+00 0.00e+00 0.00e+00 0.00e+00 0.00e+00 -0.00e+00 
-0.00e+00 0.00e+00 0.00e+00 0.00e+00 0.00e+00 0.00e+00 0.00e+00 -2.44e-16 -2.31e-14 -1.01e-12 -2.71e-11 -4.99e-10 -6.70e-09 -6.79e-08 -5.30e-07 -3.23e-06 -1.56e-05 -5.98e-05 -1.85e-04 -4.66e-04 -9.86e-04 -1.81e-03 -2.98e-03 -4.50e-03 -6.33e-03 -8.36e-03 -1.04e-02 -1.24e-02 -1.39e-02 -1.49e-02 -1.53e-02 -1.49e-02 -1.39e-02 -1.24e-02 -1.04e-02 -8.36e-03 -6.33e-03 -4.50e-03 -2.98e-03 -1.81e-03 -9.86e-04 -4.66e-04 -1.85e-04 -5.98e-05 -1.56e-05 -3.23e-06 -5.30e-07 -6.79e-08 -6.70e-09 -4.99e-10 -2.71e-11 -1.01e-12 -2.31e-14 -2.44e-16 0.00e+00 0.00e+00 0.00e+00 0.00e+00 0.00e+00 0.00e+00 -0.00e+00 
-0.00e+00 0.00e+00 0.00e+00 0.00e+00 0.00e+00 0.00e+00 0.00e+00 0.00e+00 -3.12e-16 -2.82e-14 -1.18e-12 -3.01e-11 -5.28e-10 -6.73e-09 -6.45e-08 -4.76e-07 -2.74e-06 -1.24e-05 -4.50e-05 -1.32e-04 -3.17e-04 -6.45e-04 -1.15e-03 -1.84e-03 -2.70e-03 -3.68e-03 -4.70e-03 -5.66e-03 -6.45e-03 -6.97e-03 -7.15e-03 -6.97e-03 -6.45e-03 -5.66e-03 -4.70e-03 -3.68e-03 -2.70e-03 -1.84e-03 -1.15e-03 -6.45e-04 -3.17e-04 -1.32e-04 -4.50e-05 -1.24e-05 -2.74e-06 -4.76e-07 -6.45e-08 -6.73e-09 -5.28e-10 -3.01e-11 -1.18e-12 -2.82e-14 -3.12e-16 0.00e+00 0.00e+00 0.00e+00 0.00e+00 0.00e+00 0.00e+00 0.00e+00 -0.00e+00 
-0.00e+00 0.00e+00 0.00e+00 0.00e+00 0.00e+00 0.00e+00 0.00e+00 0.00e+00 0.00e+00 -3.61e-16 -3.12e-14 -1.24e-12 -3.02e-11 -5.02e-10 -6.05e-09 -5.48e-08 -3.80e-07 -2.06e-06 -8.78e-06 -2.99e-05 -8.28e-05 -1.90e-04 -3.72e-04 -6.41e-04 -9.96e-04 -1.42e-03 -1.87e-03 -2.30e-03 -2.66e-03 -2.90e-03 -2.98e-03 -2.90e-03 -2.66e-03 -2.30e-03 -1.87e-03 -1.42e-03 -9.96e-04 -6.41e-04 -3.72e-04 -1.90e-04 -8.28e-05 -2.99e-05 -8.78e-06 -2.06e-06 -3.80e-07 -5.48e-08 -6.05e-09 -5.02e-10 -3.02e-11 -1.24e-12 -3.12e-14 -3.61e-16 0.00e+00 0.00e+00 0.00e+00 0.00e+00 0.00e+00 0.00e+00 0.00e+00 0.00e+00 -0.00e+00 
-0.00e+00 0.00e+00 0.00e+00 0.00e+00 0.00e+00 0.00e+00 0.00e+00 0.00e+00 0.00e+00 0.00e+00 -3.79e-16 -3.12e-14 -1.18e-12 -2.72e-11 -4.28e-10 -4.87e-09 -4.14e-08 -2.70e-07 -1.37e-06 -5.48e-06 -1.76e-05 -4.59e-05 -1.00e-04 -1.88e-04 -3.12e-04 -4.68e-04 -6.41e-04 -8.11e-04 -9.56e-04 -1.05e-03 -1.09e-03 -1.05e-03 -9.56e-04 -8.11e-04 -6.41e-04 -4.68e-04 -3.12e-04 -1.88e-04 -1.00e-04 -4.59e-05 -1.76e-05 -5.48e-06 -1.37e-06 -2.70e-07 -4.14e-08 -4.87e-09 -4.28e-10 -2.72e-11 -1.18e-12 -3.12e-14 -3.79e-16 0.00e+00 0.00e+00 0.00e+00 0.00e+00 0.00e+00 0.00e+00 0.00e+00 0.00e+00 0.00e+00 -0.00e+00 
-0.00e+00 0.00e+00 0.00e+00 0.00e+00 0.00e+00 0.00e+00 0.00e+00 0.00e+00 0.00e+00 0.00e+00 0.00e+00 -3.61e-16 -2.83e-14 -1.01e-12 -2.21e-11 -3.28e-10 -3.50e-09 -2.79e-08 -1.70e-07 -8.06e-07 -3.01e-06 -9.04e-06 -2.22e-05 -4.61e-05 -8.27e-05 -1.31e-04 -1.88e-04 -2.47e-04 -2.97e-04 -3.32e-04 -3.44e-04 -3.32e-04 -2.97e-04 -2.47e-04 -1.88e-04 -1.31e-04 -8.27e-05 -4.61e-05 -2.22e-05 -9.04e-06 -3.01e-06 -8.06e-07 -1.70e-07 -2.79e-08 -3.50e-09 -3.28e-10 -2.21e-11 -1.01e-12 -2.83e-14 -3.61e-16 0.00e+00 0.00e+00 0.00e+00 0.00e+00 0.00e+00 0.00e+00 0.00e+00 0.00e+00 0.00e+00 0.00e+00 -0.00e+00 
-0.00e+00 0.00e+00 0.00e+00 0.00e+00 0.00e+00 0.00e+00 0.00e+00 0.00e+00 0.00e+00 0.00e+00 0.00e+00 0.00e+00 -3.12e-16 -2.31e-14 -7.84e-13 -1.61e-11 -2.24e-10 -2.24e-09 -1.67e-08 -9.48e-08 -4.17e-07 -1.45e-06 -4.07e-06 -9.39e-06 -1.84e-05 -3.13e-05 -4.72e-05 -6.41e-05 -7.93e-05 -8.99e-05 -9.37e-05 -8.99e-05 -7.93e-05 -6.41e-05 -4.72e-05 -3.13e-05 -1.84e-05 -9.39e-06 -4.07e-06 -1.45e-06 -4.17e-07 -9.48e-08 -1.67e-08 -2.24e-09 -2.24e-10 -1.61e-11 -7.84e-13 -2.31e-14 -3.12e-16 0.00e+00 0.00e+00 0.00e+00 0.00e+00 0.00e+00 0.00e+00 0.00e+00 0.00e+00 0.00e+00 0.00e+00 0.00e+00 -0.00e+00 
-0.00e+00 0.00e+00 0.00e+00 0.00e+00 0.00e+00 0.00e+00 0.00e+00 0.00e+00 0.00e+00 0.00e+00 0.00e+00 0.00e+00 0.00e+00 -2.44e-16 -1.71e-14 -5.46e-13 -1.05e-11 -1.37e-10 -1.28e-09 -8.84e-09 -4.65e-08 -1.89e-07 -6.10e-07 -1.59e-06 -3.42e-06 -6.29e-06 -1.01e-05 -1.43e-05 -1.82e-05 -2.09e-05 -2.19e-05 -2.09e-05 -1.82e-05 -1.43e-05 -1.01e-05 -6.29e-06 -3.42e-06 -1.59e-06 -6.10e-07 -1.89e-07 -4.65e-08 -8.84e-09 -1.28e-09 -1.37e-10 -1.05e-11 -5.46e-13 -1.71e-14 -2.44e-16 0.00e+00 0.00e+00 0.00e+00 0.00e+00 0.00e+00 0.00e+00 0.00e+00 0.00e+00 0.00e+00 0.00e+00 0.00e+00 0.00e+00 -0.00e+00 
-0.00e+00 0.00e+00 0.00e+00 0.00e+00 0.00e+00 0.00e+00 0.00e+00 0.00e+00 0.00e+00 0.00e+00 0.00e+00 0.00e+00 0.00e+00 0.00e+00 -1.73e-16 -1.14e-14 -3.42e-13 -6.16e-12 -7.46e-11 -6.45e-10 -4.12e-09 -2.00e-08 -7.49e-08 -2.22e-07 -5.33e-07 -1.07e-06 -1.82e-06 -2.71e-06 -3.57e-06 -4.19e-06 -4.42e-06 -4.19e-06 -3.57e-06 -2.71e-06 -1.82e-06 -1.07e-06 -5.33e-07 -2.22e-07 -7.49e-08 -2.00e-08 -4.12e-09 -6.45e-10 -7.46e-11 -6.16e-12 -3.42e-13 -1.14e-14 -1.73e-16 0.00e+00 0.00e+00 0.00e+00 0.00e+00 0.00e+00 0.00e+00 0.00e+00 0.00e+00 0.00e+00 0.00e+00 0.00e+00 0.00e+00 0.00e+00 -0.00e+00 
-0.00e+00 0.00e+00 0.00e+00 0.00e+00 0.00e+00 0.00e+00 0.00e+00 0.00e+00 0.00e+00 0.00e+00 0.00e+00 0.00e+00 0.00e+00 0.00e+00 0.00e+00 -1.11e-16 -6.85e-15 -1.92e-13 -3.21e-12 -3.60e-11 -2.87e-10 -1.68e-09 -7.46e-09 -2.55e-08 -6.92e-08 -1.52e-07 -2.80e-07 -4.40e-07 -6.01e-07 -7.20e-07 -7.65e-07 -7.20e-07 -6.01e-07 -4.40e-07 -2.80e-07 -1.52e-07 -6.92e-08 -2.55e-08 -7.46e-09 -1.68e-09 -2.87e-10 -3.60e-11 -3.21e-12 -1.92e-13 -6.85e-15 -1.11e-16 0.00e+00 0.00e+00 0.00e+00 0.00e+00 0.00e+00 0.00e+00 0.00e+00 0.00e+00 0.00e+00 0.00e+00 0.00e+00 0.00e+00 0.00e+00 0.00e+00 -0.00e+00 
-0.00e+00 0.00e+00 0.00e+00 0.00e+00 0.00e+00 0.00e+00 0.00e+00 0.00e+00 0.00e+00 0.00e+00 0.00e+00 0.00e+00 0.00e+00 0.00e+00 0.00e+00 0.00e+00 -6.38e-17 -3.69e-15 -9.59e-14 -1.49e-12 -1.53e-11 -1.12e-10 -5.98e-10 -2.40e-09 -7.45e-09 -1.83e-08 -3.66e-08 -6.10e-08 -8.68e-08 -1.07e-07 -1.14e-07 -1.07e-07 -8.68e-08 -6.10e-08 -3.66e-08 -1.83e-08 -7.45e-09 -2.40e-09 -5.98e-10 -1.12e-10 -1.53e-11 -1.49e-12 -9.59e-14 -3.69e-15 -6.38e-17 0.00e+00 0.00e+00 0.00e+00 0.00e+00 0.00e+00 0.00e+00 0.00e+00 0.00e+00 0.00e+00 0.00e+00 0.00e+00 0.00e+00 0.00e+00 0.00e+00 0.00e+00 -0.00e+00 
-0.00e+00 0.00e+00 0.00e+00 0.00e+00 0.00e+00 0.00e+00 0.00e+00 0.00e+00 0.00e+00 0.00e+00 0.00e+00 0.00e+00 0.00e+00 0.00e+00 0.00e+00 0.00e+00 0.00e+00 -3.31e-17 -1.78e-15 -4.27e-14 -6.08e-13 -5.73e-12 -3.79e-11 -1.83e-10 -6.60e-10 -1.83e-09 -4.03e-09 -7.22e-09 -1.08e-08 -1.36e-08 -1.47e-08 -1.36e-08 -1.08e-08 -7.22e-09 -4.03e-09 -1.83e-09 -6.60e-10 -1.83e-10 -3.79e-11 -5.73e-12 -6.08e-13 -4.27e-14 -1.78e-15 -3.31e-17 0.00e+00 0.00e+00 0.00e+00 0.00e+00 0.00e+00 0.00e+00 0.00e+00 0.00e+00 0.00e+00 0.00e+00 0.00e+00 0.00e+00 0.00e+00 0.00e+00 0.00e+00 0.00e+00 -0.00e+00 
-0.00e+00 0.00e+00 0.00e+00 0.00e+00 0.00e+00 0.00e+00 0.00e+00 0.00e+00 0.00e+00 0.00e+00 0.00e+00 0.00e+00 0.00e+00 0.00e+00 0.00e+00 0.00e+00 0.00e+00 0.00e+00 -1.54e-17 -7.61e-16 -1.68e-14 -2.18e-13 -1.86e-12 -1.11e-11 -4.76e-11 -1.53e-10 -3.76e-10 -7.31e-10 -1.15e-09 -1.50e-09 -1.64e-09 -1.50e-09 -1.15e-09 -7.31e-10 -3.76e-10 -1.53e-10 -4.76e-11 -1.11e-11 -1.86e-12 -2.18e-13 -1.68e-14 -7.61e-16 -1.54e-17 0.00e+00 0.00e+00 0.00e+00 0.00e+00 0.00e+00 0.00e+00 0.00e+00 0.00e+00 0.00e+00 0.00e+00 0.00e+00 0.00e+00 0.00e+00 0.00e+00 0.00e+00 0.00e+00 0.00e+00 -0.00e+00 
-0.00e+00 0.00e+00 0.00e+00 0.00e+00 0.00e+00 0.00e+00 0.00e+00 0.00e+00 0.00e+00 0.00e+00 0.00e+00 0.00e+00 0.00e+00 0.00e+00 0.00e+00 0.00e+00 0.00e+00 0.00e+00 0.00e+00 -1.27e-17 -5.78e-16 -1.16e-14 -1.36e-13 -1.04e-12 -5.47e-12 -2.07e-11 -5.79e-11 -1.24e-10 -2.08e-10 -2.81e-10 -3.10e-10 -2.81e-10 -2.08e-10 -1.24e-10 -5.79e-11 -2.07e-11 -5.47e-12 -1.04e-12 -1.36e-13 -1.16e-14 -5.78e-16 -1.27e-17 0.00e+00 0.00e+00 0.00e+00 0.00e+00 0.00e+00 0.00e+00 0.00e+00 0.00e+00 0.00e+00 0.00e+00 0.00e+00 0.00e+00 0.00e+00 0.00e+00 0.00e+00 0.00e+00 0.00e+00 0.00e+00 -0.00e+00 
0.00e+00 -0.00e+00 -0.00e+00 -0.00e+00 -0.00e+00 -0.00e+00 -0.00e+00 -0.00e+00 -0.00e+00 -0.00e+00 -0.00e+00 -0.00e+00 -0.00e+00 -0.00e+00 -0.00e+00 -0.00e+00 -0.00e+00 -0.00e+00 -0.00e+00 1.27e-17 5.78e-16 1.16e-14 1.36e-13 1.04e-12 5.47e-12 2.07e-11 5.79e-11 1.24e-10 2.08e-10 2.81e-10 3.10e-10 2.81e-10 2.08e-10 1.24e-10 5.79e-11 2.07e-11 5.47e-12 1.04e-12 1.36e-13 1.16e-14 5.78e-16 1.27e-17 -0.00e+00 -0.00e+00 -0.00e+00 -0.00e+00 -0.00e+00 -0.00e+00 -0.00e+00 -0.00e+00 -0.00e+00 -0.00e+00 -0.00e+00 -0.00e+00 -0.00e+00 -0.00e+00 -0.00e+00 -0.00e+00 -0.00e+00 -0.00e+00 0.00e+00 
