2.82e-19 -2.82e-19 -8.08e-18 -2.90e-16 -7.33e-15 -1.39e-13 -2.04e-12 -2.39e-11 -2.27e-10 -1.77e-09 -1.14e-08 -6.15e-08 -2.78e-07 -1.06e-06 -3.45e-06 -9.60e-06 -2.32e-05 -4.93e-05 -9.36e-05 -1.62e-04 -2.57e-04 -3.82e-04 -5.33e-04 -7.07e-04 -8.94e-04 -1.08e-03 -1.26e-03 -1.42e-03 -1.54e-03 -1.62e-03 -1.64e-03 -1.62e-03 -1.54e-03 -1.42e-03 -1.26e-03 -1.08e-03 -8.94e-04 -7.07e-04 -5.33e-04 -3.82e-04 -2.57e-04 -1.62e-04 -9.36e-05 -4.93e-05 -2.32e-05 -9.60e-06 -3.45e-06 -1.06e-06 -2.78e-07 -6.15e-08 -1.14e-08 -1.77e-09 -2.27e-10 -2.39e-11 -2.04e-12 -1.39e-13 -7.33e-15 -2.90e-16 -8.08e-18 -1.40e-19 1.40e-19 
-2.82e-19 2.82e-19 8.08e-18 2.90e-16 7.33e-15 1.39e-13 2.04e-12 2.39e-11 2.27e-10 1.77e-09 1.14e-08 6.15e-08 2.78e-07 1.06e-06 3.45e-06 9.60e-06 2.32e-05 4.93e-05 9.36e-05 1.62e-04 2.57e-04 3.82e-04 5.33e-04 7.07e-04 8.94e-04 1.08e-03 1.26e-03 1.42e-03 1.54e-03 1.62e-03 1.64e-03 1.62e-03 1.54e-03 1.42e-03 1.26e-03 1.08e-03 8.94e-04 7.07e-04 5.33e-04 3.82e-04 2.57e-04 1.62e-04 9.36e-05 4.93e-05 2.32e-05 9.60e-06 3.45e-06 1.06e-06 2.78e-07 6.15e-08 1.14e-08 1.77e-09 2.27e-10 2.39e-11 2.04e-12 1.39e-13 7.33e-15 2.90e-16 8.08e-18 1.40e-19 -1.40e-19 
-1.59e-17 1.59e-17 2.98e-16 7.88e-15 1.56e-13 2.42e-12 2.98e-11 2.99e-10 2.47e-09 1.69e-08 9.68e-08 4.66e-07 1.90e-06 6.56e-06 1.94e-05 4.97e-05 1.12e-04 2.22e-04 4.01e-04 6.63e-04 1.02e-03 1.47e-03 2.01e-03 2.62e-03 3.26e-03 3.91e-03 4.52e-03 5.05e-03 5.45e-03 5.71e-03 5.80e-03 5.71e-03 5.45e-03 5.05e-03 4.52e-03 3.91e-03 3.26e-03 2.62e-03 2.01e-03 1.47e-03 1.02e-03 6.63e-04 4.01e-04 2.22e-04 1.12e-04 4.97e-05 1.94e-05 6.56e-06 1.90e-06 4.66e-07 9.68e-08 1.69e-08 2.47e-09 2.99e-10 2.98e-11 2.42e-12 1.56e-13 7.88e-15 2.98e-16 7.80e-18 -7.80e-18 
-5.54e-16 5.54e-16 7.60e-15 1.56e-13 2.50e-12 3.21e-11 3.35e-10 2.88e-09 2.05e-08 1.23e-07 6.16e-07 2.62e-06 9.42e-06 2.90e-05 7.69e-05 1.78e-04 3.64e-04 6.70e-04 1.13e-03 1.77e-03 2.59e-03 3.61e-03 4.79e-03 6.09e-03 7.44e-03 8.79e-03 1.00e-02 1.11e-02 1.19e-02 1.24e-02 1.26e-02 1.24e-02 1.19e-02 1.11e-02 1.00e-02 8.79e-03 7.44e-03 6.09e-03 4.79e-03 3.61e-03 2.59e-03 1.77e-03 1.13e-03 6.70e-04 3.64e-04 1.78e-04 7.69e-05 2.90e-05 9.42e-06 2.62e-06 6.16e-07 1.23e-07 2.05e-08 2.88e-09 3.35e-10 3.21e-11 2.50e-12 1.56e-13 7.59e-15 2.70e-16 -2.70e-16 
-1.36e-14 1.36e-14 1.45e-13 2.41e-12 3.20e-11 3.47e-10 3.10e-09 2.30e-08 1.43e-07 7.50e-07 3.31e-06 1.24e-05 3.96e-05 1.09e-04 2.58e-04 5.39e-04 1.01e-03 1.73e-03 2.73e-03 4.06e-03 5.73e-03 7.71e-03 9.95e-03 1.24e-02 1.48e-02 1.73e-02 1.95e-02 2.13e-02 2.28e-02 2.37e-02 2.40e-02 2.37e-02 2.28e-02 2.13e-02 1.95e-02 1.73e-02 1.48e-02 1.24e-02 9.95e-03 7.71e-03 5.73e-03 4.06e-03 2.73e-03 1.73e-03 1.01e-03 5.39e-04 2.58e-04 1.09e-04 3.96e-05 1.24e-05 3.31e-06 7.50e-07 1.43e-07 2.30e-08 3.10e-09 3.47e-10 3.20e-11 2.41e-12 1.45e-13 6.55e-15 -6.55e-15 
-2.49e-13 2.49e-13 2.15e-12 2.96e-11 3.32e-10 3.09e-09 2.38e-08 1.54e-07 8.40e-07 3.86e-06 1.50e-05 4.98e-05 1.41e-04 3.45e-04 7.37e-04 1.40e-03 2.43e-03 3.89e-03 5.86e-03 8.36e-03 1.14e-02 1.49e-02 1.88e-02 2.29e-02 2.70e-02 3.10e-02 3.46e-02 3.76e-02 3.98e-02 4.12e-02 4.17e-02 4.12e-02 3.98e-02 3.76e-02 3.46e-02 3.10e-02 2.70e-02 2.29e-02 1.88e-02 1.49e-02 1.14e-02 8.36e-03 5.86e-03 3.89e-03 2.43e-03 1.40e-03 7.37e-04 3.45e-04 1.41e-04 4.98e-05 1.50e-05 3.86e-06 8.40e-07 1.54e-07 2.38e-08 3.09e-09 3.32e-10 2.96e-11 2.14e-12 1.19e-13 -1.19e-13 
-3.54e-12 3.54e-12 2.54e-11 2.95e-10 2.84e-09 2.28e-08 1.53e-07 8.67e-07 4.15e-06 1.68e-05 5.77e-05 1.69e-04 4.26e-04 9.32e-04 1.81e-03 3.17e-03 5.14e-03 7.83e-03 1.13e-02 1.57e-02 2.08e-02 2.66e-02 3.28e-02 3.92e-02 4.55e-02 5.15e-02 5.67e-02 6.11e-02 6.43e-02 6.63e-02 6.70e-02 6.63e-02 6.43e-02 6.11e-02 5.67e-02 5.15e-02 4.55e-02 3.92e-02 3.28e-02 2.66e-02 2.08e-02 1.57e-02 1.13e-02 7.83e-03 5.14e-03 3.17e-03 1.81e-03 9.32e-04 4.26e-04 1.69e-04 5.77e-05 1.68e-05 4.15e-06 8.67e-07 1.53e-07 2.28e-08 2.84e-09 2.95e-10 2.53e-11 1.67e-12 -1.67e-12 
-4.00e-11 4.00e-11 2.43e-10 2.41e-09 2.01e-08 1.40e-07 8.26e-07 4.11e-06 1.73e-05 6.17e-05 1.87e-04 4.86e-04 1.09e-03 2.16e-03 3.85e-03 6.32e-03 9.77e-03 1.44e-02 2.01e-02 2.71e-02 3.51e-02 4.39e-02 5.30e-02 6.22e-02 7.10e-02 7.90e-02 8.60e-02 9.16e-02 9.58e-02 9.84e-02 9.92e-02 9.84e-02 9.58e-02 9.16e-02 8.60e-02 7.90e-02 7.10e-02 6.22e-02 5.30e-02 4.39e-02 3.51e-02 2.71e-02 2.01e-02 1.44e-02 9.77e-03 6.32e-03 3.85e-03 2.16e-03 1.09e-03 4.86e-04 1.87e-04 6.17e-05 1.73e-05 4.11e-06 8.26e-07 1.40e-07 2.01e-08 2.41e-09 2.42e-10 1.87e-11 -1.87e-11 
-3.66e-10 3.66e-10 1.91e-09 1.63e-08 1.19e-07 7.25e-07 3.75e-06 1.64e-05 6.08e-05 1.91e-04 5.14e-04 1.19e-03 2.40e-03 4.36e-03 7.28e-03 1.14e-02 1.71e-02 2.44e-02 3.34e-02 4.37e-02 5.52e-02 6.73e-02 7.94e-02 9.12e-02 1.02e-01 1.12e-01 1.20e-01 1.27e-01 1.31e-01 1.34e-01 1.35e-01 1.34e-01 1.31e-01 1.27e-01 1.20e-01 1.12e-01 1.02e-01 9.12e-02 7.94e-02 6.73e-02 5.52e-02 4.37e-02 3.34e-02 2.44e-02 1.71e-02 1.14e-02 7.28e-03 4.36e-03 2.40e-03 1.19e-03 5.14e-04 1.91e-04 6.08e-05 1.64e-05 3.75e-06 7.25e-07 1.19e-07 1.63e-08 1.89e-09 1.68e-10 -1.68e-10 
-2.74e-09 2.74e-09 1.24e-08 9.23e-08 5.86e-07 3.15e-06 1.43e-05 5.52e-05 1.81e-04 5.03e-04 1.20e-03 2.50e-03 4.63e-03 7.89e-03 1.26e-02 1.93e-02 2.80e-02 3.88e-02 5.15e-02 6.56e-02 8.04e-02 9.54e-02 1.10e-01 1.23e-01 1.35e-01 1.45e-01 1.54e-01 1.60e-01 1.65e-01 1.68e-01 1.69e-01 1.68e-01 1.65e-01 1.60e-01 1.54e-01 1.45e-01 1.35e-01 1.23e-01 1.10e-01 9.54e-02 8.04e-02 6.56e-02 5.15e-02 3.88e-02 2.80e-02 1.93e-02 1.26e-02 7.89e-03 4.63e-03 2.50e-03 1.20e-03 5.03e-04 1.81e-04 5.52e-05 1.43e-05 3.15e-06 5.86e-07 9.23e-08 1.23e-08 1.24e-09 -1.24e-09 
-1.70e-08 1.70e-08 6.71e-08 4.36e-07 2.44e-06 1.15e-05 4.63e-05 1.58e-04 4.57e-04 1.13e-03 2.43e-03 4.63e-03 8.06e-03 1.32e-02 2.06e-02 3.05e-02 4.29e-02 5.76e-02 7.39e-02 9.11e-02 1.08e-01 1.25e-01 1.40e-01 1.53e-01 1.65e-01 1.74e-01 1.81e-01 1.87e-01 1.91e-01 1.93e-01 1.94e-01 1.93e-01 1.91e-01 1.87e-01 1.81e-01 1.74e-01 1.65e-01 1.53e-01 1.40e-01 1.25e-01 1.08e-01 9.11e-02 7.39e-02 5.76e-02 4.29e-02 3.05e-02 2.06e-02 1.32e-02 8.06e-03 4.63e-03 2.43e-03 1.13e-03 4.57e-04 1.58e-04 4.63e-05 1.15e-05 2.44e-06 4.36e-07 6.61e-08 7.56e-09 -7.56e-09 
-8.72e-08 8.72e-08 3.04e-07 1.73e-06 8.54e-06 3.57e-05 1.27e-04 3.84e-04 9.90e-04 2.21e-03 4.34e-03 7.77e-03 1.30e-02 2.08e-02 3.15e-02 4.51e-02 6.12e-02 7.93e-02 9.83e-02 1.17e-01 1.35e-01 1.51e-01 1.65e-01 1.77e-01 1.86e-01 1.93e-01 1.98e-01 2.01e-01 2.03e-01 2.05e-01 2.05e-01 2.05e-01 2.03e-01 2.01e-01 1.98e-01 1.93e-01 1.86e-01 1.77e-01 1.65e-01 1.51e-01 1.35e-01 1.17e-01 9.83e-02 7.93e-02 6.12e-02 4.51e-02 3.15e-02 2.08e-02 1.30e-02 7.77e-03 4.34e-03 2.21e-03 9.90e-04 3.84e-04 1.27e-04 3.57e-05 8.54e-06 1.73e-06 2.98e-07 3.82e-08 -3.82e-08 
-3.75e-07 3.75e-07 1.16e-06 5.82e-06 2.54e-05 9.43e-05 2.98e-04 8.04e-04 1.87e-03 3.83e-03 7.08e-03 1.22e-02 2.00e-02 3.10e-02 4.51e-02 6.22e-02 8.14e-02 1.02e-01 1.22e-01 1.41e-01 1.57e-01 1.70e-01 1.81e-01 1.89e-01 1.94e-01 1.98e-01 2.00e-01 2.01e-01 2.02e-01 2.02e-01 2.03e-01 2.02e-01 2.02e-01 2.01e-01 2.00e-01 1.98e-01 1.94e-01 1.89e-01 1.81e-01 1.70e-01 1.57e-01 1.41e-01 1.22e-01 1.02e-01 8.14e-02 6.22e-02 4.51e-02 3.10e-02 2.00e-02 1.22e-02 7.08e-03 3.83e-03 1.87e-03 8.04e-04 2.98e-04 9.43e-05 2.54e-05 5.82e-06 1.13e-06 1.61e-07 -1.61e-07 
-1.36e-06 1.36e-06 3.75e-06 1.66e-05 6.45e-05 2.14e-04 6.06e-04 1.48e-03 3.17e-03 6.09e-03 1.08e-02 1.82e-02 2.89e-02 4.31e-02 6.04e-02 8.02e-02 1.01e-01 1.22e-01 1.41e-01 1.57e-01 1.70e-01 1.79e-01 1.85e-01 1.89e-01 1.90e-01 1.91e-01 1.91e-01 1.90e-01 1.90e-01 1.90e-01 1.89e-01 1.90e-01 1.90e-01 1.90e-01 1.91e-01 1.91e-01 1.90e-01 1.89e-01 1.85e-01 1.79e-01 1.70e-01 1.57e-01 1.41e-01 1.22e-01 1.01e-01 8.02e-02 6.04e-02 4.31e-02 2.89e-02 1.82e-02 1.08e-02 6.09e-03 3.17e-03 1.48e-03 6.06e-04 2.14e-04 6.45e-05 1.66e-05 3.62e-06 5.71e-07 -5.71e-07 
-4.17e-06 4.17e-06 1.03e-05 4.06e-05 1.42e-04 4.23e-04 1.09e-03 2.45e-03 4.93e-03 9.09e-03 1.57e-02 2.56e-02 3.92e-02 5.62e-02 7.61e-02 9.75e-02 1.18e-01 1.37e-01 1.53e-01 1.65e-01 1.73e-01 1.77e-01 1.79e-01 1.79e-01 1.78e-01 1.76e-01 1.75e-01 1.74e-01 1.73e-01 1.72e-01 1.72e-01 1.72e-01 1.73e-01 1.74e-01 1.75e-01 1.76e-01 1.78e-01 1.79e-01 1.79e-01 1.77e-01 1.73e-01 1.65e-01 1.53e-01 1.37e-01 1.18e-01 9.75e-02 7.61e-02 5.62e-02 3.92e-02 2.56e-02 1.57e-02 9.09e-03 4.93e-03 2.45e-03 1.09e-03 4.23e-04 1.42e-04 4.06e-05 9.89e-06 1.71e-06 -1.71e-06 
-1.09e-05 1.09e-05 2.45e-05 8.63e-05 2.72e-04 7.43e-04 1.77e-03 3.74e-03 7.19e-03 1.29e-02 2.16e-02 3.40e-02 5.01e-02 6.94e-02 9.05e-02 1.12e-01 1.30e-01 1.46e-01 1.57e-01 1.63e-01 1.67e-01 1.67e-01 1.66e-01 1.64e-01 1.61e-01 1.60e-01 1.58e-01 1.57e-01 1.57e-01 1.57e-01 1.56e-01 1.57e-01 1.57e-01 1.57e-01 1.58e-01 1.60e-01 1.61e-01 1.64e-01 1.66e-01 1.67e-01 1.67e-01 1.63e-01 1.57e-01 1.46e-01 1.30e-01 1.12e-01 9.05e-02 6.94e-02 5.01e-02 3.40e-02 2.16e-02 1.29e-02 7.19e-03 3.74e-03 1.77e-03 7.43e-04 2.72e-04 8.61e-05 2.32e-05 4.37e-06 -4.37e-06 
-2.47e-05 2.47e-05 5.08e-05 1.62e-04 4.68e-04 1.18e-03 2.65e-03 5.34e-03 9.92e-03 1.72e-02 2.81e-02 4.27e-02 6.08e-02 8.11e-02 1.02e-01 1.21e-01 1.36e-01 1.47e-01 1.53e-01 1.55e-01 1.55e-01 1.52e-01 1.50e-01 1.48e-01 1.46e-01 1.45e-01 1.45e-01 1.45e-01 1.45e-01 1.46e-01 1.46e-01 1.46e-01 1.45e-01 1.45e-01 1.45e-01 1.45e-01 1.46e-01 1.48e-01 1.50e-01 1.52e-01 1.55e-01 1.55e-01 1.53e-01 1.47e-01 1.36e-01 1.21e-01 1.02e-01 8.11e-02 6.08e-02 4.27e-02 2.81e-02 1.72e-02 9.92e-03 5.34e-03 2.65e-03 1.18e-03 4.68e-04 1.61e-04 4.75e-05 9.62e-06 -9.62e-06 
-4.90e-05 4.90e-05 9.33e-05 2.72e-04 7.30e-04 1.74e-03 3.70e-03 7.20e-03 1.30e-02 2.19e-02 3.46e-02 5.09e-02 7.00e-02 9.00e-02 1.09e-01 1.25e-01 1.36e-01 1.42e-01 1.44e-01 1.43e-01 1.40e-01 1.37e-01 1.35e-01 1.34e-01 1.34e-01 1.35e-01 1.36e-01 1.38e-01 1.40e-01 1.41e-01 1.41e-01 1.41e-01 1.40e-01 1.38e-01 1.36e-01 1.35e-01 1.34e-01 1.34e-01 1.35e-01 1.37e-01 1.40e-01 1.43e-01 1.44e-01 1.42e-01 1.36e-01 1.25e-01 1.09e-01 9.00e-02 7.00e-02 5.09e-02 3.46e-02 2.19e-02 1.30e-02 7.20e-03 3.70e-03 1.74e-03 7.30e-04 2.70e-04 8.61e-05 1.86e-05 -1.86e-05 
-8.64e-05 8.64e-05 1.54e-04 4.16e-04 1.05e-03 2.39e-03 4.89e-03 9.22e-03 1.62e-02 2.66e-02 4.06e-02 5.78e-02 7.68e-02 9.55e-02 1.12e-01 1.23e-01 1.30e-01 1.32e-01 1.31e-01 1.28e-01 1.26e-01 1.24e-01 1.23e-01 1.24e-01 1.26e-01 1.29e-01 1.33e-01 1.36e-01 1.39e-01 1.41e-01 1.42e-01 1.41e-01 1.39e-01 1.36e-01 1.33e-01 1.29e-01 1.26e-01 1.24e-01 1.23e-01 1.24e-01 1.26e-01 1.28e-01 1.31e-01 1.32e-01 1.30e-01 1.23e-01 1.12e-01 9.55e-02 7.68e-02 5.78e-02 4.06e-02 2.66e-02 1.62e-02 9.22e-03 4.89e-03 2.39e-03 1.05e-03 4.13e-04 1.40e-04 3.19e-05 -3.19e-05 
-1.38e-04 1.38e-04 2.33e-04 5.89e-04 1.42e-03 3.08e-03 6.12e-03 1.12e-02 1.92e-02 3.07e-02 4.55e-02 6.28e-02 8.08e-02 9.71e-02 1.10e-01 1.17e-01 1.21e-01 1.20e-01 1.17e-01 1.15e-01 1.13e-01 1.12e-01 1.14e-01 1.17e-01 1.22e-01 1.27e-01 1.33e-01 1.39e-01 1.43e-01 1.46e-01 1.47e-01 1.46e-01 1.43e-01 1.39e-01 1.33e-01 1.27e-01 1.22e-01 1.17e-01 1.14e-01 1.12e-01 1.13e-01 1.15e-01 1.17e-01 1.20e-01 1.21e-01 1.17e-01 1.10e-01 9.71e-02 8.08e-02 6.28e-02 4.55e-02 3.07e-02 1.92e-02 1.12e-02 6.12e-03 3.08e-03 1.42e-03 5.83e-04 2.09e-04 4.94e-05 -4.94e-05 
-2.00e-04 2.00e-04 3.25e-04 7.76e-04 1.79e-03 3.77e-03 7.29e-03 1.31e-02 2.18e-02 3.39e-02 4.89e-02 6.54e-02 8.15e-02 9.50e-02 1.04e-01 1.09e-01 1.09e-01 1.07e-01 1.04e-01 1.02e-01 1.02e-01 1.04e-01 1.08e-01 1.13e-01 1.20e-01 1.28e-01 1.37e-01 1.44e-01 1.51e-01 1.55e-01 1.56e-01 1.55e-01 1.51e-01 1.44e-01 1.37e-01 1.28e-01 1.20e-01 1.13e-01 1.08e-01 1.04e-01 1.02e-01 1.02e-01 1.04e-01 1.07e-01 1.09e-01 1.09e-01 1.04e-01 9.50e-02 8.15e-02 6.54e-02 4.89e-02 3.39e-02 2.18e-02 1.31e-02 7.29e-03 3.77e-03 1.79e-03 7.66e-04 2.87e-04 7.01e-05 -7.01e-05 
-2.68e-04 2.68e-04 4.20e-04 9.59e-04 2.14e-03 4.38e-03 8.26e-03 1.45e-02 2.36e-02 3.58e-02 5.03e-02 6.55e-02 7.93e-02 8.99e-02 9.60e-02 9.77e-02 9.64e-02 9.38e-02 9.17e-02 9.11e-02 9.27e-02 9.66e-02 1.03e-01 1.11e-01 1.20e-01 1.31e-01 1.42e-01 1.52e-01 1.61e-01 1.68e-01 1.70e-01 1.68e-01 1.61e-01 1.52e-01 1.42e-01 1.31e-01 1.20e-01 1.11e-01 1.03e-01 9.66e-02 9.27e-02 9.11e-02 9.17e-02 9.38e-02 9.64e-02 9.77e-02 9.60e-02 8.99e-02 7.93e-02 6.55e-02 5.03e-02 3.58e-02 2.36e-02 1.45e-02 8.26e-03 4.38e-03 2.13e-03 9.44e-04 3.66e-04 9.19e-05 -9.19e-05 
-3.33e-04 3.33e-04 5.07e-04 1.11e-03 2.41e-03 4.83e-03 8.93e-03 1.54e-02 2.45e-02 3.63e-02 4.97e-02 6.31e-02 7.45e-02 8.23e-02 8.58e-02 8.59e-02 8.39e-02 8.15e-02 8.04e-02 8.14e-02 8.46e-02 9.04e-02 9.83e-02 1.08e-01 1.21e-01 1.34e-01 1.49e-01 1.63e-01 1.76e-01 1.85e-01 1.88e-01 1.85e-01 1.76e-01 1.63e-01 1.49e-01 1.34e-01 1.21e-01 1.08e-01 9.83e-02 9.04e-02 8.46e-02 8.14e-02 8.04e-02 8.15e-02 8.39e-02 8.59e-02 8.58e-02 8.23e-02 7.45e-02 6.31e-02 4.97e-02 3.63e-02 2.45e-02 1.54e-02 8.93e-03 4.83e-03 2.41e-03 1.09e-03 4.36e-04 1.12e-04 -1.12e-04 
-3.85e-04 3.85e-04 5.72e-04 1.22e-03 2.58e-03 5.05e-03 9.19e-03 1.55e-02 2.43e-02 3.52e-02 4.72e-02 5.85e-02 6.76e-02 7.30e-02 7.48e-02 7.38e-02 7.16e-02 7.00e-02 7.01e-02 7.22e-02 7.69e-02 8.39e-02 9.34e-02 1.06e-01 1.20e-01 1.37e-01 1.57e-01 1.77e-01 1.95e-01 2.09e-01 2.14e-01 2.09e-01 1.95e-01 1.77e-01 1.57e-01 1.37e-01 1.20e-01 1.06e-01 9.34e-02 8.39e-02 7.69e-02 7.22e-02 7.01e-02 7.00e-02 7.16e-02 7.38e-02 7.48e-02 7.30e-02 6.76e-02 5.85e-02 4.72e-02 3.52e-02 2.43e-02 1.55e-02 9.19e-03 5.05e-03 2.57e-03 1.19e-03 4.87e-04 1.27e-04 -1.27e-04 
-4.13e-04 4.13e-04 6.03e-04 1.25e-03 2.59e-03 5.00e-03 8.96e-03 1.49e-02 2.29e-02 3.26e-02 4.29e-02 5.22e-02 5.91e-02 6.27e-02 6.32e-02 6.18e-02 6.01e-02 5.91e-02 6.00e-02 6.31e-02 6.86e-02 7.65e-02 8.71e-02 1.01e-01 1.18e-01 1.39e-01 1.64e-01 1.92e-01 2.19e-01 2.41e-01 2.50e-01 2.41e-01 2.19e-01 1.92e-01 1.64e-01 1.39e-01 1.18e-01 1.01e-01 8.71e-02 7.65e-02 6.86e-02 6.31e-02 6.00e-02 5.91e-02 6.01e-02 6.18e-02 6.32e-02 6.27e-02 5.91e-02 5.22e-02 4.29e-02 3.26e-02 2.29e-02 1.49e-02 8.96e-03 5.00e-03 2.59e-03 1.22e-03 5.08e-04 1.35e-04 -1.35e-04 
-4.10e-04 4.10e-04 5.89e-04 1.20e-03 2.44e-03 4.65e-03 8.22e-03 1.35e-02 2.04e-02 2.86e-02 3.71e-02 4.43e-02 4.94e-02 5.16e-02 5.15e-02 5.02e-02 4.87e-02 4.85e-02 5.00e-02 5.36e-02 5.93e-02 6.75e-02 7.85e-02 9.32e-02 1.12e-01 1.37e-01 1.69e-01 2.07e-01 2.49e-01 2.87e-01 3.04e-01 2.87e-01 2.49e-01 2.07e-01 1.69e-01 1.37e-01 1.12e-01 9.32e-02 7.85e-02 6.75e-02 5.93e-02 5.36e-02 5.00e-02 4.85e-02 4.87e-02 5.02e-02 5.15e-02 5.16e-02 4.94e-02 4.43e-02 3.71e-02 2.86e-02 2.04e-02 1.35e-02 8.22e-03 4.65e-03 2.44e-03 1.17e-03 4.93e-04 1.32e-04 -1.32e-04 
-3.71e-04 3.71e-04 5.27e-04 1.05e-03 2.12e-03 4.00e-03 6.99e-03 1.13e-02 1.70e-02 2.35e-02 3.00e-02 3.55e-02 3.90e-02 4.03e-02 3.99e-02 3.87e-02 3.78e-02 3.80e-02 3.97e-02 4.32e-02 4.86e-02 5.62e-02 6.68e-02 8.13e-02 1.01e-01 1.29e-01 1.67e-01 2.19e-01 2.85e-01 3.53e-01 3.92e-01 3.53e-01 2.85e-01 2.19e-01 1.67e-01 1.29e-01 1.01e-01 8.13e-02 6.68e-02 5.62e-02 4.86e-02 4.32e-02 3.97e-02 3.80e-02 3.78e-02 3.87e-02 3.99e-02 4.03e-02 3.90e-02 3.55e-02 3.00e-02 2.35e-02 1.70e-02 1.13e-02 6.99e-03 4.00e-03 2.12e-03 1.03e-03 4.38e-04 1.18e-04 -1.18e-04 
-2.96e-04 2.96e-04 4.17e-04 8.25e-04 1.65e-03 3.08e-03 5.33e-03 8.58e-03 1.27e-02 1.75e-02 2.21e-02 2.58e-02 2.81e-02 2.88e-02 2.84e-02 2.75e-02 2.69e-02 2.73e-02 2.89e-02 3.18e-02 3.63e-02 4.27e-02 5.16e-02 6.43e-02 8.28e-02 1.10e-01 1.53e-01 2.18e-01 3.17e-01 4.50e-01 5.59e-01 4.50e-01 3.17e-01 2.18e-01 1.53e-01 1.10e-01 8.28e-02 6.43e-02 5.16e-02 4.27e-02 3.63e-02 3.18e-02 2.89e-02 2.73e-02 2.69e-02 2.75e-02 2.84e-02 2.88e-02 2.81e-02 2.58e-02 2.21e-02 1.75e-02 1.27e-02 8.58e-03 5.33e-03 3.07e-03 1.64e-03 8.02e-04 3.45e-04 9.37e-05 -9.37e-05 
-1.91e-04 1.91e-04 2.68e-04 5.26e-04 1.04e-03 1.94e-03 3.34e-03 5.34e-03 7.89e-03 1.07e-02 1.35e-02 1.57e-02 1.70e-02 1.73e-02 1.70e-02 1.64e-02 1.62e-02 1.65e-02 1.76e-02 1.95e-02 2.25e-02 2.67e-02 3.28e-02 4.17e-02 5.53e-02 7.71e-02 1.15e-01 1.83e-01 3.16e-01 5.70e-01 9.45e-01 5.70e-01 3.16e-01 1.83e-01 1.15e-01 7.71e-02 5.53e-02 4.17e-02 3.28e-02 2.67e-02 2.25e-02 1.95e-02 1.76e-02 1.65e-02 1.62e-02 1.64e-02 1.70e-02 1.73e-02 1.70e-02 1.57e-02 1.35e-02 1.07e-02 7.89e-03 5.34e-03 3.34e-03 1.94e-03 1.04e-03 5.10e-04 2.21e-04 6.02e-05 -6.02e-05 
-6.61e-05 6.61e-05 9.24e-05 1.81e-04 3.57e-04 6.61e-04 1.14e-03 1.81e-03 2.67e-03 3.63e-03 4.54e-03 5.26e-03 5.66e-03 5.75e-03 5.66e-03 5.52e-03 5.39e-03 5.48e-03 5.91e-03 6.58e-03 7.62e-03 9.14e-03 1.13e-02 1.45e-02 1.96e-02 2.85e-02 4.55e-02 8.45e-02 1.94e-01 5.69e-01 2.08e+00 5.69e-01 1.94e-01 8.45e-02 4.55e-02 2.85e-02 1.96e-02 1.45e-02 1.13e-02 9.14e-03 7.62e-03 6.58e-03 5.91e-03 5.48e-03 5.39e-03 5.52e-03 5.66e-03 5.75e-03 5.66e-03 5.26e-03 4.54e-03 3.63e-03 2.67e-03 1.81e-03 1.14e-03 6.61e-04 3.55e-04 1.75e-04 7.60e-05 2.08e-05 -2.08e-05 
6.61e-05 -6.61e-05 -9.24e-05 -1.81e-04 -3.57e-04 -6.61e-04 -1.14e-03 -1.81e-03 -2.67e-03 -3.63e-03 -4.54e-03 -5.26e-03 -5.66e-03 -5.75e-03 -5.66e-03 -5.52e-03 -5.39e-03 -5.48e-03 -5.91e-03 -6.58e-03 -7.62e-03 -9.14e-03 -1.13e-02 -1.45e-02 -1.96e-02 -2.85e-02 -4.55e-02 -8.45e-02 -1.94e-01 -5.69e-01 -2.08e+00 -5.69e-01 -1.94e-01 -8.45e-02 -4.55e-02 -2.85e-02 -1.96e-02 -1.45e-02 -1.13e-02 -9.14e-03 -7.62e-03 -6.58e-03 -5.91e-03 -5.48e-03 -5.39e-03 -5.52e-03 -5.66e-03 -5.75e-03 -5.66e-03 -5.26e-03 -4.54e-03 -3.63e-03 -2.67e-03 -1.81e-03 -1.14e-03 -6.61e-04 -3.55e-04 -1.75e-04 -7.60e-05 -2.08e-05 2.08e-05 
1.91e-04 -1.91e-04 -2.68e-04 -5.26e-04 -1.04e-03 -1.94e-03 -3.34e-03 -5.34e-03 -7.89e-03 -1.07e-02 -1.35e-02 -1.57e-02 -1.70e-02 -1.73e-02 -1.70e-02 -1.64e-02 -1.62e-02 -1.65e-02 -1.76e-02 -1.95e-02 -2.25e-02 -2.67e-02 -3.28e-02 -4.17e-02 -5.53e-02 -7.71e-02 -1.15e-01 -1.83e-01 -3.16e-01 -5.70e-01 -9.45e-01 -5.70e-01 -3.16e-01 -1.83e-01 -1.15e-01 -7.71e-02 -5.53e-02 -4.17e-02 -3.28e-02 -2.67e-02 -2.25e-02 -1.95e-02 -1.76e-02 -1.65e-02 -1.62e-02 -1.64e-02 -1.70e-02 -1.73e-02 -1.70e-02 -1.57e-02 -1.35e-02 -1.07e-02 -7.89e-03 -5.34e-03 -3.34e-03 -1.94e-03 -1.04e-03 -5.10e-04 -2.21e-04 -6.02e-05 6.02e-05 
2.96e-04 -2.96e-04 -4.17e-04 -8.25e-04 -1.65e-03 -3.08e-03 -5.33e-03 -8.58e-03 -1.27e-02 -1.75e-02 -2.21e-02 -2.58e-02 -2.81e-02 -2.88e-02 -2.84e-02 -2.75e-02 -2.69e-02 -2.73e-02 -2.89e-02 -3.18e-02 -3.63e-02 -4.27e-02 -5.16e-02 -6.43e-02 -8.28e-02 -1.10e-01 -1.53e-01 -2.18e-01 -3.17e-01 -4.50e-01 -5.59e-01 -4.50e-01 -3.17e-01 -2.18e-01 -1.53e-01 -1.10e-01 -8.28e-02 -6.43e-02 -5.16e-02 -4.27e-02 -3.63e-02 -3.18e-02 -2.89e-02 -2.73e-02 -2.69e-02 -2.75e-02 -2.84e-02 -2.88e-02 -2.81e-02 -2.58e-02 -2.21e-02 -1.75e-02 -1.27e-02 -8.58e-03 -5.33e-03 -3.07e-03 -1.64e-03 -8.02e-04 -3.45e-04 -9.37e-05 9.37e-05 
3.71e-04 -3.71e-04 -5.27e-04 -1.05e-03 -2.12e-03 -4.00e-03 -6.99e-03 -1.13e-02 -1.70e-02 -2.35e-02 -3.00e-02 -3.55e-02 -3.90e-02 -4.03e-02 -3.99e-02 -3.87e-02 -3.78e-02 -3.80e-02 -3.97e-02 -4.32e-02 -4.86e-02 -5.62e-02 -6.68e-02 -8.13e-02 -1.01e-01 -1.29e-01 -1.67e-01 -2.19e-01 -2.85e-01 -3.53e-01 -3.92e-01 -3.53e-01 -2.85e-01 -2.19e-01 -1.67e-01 -1.29e-01 -1.01e-01 -8.13e-02 -6.68e-02 -5.62e-02 -4.86e-02 -4.32e-02 -3.97e-02 -3.80e-02 -3.78e-02 -3.87e-02 -3.99e-02 -4.03e-02 -3.90e-02 -3.55e-02 -3.00e-02 -2.35e-02 -1.70e-02 -1.13e-02 -6.99e-03 -4.00e-03 -2.12e-03 -1.03e-03 -4.38e-04 -1.18e-04 1.18e-04 
4.10e-04 -4.10e-04 -5.89e-04 -1.20e-03 -2.44e-03 -4.65e-03 -8.22e-03 -1.35e-02 -2.04e-02 -2.86e-02 -3.71e-02 -4.43e-02 -4.94e-02 -5.16e-02 -5.15e-02 -5.02e-02 -4.87e-02 -4.85e-02 -5.00e-02 -5.36e-02 -5.93e-02 -6.75e-02 -7.85e-02 -9.32e-02 -1.12e-01 -1.37e-01 -1.69e-01 -2.07e-01 -2.49e-01 -2.87e-01 -3.04e-01 -2.87e-01 -2.49e-01 -2.07e-01 -1.69e-01 -1.37e-01 -1.12e-01 -9.32e-02 -7.85e-02 -6.75e-02 -5.93e-02 -5.36e-02 -5.00e-02 -4.85e-02 -4.87e-02 -5.02e-02 -5.15e-02 -5.16e-02 -4.94e-02 -4.43e-02 -3.71e-02 -2.86e-02 -2.04e-02 -1.35e-02 -8.22e-03 -4.65e-03 -2.44e-03 -1.17e-03 -4.93e-04 -1.32e-04 1.32e-04 
4.13e-04 -4.13e-04 -6.03e-04 -1.25e-03 -2.59e-03 -5.00e-03 -8.96e-03 -1.49e-02 -2.29e-02 -3.26e-02 -4.29e-02 -5.22e-02 -5.91e-02 -6.27e-02 -6.32e-02 -6.18e-02 -6.01e-02 -5.91e-02 -6.00e-02 -6.31e-02 -6.86e-02 -7.65e-02 -8.71e-02 -1.01e-01 -1.18e-01 -1.39e-01 -1.64e-01 -1.92e-01 -2.19e-01 -2.41e-01 -2.50e-01 -2.41e-01 -2.19e-01 -1.92e-01 -1.64e-01 -1.39e-01 -1.18e-01 -1.01e-01 -8.71e-02 -7.65e-02 -6.86e-02 -6.31e-02 -6.00e-02 -5.91e-02 -6.01e-02 -6.18e-02 -6.32e-02 -6.27e-02 -5.91e-02 -5.22e-02 -4.29e-02 -3.26e-02 -2.29e-02 -1.49e-02 -8.96e-03 -5.00e-03 -2.59e-03 -1.22e-03 -5.08e-04 -1.35e-04 1.35e-04 
3.85e-04 -3.85e-04 -5.72e-04 -1.22e-03 -2.58e-03 -5.05e-03 -9.19e-03 -1.55e-02 -2.43e-02 -3.52e-02 -4.72e-02 -5.85e-02 -6.76e-02 -7.30e-02 -7.48e-02 -7.38e-02 -7.16e-02 -7.00e-02 -7.01e-02 -7.22e-02 -7.69e-02 -8.39e-02 -9.34e-02 -1.06e-01 -1.20e-01 -1.37e-01 -1.57e-01 -1.77e-01 -1.95e-01 -2.09e-01 -2.14e-01 -2.09e-01 -1.95e-01 -1.77e-01 -1.57e-01 -1.37e-01 -1.20e-01 -1.06e-01 -9.34e-02 -8.39e-02 -7.69e-02 -7.22e-02 -7.01e-02 -7.00e-02 -7.16e-02 -7.38e-02 -7.48e-02 -7.30e-02 -6.76e-02 -5.85e-02 -4.72e-02 -3.52e-02 -2.43e-02 -1.55e-02 -9.19e-03 -5.05e-03 -2.57e-03 -1.19e-03 -4.87e-04 -1.27e-04 1.27e-04 
3.33e-04 -3.33e-04 -5.07e-04 -1.11e-03 -2.41e-03 -4.83e-03 -8.93e-03 -1.54e-02 -2.45e-02 -3.63e-02 -4.97e-02 -6.31e-02 -7.45e-02 -8.23e-02 -8.58e-02 -8.59e-02 -8.39e-02 -8.15e-02 -8.04e-02 -8.14e-02 -8.46e-02 -9.04e-02 -9.83e-02 -1.08e-01 -1.21e-01 -1.34e-01 -1.49e-01 -1.63e-01 -1.76e-01 -1.85e-01 -1.88e-01 -1.85e-01 -1.76e-01 -1.63e-01 -1.49e-01 -1.34e-01 -1.21e-01 -1.08e-01 -9.83e-02 -9.04e-02 -8.46e-02 -8.14e-02 -8.04e-02 -8.15e-02 -8.39e-02 -8.59e-02 -8.58e-02 -8.23e-02 -7.45e-02 -6.31e-02 -4.97e-02 -3.63e-02 -2.45e-02 -1.54e-02 -8.93e-03 -4.83e-03 -2.41e-03 -1.09e-03 -4.36e-04 -1.12e-04 1.12e-04 
2.68e-04 -2.68e-04 -4.20e-04 -9.59e-04 -2.14e-03 -4.38e-03 -8.26e-03 -1.45e-02 -2.36e-02 -3.58e-02 -5.03e-02 -6.55e-02 -7.93e-02 -8.99e-02 -9.60e-02 -9.77e-02 -9.64e-02 -9.38e-02 -9.17e-02 -9.11e-02 -9.27e-02 -9.66e-02 -1.03e-01 -1.11e-01 -1.20e-01 -1.31e-01 -1.42e-01 -1.52e-01 -1.61e-01 -1.68e-01 -1.70e-01 -1.68e-01 -1.61e-01 -1.52e-01 -1.42e-01 -1.31e-01 -1.20e-01 -1.11e-01 -1.03e-01 -9.66e-02 -9.27e-02 -9.11e-02 -9.17e-02 -9.38e-02 -9.64e-02 -9.77e-02 -9.60e-02 -8.99e-02 -7.93e-02 -6.55e-02 -5.03e-02 -3.58e-02 -2.36e-02 -1.45e-02 -8.26e-03 -4.38e-03 -2.13e-03 -9.44e-04 -3.66e-04 -9.19e-05 9.19e-05 
2.00e-04 -2.00e-04 -3.25e-04 -7.76e-04 -1.79e-03 -3.77e-03 -7.29e-03 -1.31e-02 -2.18e-02 -3.39e-02 -4.89e-02 -6.54e-02 -8.15e-02 -9.50e-02 -1.04e-01 -1.09e-01 -1.09e-01 -1.07e-01 -1.04e-01 -1.02e-01 -1.02e-01 -1.04e-01 -1.08e-01 -1.13e-01 -1.20e-01 -1.28e-01 -1.37e-01 -1.44e-01 -1.51e-01 -1.55e-01 -1.56e-01 -1.55e-01 -1.51e-01 -1.44e-01 -1.37e-01 -1.28e-01 -1.20e-01 -1.13e-01 -1.08e-01 -1.04e-01 -1.02e-01 -1.02e-01 -1.04e-01 -1.07e-01 -1.09e-01 -1.09e-01 -1.04e-01 -9.50e-02 -8.15e-02 -6.54e-02 -4.89e-02 -3.39e-02 -2.18e-02 -1.31e-02 -7.29e-03 -3.77e-03 -1.79e-03 -7.66e-04 -2.87e-04 -7.01e-05 7.01e-05 
1.38e-04 -1.38e-04 -2.33e-04 -5.89e-04 -1.42e-03 -3.08e-03 -6.12e-03 -1.12e-02 -1.92e-02 -3.07e-02 -4.55e-02 -6.28e-02 -8.08e-02 -9.71e-02 -1.10e-01 -1.17e-01 -1.21e-01 -1.20e-01 -1.17e-01 -1.15e-01 -1.13e-01 -1.12e-01 -1.14e-01 -1.17e-01 -1.22e-01 -1.27e-01 -1.33e-01 -1.39e-01 -1.43e-01 -1.46e-01 -1.47e-01 -1.46e-01 -1.43e-01 -1.39e-01 -1.33e-01 -1.27e-01 -1.22e-01 -1.17e-01 -1.14e-01 -1.12e-01 -1.13e-01 -1.15e-01 -1.17e-01 -1.20e-01 -1.21e-01 -1.17e-01 -1.10e-01 -9.71e-02 -8.08e-02 -6.28e-02 -4.55e-02 -3.07e-02 -1.92e-02 -1.12e-02 -6.12e-03 -3.08e-03 -1.42e-03 -5.83e-04 -2.09e-04 -4.94e-05 4.94e-05 
8.64e-05 -8.64e-05 -1.54e-04 -4.16e-04 -1.05e-03 -2.39e-03 -4.89e-03 -9.22e-03 -1.62e-02 -2.66e-02 -4.06e-02 -5.78e-02 -7.68e-02 -9.55e-02 -1.12e-01 -1.23e-01 -1.30e-01 -1.32e-01 -1.31e-01 -1.28e-01 -1.26e-01 -1.24e-01 -1.23e-01 -1.24e-01 -1.26e-01 -1.29e-01 -1.33e-01 -1.36e-01 -1.39e-01 -1.41e-01 -1.42e-01 -1.41e-01 -1.39e-01 -1.36e-01 -1.33e-01 -1.29e-01 -1.26e-01 -1.24e-01 -1.23e-01 -1.24e-01 -1.26e-01 -1.28e-01 -1.31e-01 -1.32e-01 -1.30e-01 -1.23e-01 -1.12e-01 -9.55e-02 -7.68e-02 -5.78e-02 -4.06e-02 -2.66e-02 -1.62e-02 -9.22e-03 -4.89e-03 -2.39e-03 -1.05e-03 -4.13e-04 -1.40e-04 -3.19e-05 3.19e-05 
4.90e-05 -4.90e-05 -9.33e-05 -2.72e-04 -7.30e-04 -1.74e-03 -3.70e-03 -7.20e-03 -1.30e-02 -2.19e-02 -3.46e-02 -5.09e-02 -7.00e-02 -9.00e-02 -1.09e-01 -1.25e-01 -1.36e-01 -1.42e-01 -1.44e-01 -1.43e-01 -1.40e-01 -1.37e-01 -1.35e-01 -1.34e-01 -1.34e-01 -1.35e-01 -1.36e-01 -1.38e-01 -1.40e-01 -1.41e-01 -1.41e-01 -1.41e-01 -1.40e-01 -1.38e-01 -1.36e-01 -1.35e-01 -1.34e-01 -1.34e-01 -1.35e-01 -1.37e-01 -1.40e-01 -1.43e-01 -1.44e-01 -1.42e-01 -1.36e-01 -1.25e-01 -1.09e-01 -9.00e-02 -7.00e-02 -5.09e-02 -3.46e-02 -2.19e-02 -1.30e-02 -7.20e-03 -3.70e-03 -1.74e-03 -7.30e-04 -2.70e-04 -8.61e-05 -1.86e-05 1.86e-05 
2.47e-05 -2.47e-05 -5.08e-05 -1.62e-04 -4.68e-04 -1.18e-03 -2.65e-03 -5.34e-03 -9.92e-03 -1.72e-02 -2.81e-02 -4.27e-02 -6.08e-02 -8.11e-02 -1.02e-01 -1.21e-01 -1.36e-01 -1.47e-01 -1.53e-01 -1.55e-01 -1.55e-01 -1.52e-01 -1.50e-01 -1.48e-01 -1.46e-01 -1.45e-01 -1.45e-01 -1.45e-01 -1.45e-01 -1.46e-01 -1.46e-01 -1.46e-01 -1.45e-01 -1.45e-01 -1.45e-01 -1.45e-01 -1.46e-01 -1.48e-01 -1.50e-01 -1.52e-01 -1.55e-01 -1.55e-01 -1.53e-01 -1.47e-01 -1.36e-01 -1.21e-01 -1.02e-01 -8.11e-02 -6.08e-02 -4.27e-02 -2.81e-02 -1.72e-02 -9.92e-03 -5.34e-03 -2.65e-03 -1.18e-03 -4.68e-04 -1.61e-04 -4.75e-05 -9.62e-06 9.62e-06 
1.09e-05 -1.09e-05 -2.45e-05 -8.63e-05 -2.72e-04 -7.43e-04 -1.77e-03 -3.74e-03 -7.19e-03 -1.29e-02 -2.16e-02 -3.40e-02 -5.01e-02 -6.94e-02 -9.05e-02 -1.12e-01 -1.30e-01 -1.46e-01 -1.57e-01 -1.63e-01 -1.67e-01 -1.67e-01 -1.66e-01 -1.64e-01 -1.61e-01 -1.60e-01 -1.58e-01 -1.57e-01 -1.57e-01 -1.57e-01 -1.56e-01 -1.57e-01 -1.57e-01 -1.57e-01 -1.58e-01 -1.60e-01 -1.61e-01 -1.64e-01 -1.66e-01 -1.67e-01 -1.67e-01 -1.63e-01 -1.57e-01 -1.46e-01 -1.30e-01 -1.12e-01 -9.05e-02 -6.94e-02 -5.01e-02 -3.40e-02 -2.16e-02 -1.29e-02 -7.19e-03 -3.74e-03 -1.77e-03 -7.43e-04 -2.72e-04 -8.61e-05 -2.32e-05 -4.37e-06 4.37e-06 
4.17e-06 -4.17e-06 -1.03e-05 -4.06e-05 -1.42e-04 -4.23e-04 -1.09e-03 -2.45e-03 -4.93e-03 -9.09e-03 -1.57e-02 -2.56e-02 -3.92e-02 -5.62e-02 -7.61e-02 -9.75e-02 -1.18e-01 -1.37e-01 -1.53e-01 -1.65e-01 -1.73e-01 -1.77e-01 -1.79e-01 -1.79e-01 -1.78e-01 -1.76e-01 -1.75e-01 -1.74e-01 -1.73e-01 -1.72e-01 -1.72e-01 -1.72e-01 -1.73e-01 -1.74e-01 -1.75e-01 -1.76e-01 -1.78e-01 -1.79e-01 -1.79e-01 -1.77e-01 -1.73e-01 -1.65e-01 -1.53e-01 -1.37e-01 -1.18e-01 -9.75e-02 -7.61e-02 -5.62e-02 -3.92e-02 -2.56e-02 -1.57e-02 -9.09e-03 -4.93e-03 -2.45e-03 -1.09e-03 -4.23e-04 -1.42e-04 -4.06e-05 -9.89e-06 -1.71e-06 1.71e-06 
1.36e-06 -1.36e-06 -3.75e-06 -1.66e-05 -6.45e-05 -2.14e-04 -6.06e-04 -1.48e-03 -3.17e-03 -6.09e-03 -1.08e-02 -1.82e-02 -2.89e-02 -4.31e-02 -6.04e-02 -8.02e-02 -1.01e-01 -1.22e-01 -1.41e-01 -1.57e-01 -1.70e-01 -1.79e-01 -1.85e-01 -1.89e-01 -1.90e-01 -1.91e-01 -1.91e-01 -1.90e-01 -1.90e-01 -1.90e-01 -1.89e-01 -1.90e-01 -1.90e-01 -1.90e-01 -1.91e-01 -1.91e-01 -1.90e-01 -1.89e-01 -1.85e-01 -1.79e-01 -1.70e-01 -1.57e-01 -1.41e-01 -1.22e-01 -1.01e-01 -8.02e-02 -6.04e-02 -4.31e-02 -2.89e-02 -1.82e-02 -1.08e-02 -6.09e-03 -3.17e-03 -1.48e-03 -6.06e-04 -2.14e-04 -6.45e-05 -1.66e-05 -3.62e-06 -5.71e-07 5.71e-07 
3.75e-07 -3.75e-07 -1.16e-06 -5.82e-06 -2.54e-05 -9.43e-05 -2.98e-04 -8.04e-04 -1.87e-03 -3.83e-03 -7.08e-03 -1.22e-02 -2.00e-02 -3.10e-02 -4.51e-02 -6.22e-02 -8.14e-02 -1.02e-01 -1.22e-01 -1.41e-01 -1.57e-01 -1.70e-01 -1.81e-01 -1.89e-01 -1.94e-01 -1.98e-01 -2.00e-01 -2.01e-01 -2.02e-01 -2.02e-01 -2.03e-01 -2.02e-01 -2.02e-01 -2.01e-01 -2.00e-01 -1.98e-01 -1.94e-01 -1.89e-01 -1.81e-01 -1.70e-01 -1.57e-01 -1.41e-01 -1.22e-01 -1.02e-01 -8.14e-02 -6.22e-02 -4.51e-02 -3.10e-02 -2.00e-02 -1.22e-02 -7.08e-03 -3.83e-03 -1.87e-03 -8.04e-04 -2.98e-04 -9.43e-05 -2.54e-05 -5.82e-06 -1.13e-06 -1.61e-07 1.61e-07 
8.72e-08 -8.72e-08 -3.04e-07 -1.73e-06 -8.54e-06 -3.57e-05 -1.27e-04 -3.84e-04 -9.90e-04 -2.21e-03 -4.34e-03 -7.77e-03 -1.30e-02 -2.08e-02 -3.15e-02 -4.51e-02 -6.12e-02 -7.93e-02 -9.83e-02 -1.17e-01 -1.35e-01 -1.51e-01 -1.65e-01 -1.77e-01 -1.86e-01 -1.93e-01 -1.98e-01 -2.01e-01 -2.03e-01 -2.05e-01 -2.05e-01 -2.05e-01 -2.03e-01 -2.01e-01 -1.98e-01 -1.93e-01 -1.86e-01 -1.77e-01 -1.65e-01 -1.51e-01 -1.35e-01 -1.17e-01 -9.83e-02 -7.93e-02 -6.12e-02 -4.51e-02 -3.15e-02 -2.08e-02 -1.30e-02 -7.77e-03 -4.34e-03 -2.21e-03 -9.90e-04 -3.84e-04 -1.27e-04 -3.57e-05 -8.54e-06 -1.73e-06 -2.98e-07 -3.82e-08 3.82e-08 
1.70e-08 -1.70e-08 -6.71e-08 -4.36e-07 -2.44e-06 -1.15e-05 -4.63e-05 -1.58e-04 -4.57e-04 -1.13e-03 -2.43e-03 -4.63e-03 -8.06e-03 -1.32e-02 -2.06e-02 -3.05e-02 -4.29e-02 -5.76e-02 -7.39e-02 -9.11e-02 -1.08e-01 -1.25e-01 -1.40e-01 -1.53e-01 -1.65e-01 -1.74e-01 -1.81e-01 -1.87e-01 -1.91e-01 -1.93e-01 -1.94e-01 -1.93e-01 -1.91e-01 -1.87e-01 -1.81e-01 -1.74e-01 -1.65e-01 -1.53e-01 -1.40e-01 -1.25e-01 -1.08e-01 -9.11e-02 -7.39e-02 -5.76e-02 -4.29e-02 -3.05e-02 -2.06e-02 -1.32e-02 -8.06e-03 -4.63e-03 -2.43e-03 -1.13e-03 -4.57e-04 -1.58e-04 -4.63e-05 -1.15e-05 -2.44e-06 -4.36e-07 -6.61e-08 -7.56e-09 7.56e-09 
2.74e-09 -2.74e-09 -1.24e-08 -9.23e-08 -5.86e-07 -3.15e-06 -1.43e-05 -5.52e-05 -1.81e-04 -5.03e-04 -1.20e-03 -2.50e-03 -4.63e-03 -7.89e-03 -1.26e-02 -1.93e-02 -2.80e-02 -3.88e-02 -5.15e-02 -6.56e-02 -8.04e-02 -9.54e-02 -1.10e-01 -1.23e-01 -1.35e-01 -1.45e-01 -1.54e-01 -1.60e-01 -1.65e-01 -1.68e-01 -1.69e-01 -1.68e-01 -1.65e-01 -1.60e-01 -1.54e-01 -1.45e-01 -1.35e-01 -1.23e-01 -1.10e-01 -9.54e-02 -8.04e-02 -6.56e-02 -5.15e-02 -3.88e-02 -2.80e-02 -1.93e-02 -1.26e-02 -7.89e-03 -4.63e-03 -2.50e-03 -1.20e-03 -5.03e-04 -1.81e-04 -5.52e-05 -1.43e-05 -3.15e-06 -5.86e-07 -9.23e-08 -1.23e-08 -1.24e-09 1.24e-09 
3.66e-10 -3.66e-10 -1.91e-09 -1.63e-08 -1.19e-07 -7.25e-07 -3.75e-06 -1.64e-05 -6.08e-05 -1.91e-04 -5.14e-04 -1.19e-03 -2.40e-03 -4.36e-03 -7.28e-03 -1.14e-02 -1.71e-02 -2.44e-02 -3.34e-02 -4.37e-02 -5.52e-02 -6.73e-02 -7.94e-02 -9.12e-02 -1.02e-01 -1.12e-01 -1.20e-01 -1.27e-01 -1.31e-01 -1.34e-01 -1.35e-01 -1.34e-01 -1.31e-01 -1.27e-01 -1.20e-01 -1.12e-01 -1.02e-01 -9.12e-02 -7.94e-02 -6.73e-02 -5.52e-02 -4.37e-02 -3.34e-02 -2.44e-02 -1.71e-02 -1.14e-02 -7.28e-03 -4.36e-03 -2.40e-03 -1.19e-03 -5.14e-04 -1.91e-04 -6.08e-05 -1.64e-05 -3.75e-06 -7.25e-07 -1.19e-07 -1.63e-08 -1.89e-09 -1.68e-10 1.68e-10 
4.00e-11 -4.00e-11 -2.43e-10 -2.41e-09 -2.01e-08 -1.40e-07 -8.26e-07 -4.11e-06 -1.73e-05 -6.17e-05 -1.87e-04 -4.86e-04 -1.09e-03 -2.16e-03 -3.85e-03 -6.32e-03 -9.77e-03 -1.44e-02 -2.01e-02 -2.71e-02 -3.51e-02 -4.39e-02 -5.30e-02 -6.22e-02 -7.10e-02 -7.90e-02 -8.60e-02 -9.16e-02 -9.58e-02 -9.84e-02 -9.92e-02 -9.84e-02 -9.58e-02 -9.16e-02 -8.60e-02 -7.90e-02 -7.10e-02 -6.22e-02 -5.30e-02 -4.39e-02 -3.51e-02 -2.71e-02 -2.01e-02 -1.44e-02 -9.77e-03 -6.32e-03 -3.85e-03 -2.16e-03 -1.09e-03 -4.86e-04 -1.87e-04 -6.17e-05 -1.73e-05 -4.11e-06 -8.26e-07 -1.40e-07 -2.01e-08 -2.41e-09 -2.42e-10 -1.87e-11 1.87e-11 
3.54e-12 -3.54e-12 -2.54e-11 -2.95e-10 -2.84e-09 -2.28e-08 -1.53e-07 -8.67e-07 -4.15e-06 -1.68e-05 -5.77e-05 -1.69e-04 -4.26e-04 -9.32e-04 -1.81e-03 -3.17e-03 -5.14e-03 -7.83e-03 -1.13e-02 -1.57e-02 -2.08e-02 -2.66e-02 -3.28e-02 -3.92e-02 -4.55e-02 -5.15e-02 -5.67e-02 -6.11e-02 -6.43e-02 -6.63e-02 -6.70e-02 -6.63e-02 -6.43e-02 -6.11e-02 -5.67e-02 -5.15e-02 -4.55e-02 -3.92e-02 -3.28e-02 -2.66e-02 -2.08e-02 -1.57e-02 -1.13e-02 -7.83e-03 -5.14e-03 -3.17e-03 -1.81e-03 -9.32e-04 -4.26e-04 -1.69e-04 -5.77e-05 -1.68e-05 -4.15e-06 -8.67e-07 -1.53e-07 -2.28e-08 -2.84e-09 -2.95e-10 -2.53e-11 -1.67e-12 1.67e-12 
2.49e-13 -2.49e-13 -2.15e-12 -2.96e-11 -3.32e-10 -3.09e-09 -2.38e-08 -1.54e-07 -8.40e-07 -3.86e-06 -1.50e-05 -4.98e-05 -1.41e-04 -3.45e-04 -7.37e-04 -1.40e-03 -2.43e-03 -3.89e-03 -5.86e-03 -8.36e-03 -1.14e-02 -1.49e-02 -1.88e-02 -2.29e-02 -2.70e-02 -3.10e-02 -3.46e-02 -3.76e-02 -3.98e-02 -4.12e-02 -4.17e-02 -4.12e-02 -3.98e-02 -3.76e-02 -3.46e-02 -3.10e-02 -2.70e-02 -2.29e-02 -1.88e-02 -1.49e-02 -1.14e-02 -8.36e-03 -5.86e-03 -3.89e-03 -2.43e-03 -1.40e-03 -7.37e-04 -3.45e-04 -1.41e-04 -4.98e-05 -1.50e-05 -3.86e-06 -8.40e-07 -1.54e-07 -2.38e-08 -3.09e-09 -3.32e-10 -2.96e-11 -2.14e-12 -1.19e-13 1.19e-13 
1.36e-14 -1.36e-14 -1.45e-13 -2.41e-12 -3.20e-11 -3.47e-10 -3.10e-09 -2.30e-08 -1.43e-07 -7.50e-07 -3.31e-06 -1.24e-05 -3.96e-05 -1.09e-04 -2.58e-04 -5.39e-04 -1.01e-03 -1.73e-03 -2.73e-03 -4.07e-03 -5.73e-03 -7.71e-03 -9.96e-03 -1.24e-02 -1.49e-02 -1.73e-02 -1.95e-02 -2.14e-02 -2.28e-02 -2.37e-02 -2.40e-02 -2.37e-02 -2.28e-02 -2.14e-02 -1.95e-02 -1.73e-02 -1.49e-02 -1.24e-02 -9.96e-03 -7.71e-03 -5.73e-03 -4.07e-03 -2.73e-03 -1.73e-03 -1.01e-03 -5.39e-04 -2.58e-04 -1.09e-04 -3.96e-05 -1.24e-05 -3.31e-06 -7.50e-07 -1.43e-07 -2.30e-08 -3.10e-09 -3.47e-10 -3.20e-11 -2.41e-12 -1.45e-13 -6.55e-15 6.55e-15 
5.54e-16 -5.54e-16 -7.60e-15 -1.56e-13 -2.50e-12 -3.21e-11 -3.35e-10 -2.88e-09 -2.05e-08 -1.23e-07 -6.16e-07 -2.62e-06 -9.43e-06 -2.90e-05 -7.69e-05 -1.78e-04 -3.64e-04 -6.70e-04 -1.13e-03 -1.77e-03 -2.60e-03 -3.63e-03 -4.81e-03 -6.13e-03 -7.50e-03 -8.87e-03 -1.01e-02 -1.12e-02 -1.21e-02 -1.26e-02 -1.28e-02 -1.26e-02 -1.21e-02 -1.12e-02 -1.01e-02 -8.87e-03 -7.50e-03 -6.13e-03 -4.81e-03 -3.63e-03 -2.60e-03 -1.77e-03 -1.13e-03 -6.70e-04 -3.64e-04 -1.78e-04 -7.69e-05 -2.90e-05 -9.43e-06 -2.62e-06 -6.16e-07 -1.23e-07 -2.05e-08 -2.88e-09 -3.35e-10 -3.21e-11 -2.50e-12 -1.56e-13 -7.59e-15 -2.70e-16 2.70e-16 
1.59e-17 -1.59e-17 -2.98e-16 -7.88e-15 -1.56e-13 -2.42e-12 -2.98e-11 -2.99e-10 -2.47e-09 -1.69e-08 -9.69e-08 -4.67e-07 -1.90e-06 -6.59e-06 -1.96e-05 -5.02e-05 -1.13e-04 -2.27e-04 -4.11e-04 -6.83e-04 -1.06e-03 -1.54e-03 -2.12e-03 -2.77e-03 -3.48e-03 -4.19e-03 -4.87e-03 -5.46e-03 -5.91e-03 -6.20e-03 -6.30e-03 -6.20e-03 -5.91e-03 -5.46e-03 -4.87e-03 -4.19e-03 -3.48e-03 -2.77e-03 -2.12e-03 -1.54e-03 -1.06e-03 -6.83e-04 -4.11e-04 -2.27e-04 -1.13e-04 -5.02e-05 -1.96e-05 -6.59e-06 -1.90e-06 -4.67e-07 -9.69e-08 -1.69e-08 -2.47e-09 -2.99e-10 -2.98e-11 -2.42e-12 -1.56e-13 -7.88e-15 -2.98e-16 -7.80e-18 7.80e-18 
2.85e-19 -2.85e-19 -8.22e-18 -2.98e-16 -7.62e-15 -1.46e-13 -2.17e-12 -2.58e-11 -2.49e-10 -1.97e-09 -1.30e-08 -7.15e-08 -3.31e-07 -1.30e-06 -4.35e-06 -1.25e-05 -3.14e-05 -6.93e-05 -1.37e-04 -2.45e-04 -4.05e-04 -6.22e-04 -8.96e-04 -1.22e-03 -1.58e-03 -1.95e-03 -2.31e-03 -2.63e-03 -2.89e-03 -3.05e-03 -3.10e-03 -3.05e-03 -2.89e-03 -2.63e-03 -2.31e-03 -1.95e-03 -1.58e-03 -1.22e-03 -8.96e-04 -6.22e-04 -4.05e-04 -2.45e-04 -1.37e-04 -6.93e-05 -3.14e-05 -1.25e-05 -4.35e-06 -1.30e-06 -3.31e-07 -7.15e-08 -1.30e-08 -1.97e-09 -2.49e-10 -2.58e-11 -2.17e-12 -1.46e-13 -7.62e-15 -2.98e-16 -8.22e-18 -1.41e-19 1.41e-19 
4.81e-21 -4.81e-21 -2.85e-19 -1.59e-17 -5.56e-16 -1.37e-14 -2.51e-13 -3.59e-12 -4.09e-11 -3.78e-10 -2.86e-09 -1.80e-08 -9.44e-08 -4.17e-07 -1.56e-06 -4.98e-06 -1.37e-05 -3.30e-05 -7.01e-05 -1.34e-04 -2.33e-04 -3.73e-04 -5.57e-04 -7.81e-04 -1.04e-03 -1.30e-03 -1.57e-03 -1.81e-03 -1.99e-03 -2.11e-03 -2.15e-03 -2.11e-03 -1.99e-03 -1.81e-03 -1.57e-03 -1.30e-03 -1.04e-03 -7.81e-04 -5.57e-04 -3.73e-04 -2.33e-04 -1.34e-04 -7.01e-05 -3.30e-05 -1.37e-05 -4.98e-06 -1.56e-06 -4.17e-07 -9.44e-08 -1.80e-08 -2.86e-09 -3.78e-10 -4.09e-11 -3.59e-12 -2.51e-13 -1.37e-14 -5.56e-16 -1.59e-17 -2.85e-19 -2.40e-21 2.40e-21 
-4.81e-21 4.81e-21 2.85e-19 1.59e-17 5.56e-16 1.37e-14 2.51e-13 3.59e-12 4.09e-11 3.78e-10 2.86e-09 1.80e-08 9.44e-08 4.17e-07 1.56e-06 4.98e-06 1.37e-05 3.30e-05 7.01e-05 1.34e-04 2.33e-04 3.73e-04 5.57e-04 7.81e-04 1.04e-03 1.30e-03 1.57e-03 1.81e-03 1.99e-03 2.11e-03 2.15e-03 2.11e-03 1.99e-03 1.81e-03 1.57e-03 1.30e-03 1.04e-03 7.81e-04 5.57e-04 3.73e-04 2.33e-04 1.34e-04 7.01e-05 3.30e-05 1.37e-05 4.98e-06 1.56e-06 4.17e-07 9.44e-08 1.80e-08 2.86e-09 3.78e-10 4.09e-11 3.59e-12 2.51e-13 1.37e-14 5.56e-16 1.59e-17 2.85e-19 2.40e-21 -2.40e-21 
