1.41e-08 -1.41e-08 -8.20e-08 -6.48e-07 -3.62e-06 -1.43e-05 -4.02e-05 -7.92e-05 -1.12e-04 -1.21e-04 -1.15e-04 -9.71e-05 -7.49e-05 -5.75e-05 -4.41e-05 -4.10e-05 -4.41e-05 -5.75e-05 -7.49e-05 -9.71e-05 -1.15e-04 -1.21e-04 -1.12e-04 -7.92e-05 -4.02e-05 -1.43e-05 -3.62e-06 -6.48e-07 -8.15e-08 -6.67e-09 6.67e-09 
-1.41e-08 1.41e-08 8.20e-08 6.48e-07 3.62e-06 1.43e-05 4.02e-05 7.92e-05 1.12e-04 1.21e-04 1.15e-04 9.71e-05 7.49e-05 5.75e-05 4.41e-05 4.10e-05 4.41e-05 5.75e-05 7.49e-05 9.71e-05 1.15e-04 1.21e-04 1.12e-04 7.92e-05 4.02e-05 1.43e-05 3.62e-06 6.48e-07 8.15e-08 6.67e-09 -6.67e-09 
-1.64e-07 1.64e-07 7.30e-07 4.53e-06 2.03e-05 6.52e-05 1.48e-04 2.37e-04 2.75e-04 2.58e-04 2.18e-04 1.59e-04 1.06e-04 6.41e-05 3.62e-05 2.92e-05 3.62e-05 6.41e-05 1.06e-04 1.59e-04 2.18e-04 2.58e-04 2.75e-04 2.37e-04 1.48e-04 6.52e-05 2.03e-05 4.53e-06 7.23e-07 7.57e-08 -7.57e-08 
-1.23e-06 1.23e-06 4.20e-06 2.00e-05 6.91e-05 1.67e-04 2.76e-04 3.06e-04 2.43e-04 1.72e-04 1.03e-04 3.62e-05 5.81e-06 -2.81e-05 -3.33e-05 -4.46e-05 -3.33e-05 -2.81e-05 5.81e-06 3.62e-05 1.03e-04 1.72e-04 2.43e-04 3.06e-04 2.76e-04 1.67e-04 6.91e-05 2.00e-05 4.13e-06 5.50e-07 -5.50e-07 
-6.45e-06 6.45e-06 1.72e-05 6.21e-05 1.60e-04 2.75e-04 2.86e-04 1.58e-04 5.51e-05 3.04e-05 -6.66e-06 1.28e-05 2.73e-05 3.42e-05 5.52e-05 4.48e-05 5.52e-05 3.42e-05 2.73e-05 1.28e-05 -6.66e-06 3.04e-05 5.51e-05 1.58e-04 2.86e-04 2.75e-04 1.60e-04 6.20e-05 1.67e-05 2.78e-06 -2.78e-06 
-2.38e-05 2.38e-05 4.96e-05 1.32e-04 2.41e-04 2.53e-04 9.65e-05 -2.27e-05 3.94e-05 6.64e-05 8.73e-05 1.60e-04 1.33e-04 1.82e-04 1.50e-04 1.82e-04 1.50e-04 1.82e-04 1.33e-04 1.60e-04 8.73e-05 6.64e-05 3.94e-05 -2.27e-05 9.65e-05 2.53e-04 2.41e-04 1.32e-04 4.72e-05 9.75e-06 -9.75e-06 
-6.17e-05 6.17e-05 1.01e-04 1.89e-04 2.19e-04 9.14e-05 -2.79e-05 8.08e-05 1.61e-04 9.53e-05 1.60e-04 1.08e-04 9.09e-05 1.09e-04 6.06e-05 1.08e-04 6.06e-05 1.09e-04 9.09e-05 1.08e-04 1.60e-04 9.53e-05 1.61e-04 8.08e-05 -2.79e-05 9.14e-05 2.19e-04 1.88e-04 9.24e-05 2.37e-05 -2.37e-05 
-1.13e-04 1.13e-04 1.45e-04 1.84e-04 1.21e-04 1.73e-05 7.94e-05 1.60e-04 3.38e-05 4.73e-05 8.06e-05 -5.90e-06 1.14e-04 3.24e-05 1.29e-04 5.56e-05 1.29e-04 3.24e-05 1.14e-04 -5.90e-06 8.06e-05 4.73e-05 3.38e-05 1.60e-04 7.94e-05 1.72e-05 1.20e-04 1.79e-04 1.25e-04 3.96e-05 -3.96e-05 
-1.52e-04 1.52e-04 1.61e-04 1.45e-04 7.43e-05 4.96e-05 7.66e-05 1.08e-05 2.42e-05 1.32e-04 5.56e-05 1.53e-04 1.55e-04 1.44e-04 2.00e-04 1.43e-04 2.00e-04 1.44e-04 1.55e-04 1.53e-04 5.56e-05 1.32e-04 2.42e-05 1.08e-05 7.66e-05 4.94e-05 7.26e-05 1.36e-04 1.25e-04 4.69e-05 -4.69e-05 
-1.64e-04 1.64e-04 1.57e-04 1.17e-04 4.76e-05 1.05e-05 3.15e-05 9.62e-05 1.29e-04 5.30e-05 8.65e-05 1.23e-04 5.77e-05 1.42e-04 7.65e-05 1.52e-04 7.65e-05 1.42e-04 5.77e-05 1.23e-04 8.65e-05 5.30e-05 1.29e-04 9.62e-05 3.14e-05 9.93e-06 4.41e-05 1.02e-04 1.07e-04 4.44e-05 -4.44e-05 
-1.58e-04 1.58e-04 1.40e-04 8.08e-05 1.43e-05 3.38e-05 1.07e-04 5.43e-05 -3.22e-05 6.54e-05 1.02e-04 7.13e-05 1.51e-04 1.44e-04 2.08e-04 1.86e-04 2.08e-04 1.44e-04 1.51e-04 7.13e-05 1.02e-04 6.54e-05 -3.22e-05 5.43e-05 1.06e-04 3.27e-05 9.16e-06 6.13e-05 8.39e-05 3.78e-05 -3.78e-05 
-1.33e-04 1.33e-04 1.11e-04 5.71e-05 2.67e-05 4.11e-05 1.35e-05 -3.23e-06 1.16e-04 1.18e-04 5.36e-05 1.34e-04 1.12e-04 1.97e-04 1.91e-04 2.49e-04 1.91e-04 1.97e-04 1.12e-04 1.34e-04 5.36e-05 1.18e-04 1.16e-04 -3.26e-06 1.33e-05 3.98e-05 2.07e-05 3.63e-05 5.59e-05 2.76e-05 -2.76e-05 
-9.91e-05 9.91e-05 8.17e-05 4.02e-05 6.32e-06 1.33e-05 6.23e-05 8.02e-05 -1.07e-06 -1.20e-05 7.19e-05 6.40e-05 1.49e-04 1.77e-04 2.63e-04 3.31e-04 2.63e-04 1.77e-04 1.49e-04 6.40e-05 7.19e-05 -1.20e-05 -1.07e-06 8.02e-05 6.21e-05 1.19e-05 6.01e-07 2.18e-05 3.68e-05 1.84e-05 -1.84e-05 
-6.11e-05 6.11e-05 4.77e-05 1.98e-05 1.46e-05 3.56e-05 3.48e-06 -4.47e-05 5.16e-05 1.07e-04 4.21e-05 1.06e-04 1.00e-04 1.87e-04 3.49e-04 5.74e-04 3.49e-04 1.87e-04 1.00e-04 1.06e-04 4.21e-05 1.07e-04 5.16e-05 -4.47e-05 3.27e-06 3.45e-05 1.05e-05 7.29e-06 1.81e-05 1.03e-05 -1.03e-05 
-2.00e-05 2.00e-05 1.69e-05 9.90e-06 -1.44e-06 -1.18e-05 2.07e-05 6.85e-05 -4.63e-06 -6.12e-05 1.47e-05 -6.62e-06 5.12e-05 1.19e-04 3.43e-04 1.24e-03 3.43e-04 1.19e-04 5.12e-05 -6.62e-06 1.47e-05 -6.12e-05 -4.63e-06 6.85e-05 2.06e-05 -1.22e-05 -2.93e-06 5.42e-06 6.73e-06 3.14e-06 -3.14e-06 
2.00e-05 -2.00e-05 -1.69e-05 -9.90e-06 1.44e-06 1.18e-05 -2.07e-05 -6.85e-05 4.63e-06 6.12e-05 -1.47e-05 6.62e-06 -5.12e-05 -1.19e-04 -3.43e-04 -1.24e-03 -3.43e-04 -1.19e-04 -5.12e-05 6.62e-06 -1.47e-05 6.12e-05 4.63e-06 -6.85e-05 -2.06e-05 1.22e-05 2.93e-06 -5.42e-06 -6.73e-06 -3.14e-06 3.14e-06 
6.11e-05 -6.11e-05 -4.77e-05 -1.98e-05 -1.46e-05 -3.56e-05 -3.48e-06 4.47e-05 -5.16e-05 -1.07e-04 -4.21e-05 -1.06e-04 -1.00e-04 -1.87e-04 -3.49e-04 -5.74e-04 -3.49e-04 -1.87e-04 -1.00e-04 -1.06e-04 -4.21e-05 -1.07e-04 -5.16e-05 4.47e-05 -3.27e-06 -3.45e-05 -1.05e-05 -7.29e-06 -1.81e-05 -1.03e-05 1.03e-05 
9.91e-05 -9.91e-05 -8.17e-05 -4.02e-05 -6.32e-06 -1.33e-05 -6.23e-05 -8.02e-05 1.07e-06 1.20e-05 -7.19e-05 -6.40e-05 -1.49e-04 -1.77e-04 -2.63e-04 -3.31e-04 -2.63e-04 -1.77e-04 -1.49e-04 -6.40e-05 -7.19e-05 1.20e-05 1.07e-06 -8.02e-05 -6.21e-05 -1.19e-05 -6.01e-07 -2.18e-05 -3.68e-05 -1.84e-05 1.84e-05 
1.33e-04 -1.33e-04 -1.11e-04 -5.71e-05 -2.67e-05 -4.11e-05 -1.35e-05 3.23e-06 -1.16e-04 -1.18e-04 -5.36e-05 -1.34e-04 -1.12e-04 -1.97e-04 -1.91e-04 -2.49e-04 -1.91e-04 -1.97e-04 -1.12e-04 -1.34e-04 -5.36e-05 -1.18e-04 -1.16e-04 3.26e-06 -1.33e-05 -3.98e-05 -2.07e-05 -3.63e-05 -5.59e-05 -2.76e-05 2.76e-05 
1.58e-04 -1.58e-04 -1.40e-04 -8.08e-05 -1.43e-05 -3.38e-05 -1.07e-04 -5.43e-05 3.22e-05 -6.54e-05 -1.02e-04 -7.13e-05 -1.51e-04 -1.44e-04 -2.08e-04 -1.86e-04 -2.08e-04 -1.44e-04 -1.51e-04 -7.13e-05 -1.02e-04 -6.54e-05 3.22e-05 -5.43e-05 -1.06e-04 -3.27e-05 -9.16e-06 -6.13e-05 -8.39e-05 -3.78e-05 3.78e-05 
1.64e-04 -1.64e-04 -1.57e-04 -1.17e-04 -4.76e-05 -1.05e-05 -3.15e-05 -9.62e-05 -1.29e-04 -5.30e-05 -8.65e-05 -1.23e-04 -5.77e-05 -1.42e-04 -7.65e-05 -1.52e-04 -7.65e-05 -1.42e-04 -5.77e-05 -1.23e-04 -8.65e-05 -5.30e-05 -1.29e-04 -9.62e-05 -3.14e-05 -9.93e-06 -4.41e-05 -1.02e-04 -1.07e-04 -4.44e-05 4.44e-05 
1.52e-04 -1.52e-04 -1.61e-04 -1.45e-04 -7.43e-05 -4.96e-05 -7.66e-05 -1.08e-05 -2.42e-05 -1.32e-04 -5.56e-05 -1.53e-04 -1.55e-04 -1.44e-04 -2.00e-04 -1.44e-04 -2.00e-04 -1.44e-04 -1.55e-04 -1.53e-04 -5.56e-05 -1.32e-04 -2.42e-05 -1.08e-05 -7.66e-05 -4.94e-05 -7.26e-05 -1.36e-04 -1.25e-04 -4.69e-05 4.69e-05 
1.13e-04 -1.13e-04 -1.45e-04 -1.84e-04 -1.21e-04 -1.73e-05 -7.94e-05 -1.60e-04 -3.39e-05 -4.73e-05 -8.06e-05 5.87e-06 -1.14e-04 -3.25e-05 -1.29e-04 -5.58e-05 -1.29e-04 -3.25e-05 -1.14e-04 5.87e-06 -8.06e-05 -4.73e-05 -3.39e-05 -1.60e-04 -7.94e-05 -1.72e-05 -1.20e-04 -1.79e-04 -1.25e-04 -3.96e-05 3.96e-05 
6.17e-05 -6.17e-05 -1.01e-04 -1.89e-04 -2.19e-04 -9.14e-05 2.79e-05 -8.08e-05 -1.61e-04 -9.53e-05 -1.60e-04 -1.08e-04 -9.14e-05 -1.09e-04 -6.15e-05 -1.09e-04 -6.15e-05 -1.09e-04 -9.14e-05 -1.08e-04 -1.60e-04 -9.53e-05 -1.61e-04 -8.08e-05 2.79e-05 -9.14e-05 -2.19e-04 -1.88e-04 -9.24e-05 -2.37e-05 2.37e-05 
2.38e-05 -2.38e-05 -4.96e-05 -1.32e-04 -2.41e-04 -2.53e-04 -9.65e-05 2.27e-05 -3.95e-05 -6.67e-05 -8.82e-05 -1.62e-04 -1.35e-04 -1.86e-04 -1.54e-04 -1.87e-04 -1.54e-04 -1.86e-04 -1.35e-04 -1.62e-04 -8.82e-05 -6.67e-05 -3.95e-05 2.27e-05 -9.65e-05 -2.53e-04 -2.41e-04 -1.32e-04 -4.72e-05 -9.75e-06 9.75e-06 
6.45e-06 -6.45e-06 -1.72e-05 -6.21e-05 -1.60e-04 -2.75e-04 -2.86e-04 -1.59e-04 -5.58e-05 -3.26e-05 1.57e-06 -2.20e-05 -4.11e-05 -5.24e-05 -7.64e-05 -6.71e-05 -7.64e-05 -5.24e-05 -4.11e-05 -2.20e-05 1.57e-06 -3.26e-05 -5.58e-05 -1.59e-04 -2.86e-04 -2.75e-04 -1.60e-04 -6.20e-05 -1.67e-05 -2.78e-06 2.78e-06 
1.23e-06 -1.23e-06 -4.20e-06 -2.00e-05 -6.91e-05 -1.67e-04 -2.77e-04 -3.07e-04 -2.48e-04 -1.85e-04 -1.27e-04 -7.49e-05 -5.93e-05 -3.81e-05 -4.13e-05 -3.29e-05 -4.13e-05 -3.81e-05 -5.93e-05 -7.49e-05 -1.27e-04 -1.85e-04 -2.48e-04 -3.07e-04 -2.77e-04 -1.67e-04 -6.91e-05 -2.00e-05 -4.13e-06 -5.50e-07 5.50e-07 
1.64e-07 -1.64e-07 -7.31e-07 -4.54e-06 -2.04e-05 -6.57e-05 -1.51e-04 -2.46e-04 -3.01e-04 -3.12e-04 -3.06e-04 -2.84e-04 -2.64e-04 -2.49e-04 -2.39e-04 -2.37e-04 -2.39e-04 -2.49e-04 -2.64e-04 -2.84e-04 -3.06e-04 -3.12e-04 -3.01e-04 -2.46e-04 -1.51e-04 -6.57e-05 -2.04e-05 -4.54e-06 -7.24e-07 -7.57e-08 7.57e-08 
1.51e-08 -1.51e-08 -8.99e-08 -7.38e-07 -4.32e-06 -1.82e-05 -5.57e-05 -1.24e-04 -2.10e-04 -2.87e-04 -3.50e-04 -3.96e-04 -4.25e-04 -4.43e-04 -4.51e-04 -4.54e-04 -4.51e-04 -4.43e-04 -4.25e-04 -3.96e-04 -3.50e-04 -2.87e-04 -2.10e-04 -1.24e-04 -5.57e-05 -1.82e-05 -4.32e-06 -7.38e-07 -8.95e-08 -7.11e-09 7.11e-09 
1.79e-09 -1.79e-09 -1.51e-08 -1.67e-07 -1.27e-06 -6.82e-06 -2.63e-05 -7.37e-05 -1.53e-04 -2.47e-04 -3.35e-04 -4.11e-04 -4.66e-04 -5.03e-04 -5.24e-04 -5.30e-04 -5.24e-04 -5.03e-04 -4.66e-04 -4.11e-04 -3.35e-04 -2.47e-04 -1.53e-04 -7.37e-05 -2.63e-05 -6.82e-06 -1.27e-06 -1.67e-07 -1.51e-08 -8.64e-10 8.64e-10 
-1.79e-09 1.79e-09 1.51e-08 1.67e-07 1.27e-06 6.82e-06 2.63e-05 7.37e-05 1.53e-04 2.47e-04 3.35e-04 4.11e-04 4.66e-04 5.03e-04 5.24e-04 5.30e-04 5.24e-04 5.03e-04 4.66e-04 4.11e-04 3.35e-04 2.47e-04 1.53e-04 7.37e-05 2.63e-05 6.82e-06 1.27e-06 1.67e-07 1.51e-08 8.64e-10 -8.64e-10 
