0.00e+00 -0.00e+00 -0.00e+00 -0.00e+00 -0.00e+00 -0.00e+00 -0.00e+00 -0.00e+00 -0.00e+00 -0.00e+00 -0.00e+00 -0.00e+00 -0.00e+00 -0.00e+00 -0.00e+00 -0.00e+00 -0.00e+00 -0.00e+00 -0.00e+00 -0.00e+00 -0.00e+00 -0.00e+00 -0.00e+00 -1.89e-17 -5.46e-16 -6.57e-15 -4.32e-14 -1.72e-13 -4.37e-13 -7.44e-13 -8.83e-13 -7.44e-13 -4.37e-13 -1.72e-13 -4.32e-14 -6.57e-15 -5.46e-16 -1.89e-17 -0.00e+00 -0.00e+00 -0.00e+00 -0.00e+00 -0.00e+00 -0.00e+00 -0.00e+00 -0.00e+00 -0.00e+00 -0.00e+00 -0.00e+00 -0.00e+00 -0.00e+00 -0.00e+00 -0.00e+00 -0.00e+00 -0.00e+00 -0.00e+00 -0.00e+00 -0.00e+00 -0.00e+00 -0.00e+00 0.00e+00 
-0.00e+00 0.00e+00 0.00e+00 0.00e+00 0.00e+00 0.00e+00 0.00e+00 0.00e+00 0.00e+00 0.00e+00 0.00e+00 0.00e+00 0.00e+00 0.00e+00 0.00e+00 0.00e+00 0.00e+00 0.00e+00 0.00e+00 0.00e+00 0.00e+00 0.00e+00 0.00e+00 1.89e-17 5.46e-16 6.57e-15 4.32e-14 1.72e-13 4.37e-13 7.44e-13 8.83e-13 7.44e-13 4.37e-13 1.72e-13 4.32e-14 6.57e-15 5.46e-16 1.89e-17 0.00e+00 0.00e+00 0.00e+00 0.00e+00 0.00e+00 0.00e+00 0.00e+00 0.00e+00 0.00e+00 0.00e+00 0.00e+00 0.00e+00 0.00e+00 0.00e+00 0.00e+00 0.00e+00 0.00e+00 0.00e+00 0.00e+00 0.00e+00 0.00e+00 0.00e+00 -0.00e+00 
-0.00e+00 0.00e+00 0.00e+00 0.00e+00 0.00e+00 0.00e+00 0.00e+00 0.00e+00 0.00e+00 0.00e+00 0.00e+00 0.00e+00 0.00e+00 0.00e+00 0.00e+00 0.00e+00 0.00e+00 0.00e+00 0.00e+00 0.00e+00 0.00e+00 0.00e+00 6.62e-17 2.20e-15 3.11e-14 2.45e-13 1.20e-12 3.85e-12 8.45e-12 1.33e-11 1.54e-11 1.33e-11 8.45e-12 3.85e-12 1.20e-12 2.45e-13 3.11e-14 2.20e-15 6.62e-17 0.00e+00 0.00e+00 0.00e+00 0.00e+00 0.00e+00 0.00e+00 0.00e+00 0.00e+00 0.00e+00 0.00e+00 0.00e+00 0.00e+00 0.00e+00 0.00e+00 0.00e+00 0.00e+00 0.00e+00 0.00e+00 0.00e+00 0.00e+00 0.00e+00 -0.00e+00 
-0.00e+00 0.00e+00 0.00e+00 0.00e+00 0.00e+00 0.00e+00 0.00e+00 0.00e+00 0.00e+00 0.00e+00 0.00e+00 0.00e+00 0.00e+00 0.00e+00 0.00e+00 0.00e+00 0.00e+00 0.00e+00 0.00e+00 0.00e+00 0.00e+00 1.99e-16 7.43e-15 1.20e-13 1.09e-12 6.30e-12 2.43e-11 6.53e-11 1.27e-10 1.87e-10 2.11e-10 1.87e-10 1.27e-10 6.53e-11 2.43e-11 6.30e-12 1.09e-12 1.20e-13 7.43e-15 1.99e-16 0.00e+00 0.00e+00 0.00e+00 0.00e+00 0.00e+00 0.00e+00 0.00e+00 0.00e+00 0.00e+00 0.00e+00 0.00e+00 0.00e+00 0.00e+00 0.00e+00 0.00e+00 0.00e+00 0.00e+00 0.00e+00 0.00e+00 0.00e+00 -0.00e+00 
-0.00e+00 0.00e+00 0.00e+00 0.00e+00 0.00e+00 0.00e+00 0.00e+00 0.00e+00 0.00e+00 0.00e+00 0.00e+00 0.00e+00 0.00e+00 0.00e+00 0.00e+00 0.00e+00 0.00e+00 0.00e+00 0.00e+00 0.00e+00 5.17e-16 2.15e-14 3.88e-13 4.03e-12 2.68e-11 1.21e-10 3.84e-10 8.93e-10 1.58e-09 2.20e-09 2.45e-09 2.20e-09 1.58e-09 8.93e-10 3.84e-10 1.21e-10 2.68e-11 4.03e-12 3.88e-13 2.15e-14 5.17e-16 0.00e+00 0.00e+00 0.00e+00 0.00e+00 0.00e+00 0.00e+00 0.00e+00 0.00e+00 0.00e+00 0.00e+00 0.00e+00 0.00e+00 0.00e+00 0.00e+00 0.00e+00 0.00e+00 0.00e+00 0.00e+00 0.00e+00 -0.00e+00 
-0.00e+00 0.00e+00 0.00e+00 0.00e+00 0.00e+00 0.00e+00 0.00e+00 0.00e+00 0.00e+00 0.00e+00 0.00e+00 0.00e+00 0.00e+00 0.00e+00 0.00e+00 0.00e+00 0.00e+00 0.00e+00 0.00e+00 1.17e-15 5.36e-14 1.08e-12 1.25e-11 9.42e-11 4.86e-10 1.79e-09 4.84e-09 1.00e-08 1.64e-08 2.17e-08 2.39e-08 2.17e-08 1.64e-08 1.00e-08 4.84e-09 1.79e-09 4.86e-10 9.42e-11 1.25e-11 1.08e-12 5.36e-14 1.17e-15 0.00e+00 0.00e+00 0.00e+00 0.00e+00 0.00e+00 0.00e+00 0.00e+00 0.00e+00 0.00e+00 0.00e+00 0.00e+00 0.00e+00 0.00e+00 0.00e+00 0.00e+00 0.00e+00 0.00e+00 0.00e+00 -0.00e+00 
-0.00e+00 0.00e+00 0.00e+00 0.00e+00 0.00e+00 0.00e+00 0.00e+00 0.00e+00 0.00e+00 0.00e+00 0.00e+00 0.00e+00 0.00e+00 0.00e+00 0.00e+00 0.00e+00 0.00e+00 0.00e+00 2.35e-15 1.17e-13 2.58e-12 3.32e-11 2.79e-10 1.62e-09 6.78e-09 2.09e-08 4.95e-08 9.26e-08 1.42e-07 1.82e-07 1.97e-07 1.82e-07 1.42e-07 9.26e-08 4.95e-08 2.09e-08 6.78e-09 1.62e-09 2.79e-10 3.32e-11 2.58e-12 1.17e-13 2.35e-15 0.00e+00 0.00e+00 0.00e+00 0.00e+00 0.00e+00 0.00e+00 0.00e+00 0.00e+00 0.00e+00 0.00e+00 0.00e+00 0.00e+00 0.00e+00 0.00e+00 0.00e+00 0.00e+00 0.00e+00 -0.00e+00 
-0.00e+00 0.00e+00 0.00e+00 0.00e+00 0.00e+00 0.00e+00 0.00e+00 0.00e+00 0.00e+00 0.00e+00 0.00e+00 0.00e+00 0.00e+00 0.00e+00 0.00e+00 0.00e+00 0.00e+00 4.15e-15 2.24e-13 5.38e-12 7.61e-11 7.07e-10 4.57e-09 2.14e-08 7.42e-08 1.97e-07 4.15e-07 7.13e-07 1.03e-06 1.28e-06 1.38e-06 1.28e-06 1.03e-06 7.13e-07 4.15e-07 1.97e-07 7.42e-08 2.14e-08 4.57e-09 7.07e-10 7.61e-11 5.38e-12 2.24e-13 4.15e-15 0.00e+00 0.00e+00 0.00e+00 0.00e+00 0.00e+00 0.00e+00 0.00e+00 0.00e+00 0.00e+00 0.00e+00 0.00e+00 0.00e+00 0.00e+00 0.00e+00 0.00e+00 0.00e+00 -0.00e+00 
-0.00e+00 0.00e+00 0.00e+00 0.00e+00 0.00e+00 0.00e+00 0.00e+00 0.00e+00 0.00e+00 0.00e+00 0.00e+00 0.00e+00 0.00e+00 0.00e+00 0.00e+00 0.00e+00 6.53e-15 3.79e-13 9.85e-12 1.52e-10 1.54e-09 1.10e-08 5.69e-08 2.19e-07 6.48e-07 1.51e-06 2.87e-06 4.59e-06 6.34e-06 7.64e-06 8.13e-06 7.64e-06 6.34e-06 4.59e-06 2.87e-06 1.51e-06 6.48e-07 2.19e-07 5.69e-08 1.10e-08 1.54e-09 1.52e-10 9.85e-12 3.79e-13 6.53e-15 0.00e+00 0.00e+00 0.00e+00 0.00e+00 0.00e+00 0.00e+00 0.00e+00 0.00e+00 0.00e+00 0.00e+00 0.00e+00 0.00e+00 0.00e+00 0.00e+00 0.00e+00 -0.00e+00 
-0.00e+00 0.00e+00 0.00e+00 0.00e+00 0.00e+00 0.00e+00 0.00e+00 0.00e+00 0.00e+00 0.00e+00 0.00e+00 0.00e+00 0.00e+00 0.00e+00 0.00e+00 9.14e-15 5.68e-13 1.59e-11 2.64e-10 2.92e-09 2.28e-08 1.29e-07 5.49e-07 1.78e-06 4.55e-06 9.45e-06 1.65e-05 2.48e-05 3.27e-05 3.86e-05 4.07e-05 3.86e-05 3.27e-05 2.48e-05 1.65e-05 9.45e-06 4.55e-06 1.78e-06 5.49e-07 1.29e-07 2.28e-08 2.92e-09 2.64e-10 1.59e-11 5.68e-13 9.14e-15 0.00e+00 0.00e+00 0.00e+00 0.00e+00 0.00e+00 0.00e+00 0.00e+00 0.00e+00 0.00e+00 0.00e+00 0.00e+00 0.00e+00 0.00e+00 0.00e+00 -0.00e+00 
-0.00e+00 0.00e+00 0.00e+00 0.00e+00 0.00e+00 0.00e+00 0.00e+00 0.00e+00 0.00e+00 0.00e+00 0.00e+00 0.00e+00 0.00e+00 0.00e+00 1.14e-14 7.57e-13 2.27e-11 4.05e-10 4.84e-09 4.09e-08 2.53e-07 1.17e-06 4.16e-06 1.16e-05 2.59e-05 4.86e-05 7.85e-05 1.12e-04 1.43e-04 1.64e-04 1.72e-04 1.64e-04 1.43e-04 1.12e-04 7.85e-05 4.86e-05 2.59e-05 1.16e-05 4.16e-06 1.17e-06 2.53e-07 4.09e-08 4.84e-09 4.05e-10 2.27e-11 7.57e-13 1.14e-14 0.00e+00 0.00e+00 0.00e+00 0.00e+00 0.00e+00 0.00e+00 0.00e+00 0.00e+00 0.00e+00 0.00e+00 0.00e+00 0.00e+00 0.00e+00 -0.00e+00 
-0.00e+00 0.00e+00 0.00e+00 0.00e+00 0.00e+00 0.00e+00 0.00e+00 0.00e+00 0.00e+00 0.00e+00 0.00e+00 0.00e+00 0.00e+00 1.28e-14 8.98e-13 2.86e-11 5.48e-10 7.04e-09 6.42e-08 4.30e-07 2.16e-06 8.32e-06 2.50e-05 6.02e-05 1.20e-04 2.06e-04 3.12e-04 4.24e-04 5.23e-04 5.92e-04 6.17e-04 5.92e-04 5.23e-04 4.24e-04 3.12e-04 2.06e-04 1.20e-04 6.02e-05 2.50e-05 8.32e-06 2.16e-06 4.30e-07 6.42e-08 7.04e-09 5.48e-10 2.86e-11 8.98e-13 1.28e-14 0.00e+00 0.00e+00 0.00e+00 0.00e+00 0.00e+00 0.00e+00 0.00e+00 0.00e+00 0.00e+00 0.00e+00 0.00e+00 0.00e+00 -0.00e+00 
-0.00e+00 0.00e+00 0.00e+00 0.00e+00 0.00e+00 0.00e+00 0.00e+00 0.00e+00 0.00e+00 0.00e+00 0.00e+00 0.00e+00 1.28e-14 9.51e-13 3.22e-11 6.56e-10 9.01e-09 8.81e-08 6.35e-07 3.45e-06 1.43e-05 4.64e-05 1.19e-04 2.53e-04 4.56e-04 7.24e-04 1.04e-03 1.35e-03 1.63e-03 1.81e-03 1.88e-03 1.81e-03 1.63e-03 1.35e-03 1.04e-03 7.24e-04 4.56e-04 2.53e-04 1.19e-04 4.64e-05 1.43e-05 3.45e-06 6.35e-07 8.81e-08 9.01e-09 6.56e-10 3.22e-11 9.51e-13 1.28e-14 0.00e+00 0.00e+00 0.00e+00 0.00e+00 0.00e+00 0.00e+00 0.00e+00 0.00e+00 0.00e+00 0.00e+00 0.00e+00 -0.00e+00 
-0.00e+00 0.00e+00 0.00e+00 0.00e+00 0.00e+00 0.00e+00 0.00e+00 0.00e+00 0.00e+00 0.00e+00 0.00e+00 1.14e-14 8.97e-13 3.21e-11 6.95e-10 1.02e-08 1.06e-07 8.21e-07 4.78e-06 2.14e-05 7.42e-05 2.04e-04 4.56e-04 8.60e-04 1.42e-03 2.13e-03 2.91e-03 3.68e-03 4.33e-03 4.77e-03 4.93e-03 4.77e-03 4.33e-03 3.68e-03 2.91e-03 2.13e-03 1.42e-03 8.60e-04 4.56e-04 2.04e-04 7.42e-05 2.14e-05 4.78e-06 8.21e-07 1.06e-07 1.02e-08 6.95e-10 3.21e-11 8.97e-13 1.14e-14 0.00e+00 0.00e+00 0.00e+00 0.00e+00 0.00e+00 0.00e+00 0.00e+00 0.00e+00 0.00e+00 0.00e+00 -0.00e+00 
-0.00e+00 0.00e+00 0.00e+00 0.00e+00 0.00e+00 0.00e+00 0.00e+00 0.00e+00 0.00e+00 0.00e+00 9.14e-15 7.55e-13 2.85e-11 6.53e-10 1.01e-08 1.13e-07 9.28e-07 5.79e-06 2.77e-05 1.03e-04 3.01e-04 7.10e-04 1.40e-03 2.40e-03 3.72e-03 5.30e-03 7.01e-03 8.66e-03 1.01e-02 1.10e-02 1.13e-02 1.10e-02 1.01e-02 8.66e-03 7.01e-03 5.30e-03 3.72e-03 2.40e-03 1.40e-03 7.10e-04 3.01e-04 1.03e-04 2.77e-05 5.79e-06 9.28e-07 1.13e-07 1.01e-08 6.53e-10 2.85e-11 7.55e-13 9.14e-15 0.00e+00 0.00e+00 0.00e+00 0.00e+00 0.00e+00 0.00e+00 0.00e+00 0.00e+00 0.00e+00 -0.00e+00 
-0.00e+00 0.00e+00 0.00e+00 0.00e+00 0.00e+00 0.00e+00 0.00e+00 0.00e+00 0.00e+00 6.53e-15 5.65e-13 2.25e-11 5.42e-10 8.89e-09 1.05e-07 9.21e-07 6.13e-06 3.13e-05 1.24e-04 3.86e-04 9.61e-04 1.98e-03 3.51e-03 5.64e-03 8.35e-03 1.15e-02 1.49e-02 1.82e-02 2.09e-02 2.27e-02 2.33e-02 2.27e-02 2.09e-02 1.82e-02 1.49e-02 1.15e-02 8.35e-03 5.64e-03 3.51e-03 1.98e-03 9.61e-04 3.86e-04 1.24e-04 3.13e-05 6.13e-06 9.21e-07 1.05e-07 8.89e-09 5.42e-10 2.25e-11 5.65e-13 6.53e-15 0.00e+00 0.00e+00 0.00e+00 0.00e+00 0.00e+00 0.00e+00 0.00e+00 0.00e+00 -0.00e+00 
-0.00e+00 0.00e+00 0.00e+00 0.00e+00 0.00e+00 0.00e+00 0.00e+00 0.00e+00 4.15e-15 3.77e-13 1.57e-11 3.98e-10 6.89e-09 8.60e-08 8.00e-07 5.66e-06 3.09e-05 1.30e-04 4.32e-04 1.14e-03 2.44e-03 4.50e-03 7.48e-03 1.15e-02 1.66e-02 2.25e-02 2.88e-02 3.47e-02 3.96e-02 4.28e-02 4.40e-02 4.28e-02 3.96e-02 3.47e-02 2.88e-02 2.25e-02 1.66e-02 1.15e-02 7.48e-03 4.50e-03 2.44e-03 1.14e-03 4.32e-04 1.30e-04 3.09e-05 5.66e-06 8.00e-07 8.60e-08 6.89e-09 3.98e-10 1.57e-11 3.77e-13 4.15e-15 0.00e+00 0.00e+00 0.00e+00 0.00e+00 0.00e+00 0.00e+00 0.00e+00 -0.00e+00 
-0.00e+00 0.00e+00 0.00e+00 0.00e+00 0.00e+00 0.00e+00 0.00e+00 2.35e-15 2.22e-13 9.69e-12 2.58e-10 4.70e-09 6.18e-08 6.09e-07 4.57e-06 2.65e-05 1.19e-04 4.21e-04 1.17e-03 2.65e-03 5.09e-03 8.79e-03 1.42e-02 2.14e-02 3.04e-02 4.07e-02 5.13e-02 6.12e-02 6.94e-02 7.47e-02 7.65e-02 7.47e-02 6.94e-02 6.12e-02 5.13e-02 4.07e-02 3.04e-02 2.14e-02 1.42e-02 8.79e-03 5.09e-03 2.65e-03 1.17e-03 4.21e-04 1.19e-04 2.65e-05 4.57e-06 6.09e-07 6.18e-08 4.70e-09 2.58e-10 9.69e-12 2.22e-13 2.35e-15 0.00e+00 0.00e+00 0.00e+00 0.00e+00 0.00e+00 0.00e+00 -0.00e+00 
-0.00e+00 0.00e+00 0.00e+00 0.00e+00 0.00e+00 0.00e+00 1.17e-15 1.16e-13 5.27e-12 1.47e-10 2.81e-09 3.89e-08 4.04e-07 3.22e-06 1.98e-05 9.50e-05 3.57e-04 1.06e-03 2.54e-03 5.12e-03 9.22e-03 1.56e-02 2.48e-02 3.69e-02 5.15e-02 6.78e-02 8.43e-02 9.96e-02 1.12e-01 1.20e-01 1.22e-01 1.20e-01 1.12e-01 9.96e-02 8.43e-02 6.78e-02 5.15e-02 3.69e-02 2.48e-02 1.56e-02 9.22e-03 5.12e-03 2.54e-03 1.06e-03 3.57e-04 9.50e-05 1.98e-05 3.22e-06 4.04e-07 3.89e-08 2.81e-09 1.47e-10 5.27e-12 1.16e-13 1.17e-15 0.00e+00 0.00e+00 0.00e+00 0.00e+00 0.00e+00 -0.00e+00 
-0.00e+00 0.00e+00 0.00e+00 0.00e+00 0.00e+00 5.17e-16 5.30e-14 2.51e-12 7.32e-11 1.46e-09 2.13e-08 2.34e-07 1.96e-06 1.28e-05 6.57e-05 2.64e-04 8.38e-04 2.15e-03 4.58e-03 8.69e-03 1.54e-02 2.58e-02 4.02e-02 5.86e-02 8.03e-02 1.04e-01 1.27e-01 1.49e-01 1.65e-01 1.76e-01 1.80e-01 1.76e-01 1.65e-01 1.49e-01 1.27e-01 1.04e-01 8.03e-02 5.86e-02 4.02e-02 2.58e-02 1.54e-02 8.69e-03 4.58e-03 2.15e-03 8.38e-04 2.64e-04 6.57e-05 1.28e-05 1.96e-06 2.34e-07 2.13e-08 1.46e-09 7.32e-11 2.51e-12 5.30e-14 5.17e-16 0.00e+00 0.00e+00 0.00e+00 0.00e+00 -0.00e+00 
-0.00e+00 0.00e+00 0.00e+00 0.00e+00 1.99e-16 2.11e-14 1.04e-12 3.17e-11 6.62e-10 1.01e-08 1.17e-07 1.04e-06 7.19e-06 3.92e-05 1.69e-04 5.78e-04 1.59e-03 3.65e-03 7.34e-03 1.37e-02 2.41e-02 3.94e-02 5.99e-02 8.55e-02 1.15e-01 1.46e-01 1.77e-01 2.04e-01 2.25e-01 2.38e-01 2.43e-01 2.38e-01 2.25e-01 2.04e-01 1.77e-01 1.46e-01 1.15e-01 8.55e-02 5.99e-02 3.94e-02 2.41e-02 1.37e-02 7.34e-03 3.65e-03 1.59e-03 5.78e-04 1.69e-04 3.92e-05 7.19e-06 1.04e-06 1.17e-07 1.01e-08 6.62e-10 3.17e-11 1.04e-12 2.11e-14 1.99e-16 0.00e+00 0.00e+00 0.00e+00 -0.00e+00 
-0.00e+00 0.00e+00 0.00e+00 6.62e-17 7.30e-15 3.74e-13 1.18e-11 2.58e-10 4.13e-09 5.00e-08 4.70e-07 3.46e-06 2.01e-05 9.32e-05 3.45e-04 1.03e-03 2.57e-03 5.55e-03 1.09e-02 2.01e-02 3.45e-02 5.51e-02 8.21e-02 1.15e-01 1.52e-01 1.90e-01 2.26e-01 2.58e-01 2.82e-01 2.98e-01 3.03e-01 2.98e-01 2.82e-01 2.58e-01 2.26e-01 1.90e-01 1.52e-01 1.15e-01 8.21e-02 5.51e-02 3.45e-02 2.01e-02 1.09e-02 5.55e-03 2.57e-03 1.03e-03 3.45e-04 9.32e-05 2.01e-05 3.46e-06 4.70e-07 5.00e-08 4.13e-09 2.58e-10 1.18e-11 3.74e-13 7.30e-15 6.62e-17 0.00e+00 0.00e+00 -0.00e+00 
-0.00e+00 0.00e+00 1.89e-17 2.15e-15 1.14e-13 3.76e-12 8.55e-11 1.43e-09 1.82e-08 1.81e-07 1.42e-06 8.82e-06 4.41e-05 1.77e-04 5.82e-04 1.59e-03 3.71e-03 7.77e-03 1.50e-02 2.71e-02 4.55e-02 7.12e-02 1.04e-01 1.43e-01 1.85e-01 2.28e-01 2.68e-01 3.02e-01 3.30e-01 3.47e-01 3.54e-01 3.47e-01 3.30e-01 3.02e-01 2.68e-01 2.28e-01 1.85e-01 1.43e-01 1.04e-01 7.12e-02 4.55e-02 2.71e-02 1.50e-02 7.77e-03 3.71e-03 1.59e-03 5.82e-04 1.77e-04 4.41e-05 8.82e-06 1.42e-06 1.81e-07 1.82e-08 1.43e-09 8.55e-11 3.76e-12 1.14e-13 2.15e-15 1.89e-17 0.00e+00 -0.00e+00 
-9.14e-18 9.14e-18 5.36e-16 2.94e-14 1.00e-12 2.38e-11 4.16e-10 5.57e-09 5.84e-08 4.87e-07 3.26e-06 1.76e-05 7.77e-05 2.81e-04 8.45e-04 2.17e-03 4.88e-03 9.98e-03 1.90e-02 3.36e-02 5.54e-02 8.49e-02 1.22e-01 1.64e-01 2.09e-01 2.53e-01 2.95e-01 3.33e-01 3.63e-01 3.84e-01 3.91e-01 3.84e-01 3.63e-01 3.33e-01 2.95e-01 2.53e-01 2.09e-01 1.64e-01 1.22e-01 8.49e-02 5.54e-02 3.36e-02 1.90e-02 9.98e-03 4.88e-03 2.17e-03 8.45e-04 2.81e-04 7.77e-05 1.76e-05 3.26e-06 4.87e-07 5.84e-08 5.57e-09 4.16e-10 2.38e-11 1.00e-12 2.94e-14 5.36e-16 4.57e-18 -4.57e-18 
-2.21e-16 2.21e-16 6.25e-15 2.20e-13 5.43e-12 9.94e-11 1.40e-09 1.56e-08 1.39e-07 1.00e-06 5.89e-06 2.85e-05 1.14e-04 3.83e-04 1.08e-03 2.66e-03 5.83e-03 1.17e-02 2.20e-02 3.83e-02 6.18e-02 9.30e-02 1.31e-01 1.74e-01 2.18e-01 2.63e-01 3.06e-01 3.48e-01 3.85e-01 4.12e-01 4.23e-01 4.12e-01 3.85e-01 3.48e-01 3.06e-01 2.63e-01 2.18e-01 1.74e-01 1.31e-01 9.30e-02 6.18e-02 3.83e-02 2.20e-02 1.17e-02 5.83e-03 2.66e-03 1.08e-03 3.83e-04 1.14e-04 2.85e-05 5.89e-06 1.00e-06 1.39e-07 1.56e-08 1.40e-09 9.94e-11 5.43e-12 2.20e-13 6.24e-15 1.09e-16 -1.09e-16 
-2.12e-15 2.12e-15 3.87e-14 9.92e-13 1.90e-11 2.82e-10 3.33e-09 3.19e-08 2.49e-07 1.61e-06 8.62e-06 3.85e-05 1.44e-04 4.56e-04 1.24e-03 2.94e-03 6.33e-03 1.26e-02 2.32e-02 3.97e-02 6.32e-02 9.36e-02 1.30e-01 1.70e-01 2.12e-01 2.55e-01 3.01e-01 3.50e-01 4.00e-01 4.43e-01 4.62e-01 4.43e-01 4.00e-01 3.50e-01 3.01e-01 2.55e-01 2.12e-01 1.70e-01 1.30e-01 9.36e-02 6.32e-02 3.97e-02 2.32e-02 1.26e-02 6.33e-03 2.94e-03 1.24e-03 4.56e-04 1.44e-04 3.85e-05 8.62e-06 1.61e-06 2.49e-07 3.19e-08 3.33e-09 2.82e-10 1.90e-11 9.92e-13 3.87e-14 1.04e-15 -1.04e-15 
-1.04e-14 1.04e-14 1.39e-13 2.79e-12 4.38e-11 5.53e-10 5.72e-09 4.88e-08 3.48e-07 2.07e-06 1.04e-05 4.37e-05 1.55e-04 4.72e-04 1.24e-03 2.90e-03 6.15e-03 1.21e-02 2.20e-02 3.72e-02 5.84e-02 8.53e-02 1.17e-01 1.52e-01 1.89e-01 2.31e-01 2.79e-01 3.40e-01 4.14e-01 4.93e-01 5.38e-01 4.93e-01 4.14e-01 3.40e-01 2.79e-01 2.31e-01 1.89e-01 1.52e-01 1.17e-01 8.53e-02 5.84e-02 3.72e-02 2.20e-02 1.21e-02 6.15e-03 2.90e-03 1.24e-03 4.72e-04 1.55e-04 4.37e-05 1.04e-05 2.07e-06 3.48e-07 4.88e-08 5.72e-09 5.53e-10 4.38e-11 2.79e-12 1.39e-13 5.08e-15 -5.08e-15 
-2.77e-14 2.77e-14 2.93e-13 4.90e-12 6.68e-11 7.54e-10 7.11e-09 5.63e-08 3.76e-07 2.12e-06 1.01e-05 4.09e-05 1.41e-04 4.16e-04 1.07e-03 2.46e-03 5.17e-03 1.01e-02 1.82e-02 3.04e-02 4.72e-02 6.84e-02 9.31e-02 1.20e-01 1.51e-01 1.88e-01 2.38e-01 3.13e-01 4.26e-01 5.79e-01 7.07e-01 5.79e-01 4.26e-01 3.13e-01 2.38e-01 1.88e-01 1.51e-01 1.20e-01 9.31e-02 6.84e-02 4.72e-02 3.04e-02 1.82e-02 1.01e-02 5.17e-03 2.46e-03 1.07e-03 4.16e-04 1.41e-04 4.09e-05 1.01e-05 2.12e-06 3.76e-07 5.63e-08 7.11e-09 7.54e-10 6.68e-11 4.90e-12 2.92e-13 1.33e-14 -1.33e-14 
-3.80e-14 3.80e-14 3.45e-13 5.15e-12 6.45e-11 6.81e-10 6.07e-09 4.59e-08 2.94e-07 1.60e-06 7.42e-06 2.92e-05 9.84e-05 2.86e-04 7.27e-04 1.66e-03 3.46e-03 6.69e-03 1.20e-02 2.00e-02 3.08e-02 4.43e-02 5.99e-02 7.76e-02 9.83e-02 1.26e-01 1.69e-01 2.48e-01 4.01e-01 6.98e-01 1.14e+00 6.98e-01 4.01e-01 2.48e-01 1.69e-01 1.26e-01 9.83e-02 7.76e-02 5.99e-02 4.43e-02 3.08e-02 2.00e-02 1.20e-02 6.69e-03 3.46e-03 1.66e-03 7.27e-04 2.86e-04 9.84e-05 2.92e-05 7.42e-06 1.60e-06 2.94e-07 4.59e-08 6.07e-09 6.81e-10 6.45e-11 5.15e-12 3.44e-13 1.81e-14 -1.81e-14 
-1.85e-14 1.85e-14 1.58e-13 2.25e-12 2.71e-11 2.77e-10 2.40e-09 1.77e-08 1.12e-07 5.98e-07 2.73e-06 1.06e-05 3.54e-05 1.02e-04 2.58e-04 5.85e-04 1.22e-03 2.35e-03 4.21e-03 6.95e-03 1.06e-02 1.53e-02 2.08e-02 2.69e-02 3.44e-02 4.52e-02 6.48e-02 1.10e-01 2.38e-01 6.80e-01 2.47e+00 6.80e-01 2.38e-01 1.10e-01 6.48e-02 4.52e-02 3.44e-02 2.69e-02 2.08e-02 1.53e-02 1.06e-02 6.95e-03 4.21e-03 2.35e-03 1.22e-03 5.85e-04 2.58e-04 1.02e-04 3.54e-05 1.06e-05 2.73e-06 5.98e-07 1.12e-07 1.77e-08 2.40e-09 2.77e-10 2.71e-11 2.25e-12 1.57e-13 8.80e-15 -8.80e-15 
1.85e-14 -1.85e-14 -1.58e-13 -2.25e-12 -2.71e-11 -2.77e-10 -2.40e-09 -1.77e-08 -1.12e-07 -5.98e-07 -2.73e-06 -1.06e-05 -3.54e-05 -1.02e-04 -2.58e-04 -5.85e-04 -1.22e-03 -2.35e-03 -4.21e-03 -6.95e-03 -1.06e-02 -1.53e-02 -2.08e-02 -2.69e-02 -3.44e-02 -4.52e-02 -6.48e-02 -1.10e-01 -2.38e-01 -6.80e-01 -2.47e+00 -6.80e-01 -2.38e-01 -1.10e-01 -6.48e-02 -4.52e-02 -3.44e-02 -2.69e-02 -2.08e-02 -1.53e-02 -1.06e-02 -6.95e-03 -4.21e-03 -2.35e-03 -1.22e-03 -5.85e-04 -2.58e-04 -1.02e-04 -3.54e-05 -1.06e-05 -2.73e-06 -5.98e-07 -1.12e-07 -1.77e-08 -2.40e-09 -2.77e-10 -2.71e-11 -2.25e-12 -1.57e-13 -8.80e-15 8.80e-15 
3.80e-14 -3.80e-14 -3.45e-13 -5.15e-12 -6.45e-11 -6.81e-10 -6.07e-09 -4.59e-08 -2.94e-07 -1.60e-06 -7.42e-06 -2.92e-05 -9.84e-05 -2.86e-04 -7.27e-04 -1.66e-03 -3.46e-03 -6.69e-03 -1.20e-02 -2.00e-02 -3.08e-02 -4.43e-02 -5.99e-02 -7.76e-02 -9.83e-02 -1.26e-01 -1.69e-01 -2.48e-01 -4.01e-01 -6.98e-01 -1.14e+00 -6.98e-01 -4.01e-01 -2.48e-01 -1.69e-01 -1.26e-01 -9.83e-02 -7.76e-02 -5.99e-02 -4.43e-02 -3.08e-02 -2.00e-02 -1.20e-02 -6.69e-03 -3.46e-03 -1.66e-03 -7.27e-04 -2.86e-04 -9.84e-05 -2.92e-05 -7.42e-06 -1.60e-06 -2.94e-07 -4.59e-08 -6.07e-09 -6.81e-10 -6.45e-11 -5.15e-12 -3.44e-13 -1.81e-14 1.81e-14 
2.77e-14 -2.77e-14 -2.93e-13 -4.90e-12 -6.68e-11 -7.54e-10 -7.11e-09 -5.63e-08 -3.76e-07 -2.12e-06 -1.01e-05 -4.09e-05 -1.41e-04 -4.16e-04 -1.07e-03 -2.46e-03 -5.17e-03 -1.01e-02 -1.82e-02 -3.04e-02 -4.72e-02 -6.84e-02 -9.31e-02 -1.20e-01 -1.51e-01 -1.88e-01 -2.38e-01 -3.13e-01 -4.26e-01 -5.79e-01 -7.07e-01 -5.79e-01 -4.26e-01 -3.13e-01 -2.38e-01 -1.88e-01 -1.51e-01 -1.20e-01 -9.31e-02 -6.84e-02 -4.72e-02 -3.04e-02 -1.82e-02 -1.01e-02 -5.17e-03 -2.46e-03 -1.07e-03 -4.16e-04 -1.41e-04 -4.09e-05 -1.01e-05 -2.12e-06 -3.76e-07 -5.63e-08 -7.11e-09 -7.54e-10 -6.68e-11 -4.90e-12 -2.92e-13 -1.33e-14 1.33e-14 
1.04e-14 -1.04e-14 -1.39e-13 -2.79e-12 -4.38e-11 -5.53e-10 -5.72e-09 -4.88e-08 -3.48e-07 -2.07e-06 -1.04e-05 -4.37e-05 -1.55e-04 -4.72e-04 -1.24e-03 -2.90e-03 -6.15e-03 -1.21e-02 -2.20e-02 -3.72e-02 -5.84e-02 -8.53e-02 -1.17e-01 -1.52e-01 -1.89e-01 -2.31e-01 -2.79e-01 -3.40e-01 -4.14e-01 -4.93e-01 -5.38e-01 -4.93e-01 -4.14e-01 -3.40e-01 -2.79e-01 -2.31e-01 -1.89e-01 -1.52e-01 -1.17e-01 -8.53e-02 -5.84e-02 -3.72e-02 -2.20e-02 -1.21e-02 -6.15e-03 -2.90e-03 -1.24e-03 -4.72e-04 -1.55e-04 -4.37e-05 -1.04e-05 -2.07e-06 -3.48e-07 -4.88e-08 -5.72e-09 -5.53e-10 -4.38e-11 -2.79e-12 -1.39e-13 -5.08e-15 5.08e-15 
2.12e-15 -2.12e-15 -3.87e-14 -9.92e-13 -1.90e-11 -2.82e-10 -3.33e-09 -3.19e-08 -2.49e-07 -1.61e-06 -8.62e-06 -3.85e-05 -1.44e-04 -4.56e-04 -1.24e-03 -2.94e-03 -6.33e-03 -1.26e-02 -2.32e-02 -3.97e-02 -6.32e-02 -9.36e-02 -1.30e-01 -1.70e-01 -2.12e-01 -2.55e-01 -3.01e-01 -3.50e-01 -4.00e-01 -4.43e-01 -4.62e-01 -4.43e-01 -4.00e-01 -3.50e-01 -3.01e-01 -2.55e-01 -2.12e-01 -1.70e-01 -1.30e-01 -9.36e-02 -6.32e-02 -3.97e-02 -2.32e-02 -1.26e-02 -6.33e-03 -2.94e-03 -1.24e-03 -4.56e-04 -1.44e-04 -3.85e-05 -8.62e-06 -1.61e-06 -2.49e-07 -3.19e-08 -3.33e-09 -2.82e-10 -1.90e-11 -9.92e-13 -3.87e-14 -1.04e-15 1.04e-15 
2.21e-16 -2.21e-16 -6.25e-15 -2.20e-13 -5.43e-12 -9.94e-11 -1.40e-09 -1.56e-08 -1.39e-07 -1.00e-06 -5.89e-06 -2.85e-05 -1.14e-04 -3.83e-04 -1.08e-03 -2.66e-03 -5.83e-03 -1.17e-02 -2.20e-02 -3.83e-02 -6.18e-02 -9.30e-02 -1.31e-01 -1.74e-01 -2.18e-01 -2.63e-01 -3.06e-01 -3.48e-01 -3.85e-01 -4.12e-01 -4.23e-01 -4.12e-01 -3.85e-01 -3.48e-01 -3.06e-01 -2.63e-01 -2.18e-01 -1.74e-01 -1.31e-01 -9.30e-02 -6.18e-02 -3.83e-02 -2.20e-02 -1.17e-02 -5.83e-03 -2.66e-03 -1.08e-03 -3.83e-04 -1.14e-04 -2.85e-05 -5.89e-06 -1.00e-06 -1.39e-07 -1.56e-08 -1.40e-09 -9.94e-11 -5.43e-12 -2.20e-13 -6.24e-15 -1.09e-16 1.09e-16 
9.14e-18 -9.14e-18 -5.36e-16 -2.94e-14 -1.00e-12 -2.38e-11 -4.16e-10 -5.57e-09 -5.84e-08 -4.87e-07 -3.26e-06 -1.76e-05 -7.77e-05 -2.81e-04 -8.45e-04 -2.17e-03 -4.88e-03 -9.98e-03 -1.90e-02 -3.36e-02 -5.54e-02 -8.49e-02 -1.22e-01 -1.64e-01 -2.09e-01 -2.53e-01 -2.95e-01 -3.33e-01 -3.63e-01 -3.84e-01 -3.91e-01 -3.84e-01 -3.63e-01 -3.33e-01 -2.95e-01 -2.53e-01 -2.09e-01 -1.64e-01 -1.22e-01 -8.49e-02 -5.54e-02 -3.36e-02 -1.90e-02 -9.98e-03 -4.88e-03 -2.17e-03 -8.45e-04 -2.81e-04 -7.77e-05 -1.76e-05 -3.26e-06 -4.87e-07 -5.84e-08 -5.57e-09 -4.16e-10 -2.38e-11 -1.00e-12 -2.94e-14 -5.36e-16 -4.57e-18 4.57e-18 
-0.00e+00 0.00e+00 -1.89e-17 -2.15e-15 -1.14e-13 -3.76e-12 -8.55e-11 -1.43e-09 -1.82e-08 -1.81e-07 -1.42e-06 -8.82e-06 -4.41e-05 -1.77e-04 -5.82e-04 -1.59e-03 -3.71e-03 -7.77e-03 -1.50e-02 -2.71e-02 -4.55e-02 -7.12e-02 -1.04e-01 -1.43e-01 -1.85e-01 -2.28e-01 -2.68e-01 -3.02e-01 -3.30e-01 -3.47e-01 -3.54e-01 -3.47e-01 -3.30e-01 -3.02e-01 -2.68e-01 -2.28e-01 -1.85e-01 -1.43e-01 -1.04e-01 -7.12e-02 -4.55e-02 -2.71e-02 -1.50e-02 -7.77e-03 -3.71e-03 -1.59e-03 -5.82e-04 -1.77e-04 -4.41e-05 -8.82e-06 -1.42e-06 -1.81e-07 -1.82e-08 -1.43e-09 -8.55e-11 -3.76e-12 -1.14e-13 -2.15e-15 -1.89e-17 0.00e+00 -0.00e+00 
-0.00e+00 0.00e+00 0.00e+00 -6.62e-17 -7.30e-15 -3.74e-13 -1.18e-11 -2.58e-10 -4.13e-09 -5.00e-08 -4.70e-07 -3.46e-06 -2.01e-05 -9.32e-05 -3.45e-04 -1.03e-03 -2.57e-03 -5.55e-03 -1.09e-02 -2.01e-02 -3.45e-02 -5.51e-02 -8.21e-02 -1.15e-01 -1.52e-01 -1.90e-01 -2.26e-01 -2.58e-01 -2.82e-01 -2.98e-01 -3.03e-01 -2.98e-01 -2.82e-01 -2.58e-01 -2.26e-01 -1.90e-01 -1.52e-01 -1.15e-01 -8.21e-02 -5.51e-02 -3.45e-02 -2.01e-02 -1.09e-02 -5.55e-03 -2.57e-03 -1.03e-03 -3.45e-04 -9.32e-05 -2.01e-05 -3.46e-06 -4.70e-07 -5.00e-08 -4.13e-09 -2.58e-10 -1.18e-11 -3.74e-13 -7.30e-15 -6.62e-17 0.00e+00 0.00e+00 -0.00e+00 
-0.00e+00 0.00e+00 0.00e+00 0.00e+00 -1.99e-16 -2.11e-14 -1.04e-12 -3.17e-11 -6.62e-10 -1.01e-08 -1.17e-07 -1.04e-06 -7.19e-06 -3.92e-05 -1.69e-04 -5.78e-04 -1.59e-03 -3.65e-03 -7.34e-03 -1.37e-02 -2.41e-02 -3.94e-02 -5.99e-02 -8.55e-02 -1.15e-01 -1.46e-01 -1.77e-01 -2.04e-01 -2.25e-01 -2.38e-01 -2.43e-01 -2.38e-01 -2.25e-01 -2.04e-01 -1.77e-01 -1.46e-01 -1.15e-01 -8.55e-02 -5.99e-02 -3.94e-02 -2.41e-02 -1.37e-02 -7.34e-03 -3.65e-03 -1.59e-03 -5.78e-04 -1.69e-04 -3.92e-05 -7.19e-06 -1.04e-06 -1.17e-07 -1.01e-08 -6.62e-10 -3.17e-11 -1.04e-12 -2.11e-14 -1.99e-16 0.00e+00 0.00e+00 0.00e+00 -0.00e+00 
-0.00e+00 0.00e+00 0.00e+00 0.00e+00 0.00e+00 -5.17e-16 -5.30e-14 -2.51e-12 -7.32e-11 -1.46e-09 -2.13e-08 -2.34e-07 -1.96e-06 -1.28e-05 -6.57e-05 -2.64e-04 -8.38e-04 -2.15e-03 -4.58e-03 -8.69e-03 -1.54e-02 -2.58e-02 -4.02e-02 -5.86e-02 -8.03e-02 -1.04e-01 -1.27e-01 -1.49e-01 -1.65e-01 -1.76e-01 -1.80e-01 -1.76e-01 -1.65e-01 -1.49e-01 -1.27e-01 -1.04e-01 -8.03e-02 -5.86e-02 -4.02e-02 -2.58e-02 -1.54e-02 -8.69e-03 -4.58e-03 -2.15e-03 -8.38e-04 -2.64e-04 -6.57e-05 -1.28e-05 -1.96e-06 -2.34e-07 -2.13e-08 -1.46e-09 -7.32e-11 -2.51e-12 -5.30e-14 -5.17e-16 0.00e+00 0.00e+00 0.00e+00 0.00e+00 -0.00e+00 
-0.00e+00 0.00e+00 0.00e+00 0.00e+00 0.00e+00 0.00e+00 -1.17e-15 -1.16e-13 -5.27e-12 -1.47e-10 -2.81e-09 -3.89e-08 -4.04e-07 -3.22e-06 -1.98e-05 -9.50e-05 -3.57e-04 -1.06e-03 -2.54e-03 -5.12e-03 -9.22e-03 -1.56e-02 -2.48e-02 -3.69e-02 -5.15e-02 -6.78e-02 -8.43e-02 -9.96e-02 -1.12e-01 -1.20e-01 -1.22e-01 -1.20e-01 -1.12e-01 -9.96e-02 -8.43e-02 -6.78e-02 -5.15e-02 -3.69e-02 -2.48e-02 -1.56e-02 -9.22e-03 -5.12e-03 -2.54e-03 -1.06e-03 -3.57e-04 -9.50e-05 -1.98e-05 -3.22e-06 -4.04e-07 -3.89e-08 -2.81e-09 -1.47e-10 -5.27e-12 -1.16e-13 -1.17e-15 0.00e+00 0.00e+00 0.00e+00 0.00e+00 0.00e+00 -0.00e+00 
-0.00e+00 0.00e+00 0.00e+00 0.00e+00 0.00e+00 0.00e+00 0.00e+00 -2.35e-15 -2.22e-13 -9.69e-12 -2.58e-10 -4.70e-09 -6.18e-08 -6.09e-07 -4.57e-06 -2.65e-05 -1.19e-04 -4.21e-04 -1.17e-03 -2.65e-03 -5.09e-03 -8.79e-03 -1.42e-02 -2.14e-02 -3.04e-02 -4.07e-02 -5.13e-02 -6.12e-02 -6.94e-02 -7.47e-02 -7.65e-02 -7.47e-02 -6.94e-02 -6.12e-02 -5.13e-02 -4.07e-02 -3.04e-02 -2.14e-02 -1.42e-02 -8.79e-03 -5.09e-03 -2.65e-03 -1.17e-03 -4.21e-04 -1.19e-04 -2.65e-05 -4.57e-06 -6.09e-07 -6.18e-08 -4.70e-09 -2.58e-10 -9.69e-12 -2.22e-13 -2.35e-15 0.00e+00 0.00e+00 0.00e+00 0.00e+00 0.00e+00 0.00e+00 -0.00e+00 
-0.00e+00 0.00e+00 0.00e+00 0.00e+00 0.00e+00 0.00e+00 0.00e+00 0.00e+00 -4.15e-15 -3.77e-13 -1.57e-11 -3.98e-10 -6.89e-09 -8.60e-08 -8.00e-07 -5.66e-06 -3.09e-05 -1.30e-04 -4.32e-04 -1.14e-03 -2.44e-03 -4.50e-03 -7.48e-03 -1.15e-02 -1.66e-02 -2.25e-02 -2.88e-02 -3.47e-02 -3.96e-02 -4.28e-02 -4.40e-02 -4.28e-02 -3.96e-02 -3.47e-02 -2.88e-02 -2.25e-02 -1.66e-02 -1.15e-02 -7.48e-03 -4.50e-03 -2.44e-03 -1.14e-03 -4.32e-04 -1.30e-04 -3.09e-05 -5.66e-06 -8.00e-07 -8.60e-08 -6.89e-09 -3.98e-10 -1.57e-11 -3.77e-13 -4.15e-15 0.00e+00 0.00e+00 0.00e+00 0.00e+00 0.00e+00 0.00e+00 0.00e+00 -0.00e+00 
-0.00e+00 0.00e+00 0.00e+00 0.00e+00 0.00e+00 0.00e+00 0.00e+00 0.00e+00 0.00e+00 -6.53e-15 -5.65e-13 -2.25e-11 -5.42e-10 -8.89e-09 -1.05e-07 -9.21e-07 -6.13e-06 -3.13e-05 -1.24e-04 -3.86e-04 -9.61e-04 -1.98e-03 -3.51e-03 -5.64e-03 -8.35e-03 -1.15e-02 -1.49e-02 -1.82e-02 -2.09e-02 -2.27e-02 -2.33e-02 -2.27e-02 -2.09e-02 -1.82e-02 -1.49e-02 -1.15e-02 -8.35e-03 -5.64e-03 -3.51e-03 -1.98e-03 -9.61e-04 -3.86e-04 -1.24e-04 -3.13e-05 -6.13e-06 -9.21e-07 -1.05e-07 -8.89e-09 -5.42e-10 -2.25e-11 -5.65e-13 -6.53e-15 0.00e+00 0.00e+00 0.00e+00 0.00e+00 0.00e+00 0.00e+00 0.00e+00 0.00e+00 -0.00e+00 
-0.00e+00 0.00e+00 0.00e+00 0.00e+00 0.00e+00 0.00e+00 0.00e+00 0.00e+00 0.00e+00 0.00e+00 -9.14e-15 -7.55e-13 -2.85e-11 -6.53e-10 -1.01e-08 -1.13e-07 -9.28e-07 -5.79e-06 -2.77e-05 -1.03e-04 -3.01e-04 -7.10e-04 -1.40e-03 -2.40e-03 -3.72e-03 -5.30e-03 -7.01e-03 -8.66e-03 -1.01e-02 -1.10e-02 -1.13e-02 -1.10e-02 -1.01e-02 -8.66e-03 -7.01e-03 -5.30e-03 -3.72e-03 -2.40e-03 -1.40e-03 -7.10e-04 -3.01e-04 -1.03e-04 -2.77e-05 -5.79e-06 -9.28e-07 -1.13e-07 -1.01e-08 -6.53e-10 -2.85e-11 -7.55e-13 -9.14e-15 0.00e+00 0.00e+00 0.00e+00 0.00e+00 0.00e+00 0.00e+00 0.00e+00 0.00e+00 0.00e+00 -0.00e+00 
-0.00e+00 0.00e+00 0.00e+00 0.00e+00 0.00e+00 0.00e+00 0.00e+00 0.00e+00 0.00e+00 0.00e+00 0.00e+00 -1.14e-14 -8.97e-13 -3.21e-11 -6.95e-10 -1.02e-08 -1.06e-07 -8.21e-07 -4.78e-06 -2.14e-05 -7.42e-05 -2.04e-04 -4.56e-04 -8.60e-04 -1.42e-03 -2.13e-03 -2.91e-03 -3.68e-03 -4.33e-03 -4.77e-03 -4.93e-03 -4.77e-03 -4.33e-03 -3.68e-03 -2.91e-03 -2.13e-03 -1.42e-03 -8.60e-04 -4.56e-04 -2.04e-04 -7.42e-05 -2.14e-05 -4.78e-06 -8.21e-07 -1.06e-07 -1.02e-08 -6.95e-10 -3.21e-11 -8.97e-13 -1.14e-14 0.00e+00 0.00e+00 0.00e+00 0.00e+00 0.00e+00 0.00e+00 0.00e+00 0.00e+00 0.00e+00 0.00e+00 -0.00e+00 
-0.00e+00 0.00e+00 0.00e+00 0.00e+00 0.00e+00 0.00e+00 0.00e+00 0.00e+00 0.00e+00 0.00e+00 0.00e+00 0.00e+00 -1.28e-14 -9.51e-13 -3.22e-11 -6.56e-10 -9.01e-09 -8.81e-08 -6.35e-07 -3.45e-06 -1.43e-05 -4.64e-05 -1.19e-04 -2.53e-04 -4.56e-04 -7.24e-04 -1.04e-03 -1.35e-03 -1.63e-03 -1.81e-03 -1.88e-03 -1.81e-03 -1.63e-03 -1.35e-03 -1.04e-03 -7.24e-04 -4.56e-04 -2.53e-04 -1.19e-04 -4.64e-05 -1.43e-05 -3.45e-06 -6.35e-07 -8.81e-08 -9.01e-09 -6.56e-10 -3.22e-11 -9.51e-13 -1.28e-14 0.00e+00 0.00e+00 0.00e+00 0.00e+00 0.00e+00 0.00e+00 0.00e+00 0.00e+00 0.00e+00 0.00e+00 0.00e+00 -0.00e+00 
-0.00e+00 0.00e+00 0.00e+00 0.00e+00 0.00e+00 0.00e+00 0.00e+00 0.00e+00 0.00e+00 0.00e+00 0.00e+00 0.00e+00 0.00e+00 -1.28e-14 -8.98e-13 -2.86e-11 -5.48e-10 -7.04e-09 -6.42e-08 -4.30e-07 -2.16e-06 -8.32e-06 -2.50e-05 -6.02e-05 -1.20e-04 -2.06e-04 -3.12e-04 -4.24e-04 -5.23e-04 -5.92e-04 -6.17e-04 -5.92e-04 -5.23e-04 -4.24e-04 -3.12e-04 -2.06e-04 -1.20e-04 -6.02e-05 -2.50e-05 -8.32e-06 -2.16e-06 -4.30e-07 -6.42e-08 -7.04e-09 -5.48e-10 -2.86e-11 -8.98e-13 -1.28e-14 0.00e+00 0.00e+00 0.00e+00 0.00e+00 0.00e+00 0.00e+00 0.00e+00 0.00e+00 0.00e+00 0.00e+00 0.00e+00 0.00e+00 -0.00e+00 
-0.00e+00 0.00e+00 0.00e+00 0.00e+00 0.00e+00 0.00e+00 0.00e+00 0.00e+00 0.00e+00 0.00e+00 0.00e+00 0.00e+00 0.00e+00 0.00e+00 -1.14e-14 -7.57e-13 -2.27e-11 -4.05e-10 -4.84e-09 -4.09e-08 -2.53e-07 -1.17e-06 -4.16e-06 -1.16e-05 -2.59e-05 -4.86e-05 -7.85e-05 -1.12e-04 -1.43e-04 -1.64e-04 -1.72e-04 -1.64e-04 -1.43e-04 -1.12e-04 -7.85e-05 -4.86e-05 -2.59e-05 -1.16e-05 -4.16e-06 -1.17e-06 -2.53e-07 -4.09e-08 -4.84e-09 -4.05e-10 -2.27e-11 -7.57e-13 -1.14e-14 0.00e+00 0.00e+00 0.00e+00 0.00e+00 0.00e+00 0.00e+00 0.00e+00 0.00e+00 0.00e+00 0.00e+00 0.00e+00 0.00e+00 0.00e+00 -0.00e+00 
-0.00e+00 0.00e+00 0.00e+00 0.00e+00 0.00e+00 0.00e+00 0.00e+00 0.00e+00 0.00e+00 0.00e+00 0.00e+00 0.00e+00 0.00e+00 0.00e+00 0.00e+00 -9.14e-15 -5.68e-13 -1.59e-11 -2.64e-10 -2.92e-09 -2.28e-08 -1.29e-07 -5.49e-07 -1.78e-06 -4.55e-06 -9.45e-06 -1.65e-05 -2.48e-05 -3.27e-05 -3.86e-05 -4.07e-05 -3.86e-05 -3.27e-05 -2.48e-05 -1.65e-05 -9.45e-06 -4.55e-06 -1.78e-06 -5.49e-07 -1.29e-07 -2.28e-08 -2.92e-09 -2.64e-10 -1.59e-11 -5.68e-13 -9.14e-15 0.00e+00 0.00e+00 0.00e+00 0.00e+00 0.00e+00 0.00e+00 0.00e+00 0.00e+00 0.00e+00 0.00e+00 0.00e+00 0.00e+00 0.00e+00 0.00e+00 -0.00e+00 
-0.00e+00 0.00e+00 0.00e+00 0.00e+00 0.00e+00 0.00e+00 0.00e+00 0.00e+00 0.00e+00 0.00e+00 0.00e+00 0.00e+00 0.00e+00 0.00e+00 0.00e+00 0.00e+00 -6.53e-15 -3.79e-13 -9.85e-12 -1.52e-10 -1.54e-09 -1.10e-08 -5.69e-08 -2.19e-07 -6.48e-07 -1.51e-06 -2.87e-06 -4.59e-06 -6.34e-06 -7.64e-06 -8.13e-06 -7.64e-06 -6.34e-06 -4.59e-06 -2.87e-06 -1.51e-06 -6.48e-07 -2.19e-07 -5.69e-08 -1.10e-08 -1.54e-09 -1.52e-10 -9.85e-12 -3.79e-13 -6.53e-15 0.00e+00 0.00e+00 0.00e+00 0.00e+00 0.00e+00 0.00e+00 0.00e+00 0.00e+00 0.00e+00 0.00e+00 0.00e+00 0.00e+00 0.00e+00 0.00e+00 0.00e+00 -0.00e+00 
-0.00e+00 0.00e+00 0.00e+00 0.00e+00 0.00e+00 0.00e+00 0.00e+00 0.00e+00 0.00e+00 0.00e+00 0.00e+00 0.00e+00 0.00e+00 0.00e+00 0.00e+00 0.00e+00 0.00e+00 -4.15e-15 -2.24e-13 -5.38e-12 -7.61e-11 -7.07e-10 -4.57e-09 -2.14e-08 -7.42e-08 -1.97e-07 -4.15e-07 -7.13e-07 -1.03e-06 -1.28e-06 -1.38e-06 -1.28e-06 -1.03e-06 -7.13e-07 -4.15e-07 -1.97e-07 -7.42e-08 -2.14e-08 -4.57e-09 -7.07e-10 -7.61e-11 -5.38e-12 -2.24e-13 -4.15e-15 0.00e+00 0.00e+00 0.00e+00 0.00e+00 0.00e+00 0.00e+00 0.00e+00 0.00e+00 0.00e+00 0.00e+00 0.00e+00 0.00e+00 0.00e+00 0.00e+00 0.00e+00 0.00e+00 -0.00e+00 
-0.00e+00 0.00e+00 0.00e+00 0.00e+00 0.00e+00 0.00e+00 0.00e+00 0.00e+00 0.00e+00 0.00e+00 0.00e+00 0.00e+00 0.00e+00 0.00e+00 0.00e+00 0.00e+00 0.00e+00 0.00e+00 -2.35e-15 -1.17e-13 -2.58e-12 -3.32e-11 -2.79e-10 -1.62e-09 -6.78e-09 -2.09e-08 -4.95e-08 -9.26e-08 -1.42e-07 -1.82e-07 -1.97e-07 -1.82e-07 -1.42e-07 -9.26e-08 -4.95e-08 -2.09e-08 -6.78e-09 -1.62e-09 -2.79e-10 -3.32e-11 -2.58e-12 -1.17e-13 -2.35e-15 0.00e+00 0.00e+00 0.00e+00 0.00e+00 0.00e+00 0.00e+00 0.00e+00 0.00e+00 0.00e+00 0.00e+00 0.00e+00 0.00e+00 0.00e+00 0.00e+00 0.00e+00 0.00e+00 0.00e+00 -0.00e+00 
-0.00e+00 0.00e+00 0.00e+00 0.00e+00 0.00e+00 0.00e+00 0.00e+00 0.00e+00 0.00e+00 0.00e+00 0.00e+00 0.00e+00 0.00e+00 0.00e+00 0.00e+00 0.00e+00 0.00e+00 0.00e+00 0.00e+00 -1.17e-15 -5.36e-14 -1.08e-12 -1.25e-11 -9.42e-11 -4.86e-10 -1.79e-09 -4.84e-09 -1.00e-08 -1.64e-08 -2.17e-08 -2.39e-08 -2.17e-08 -1.64e-08 -1.00e-08 -4.84e-09 -1.79e-09 -4.86e-10 -9.42e-11 -1.25e-11 -1.08e-12 -5.36e-14 -1.17e-15 0.00e+00 0.00e+00 0.00e+00 0.00e+00 0.00e+00 0.00e+00 0.00e+00 0.00e+00 0.00e+00 0.00e+00 0.00e+00 0.00e+00 0.00e+00 0.00e+00 0.00e+00 0.00e+00 0.00e+00 0.00e+00 -0.00e+00 
-0.00e+00 0.00e+00 0.00e+00 0.00e+00 0.00e+00 0.00e+00 0.00e+00 0.00e+00 0.00e+00 0.00e+00 0.00e+00 0.00e+00 0.00e+00 0.00e+00 0.00e+00 0.00e+00 0.00e+00 0.00e+00 0.00e+00 0.00e+00 -5.17e-16 -2.15e-14 -3.88e-13 -4.03e-12 -2.68e-11 -1.21e-10 -3.84e-10 -8.93e-10 -1.58e-09 -2.20e-09 -2.45e-09 -2.20e-09 -1.58e-09 -8.93e-10 -3.84e-10 -1.21e-10 -2.68e-11 -4.03e-12 -3.88e-13 -2.15e-14 -5.17e-16 0.00e+00 0.00e+00 0.00e+00 0.00e+00 0.00e+00 0.00e+00 0.00e+00 0.00e+00 0.00e+00 0.00e+00 0.00e+00 0.00e+00 0.00e+00 0.00e+00 0.00e+00 0.00e+00 0.00e+00 0.00e+00 0.00e+00 -0.00e+00 
-0.00e+00 0.00e+00 0.00e+00 0.00e+00 0.00e+00 0.00e+00 0.00e+00 0.00e+00 0.00e+00 0.00e+00 0.00e+00 0.00e+00 0.00e+00 0.00e+00 0.00e+00 0.00e+00 0.00e+00 0.00e+00 0.00e+00 0.00e+00 0.00e+00 -1.99e-16 -7.43e-15 -1.20e-13 -1.09e-12 -6.30e-12 -2.43e-11 -6.53e-11 -1.27e-10 -1.87e-10 -2.11e-10 -1.87e-10 -1.27e-10 -6.53e-11 -2.43e-11 -6.30e-12 -1.09e-12 -1.20e-13 -7.43e-15 -1.99e-16 0.00e+00 0.00e+00 0.00e+00 0.00e+00 0.00e+00 0.00e+00 0.00e+00 0.00e+00 0.00e+00 0.00e+00 0.00e+00 0.00e+00 0.00e+00 0.00e+00 0.00e+00 0.00e+00 0.00e+00 0.00e+00 0.00e+00 0.00e+00 -0.00e+00 
-0.00e+00 0.00e+00 0.00e+00 0.00e+00 0.00e+00 0.00e+00 0.00e+00 0.00e+00 0.00e+00 0.00e+00 0.00e+00 0.00e+00 0.00e+00 0.00e+00 0.00e+00 0.00e+00 0.00e+00 0.00e+00 0.00e+00 0.00e+00 0.00e+00 0.00e+00 -6.62e-17 -2.20e-15 -3.11e-14 -2.45e-13 -1.20e-12 -3.85e-12 -8.45e-12 -1.33e-11 -1.54e-11 -1.33e-11 -8.45e-12 -3.85e-12 -1.20e-12 -2.45e-13 -3.11e-14 -2.20e-15 -6.62e-17 0.00e+00 0.00e+00 0.00e+00 0.00e+00 0.00e+00 0.00e+00 0.00e+00 0.00e+00 0.00e+00 0.00e+00 0.00e+00 0.00e+00 0.00e+00 0.00e+00 0.00e+00 0.00e+00 0.00e+00 0.00e+00 0.00e+00 0.00e+00 0.00e+00 -0.00e+00 
-0.00e+00 0.00e+00 0.00e+00 0.00e+00 0.00e+00 0.00e+00 0.00e+00 0.00e+00 0.00e+00 0.00e+00 0.00e+00 0.00e+00 0.00e+00 0.00e+00 0.00e+00 0.00e+00 0.00e+00 0.00e+00 0.00e+00 0.00e+00 0.00e+00 0.00e+00 0.00e+00 -1.89e-17 -5.51e-16 -6.69e-15 -4.44e-14 -1.78e-13 -4.57e-13 -7.83e-13 -9.32e-13 -7.83e-13 -4.57e-13 -1.78e-13 -4.44e-14 -6.69e-15 -5.51e-16 -1.89e-17 0.00e+00 0.00e+00 0.00e+00 0.00e+00 0.00e+00 0.00e+00 0.00e+00 0.00e+00 0.00e+00 0.00e+00 0.00e+00 0.00e+00 0.00e+00 0.00e+00 0.00e+00 0.00e+00 0.00e+00 0.00e+00 0.00e+00 0.00e+00 0.00e+00 0.00e+00 -0.00e+00 
-0.00e+00 0.00e+00 0.00e+00 0.00e+00 0.00e+00 0.00e+00 0.00e+00 0.00e+00 0.00e+00 0.00e+00 0.00e+00 0.00e+00 0.00e+00 0.00e+00 0.00e+00 0.00e+00 0.00e+00 0.00e+00 0.00e+00 0.00e+00 0.00e+00 0.00e+00 0.00e+00 0.00e+00 -9.14e-18 -2.28e-16 -2.32e-15 -1.25e-14 -3.92e-14 -7.54e-14 -9.30e-14 -7.54e-14 -3.92e-14 -1.25e-14 -2.32e-15 -2.28e-16 -9.14e-18 0.00e+00 0.00e+00 0.00e+00 0.00e+00 0.00e+00 0.00e+00 0.00e+00 0.00e+00 0.00e+00 0.00e+00 0.00e+00 0.00e+00 0.00e+00 0.00e+00 0.00e+00 0.00e+00 0.00e+00 0.00e+00 0.00e+00 0.00e+00 0.00e+00 0.00e+00 0.00e+00 -0.00e+00 
0.00e+00 -0.00e+00 -0.00e+00 -0.00e+00 -0.00e+00 -0.00e+00 -0.00e+00 -0.00e+00 -0.00e+00 -0.00e+00 -0.00e+00 -0.00e+00 -0.00e+00 -0.00e+00 -0.00e+00 -0.00e+00 -0.00e+00 -0.00e+00 -0.00e+00 -0.00e+00 -0.00e+00 -0.00e+00 -0.00e+00 -0.00e+00 9.14e-18 2.28e-16 2.32e-15 1.25e-14 3.92e-14 7.54e-14 9.30e-14 7.54e-14 3.92e-14 1.25e-14 2.32e-15 2.28e-16 9.14e-18 -0.00e+00 -0.00e+00 -0.00e+00 -0.00e+00 -0.00e+00 -0.00e+00 -0.00e+00 -0.00e+00 -0.00e+00 -0.00e+00 -0.00e+00 -0.00e+00 -0.00e+00 -0.00e+00 -0.00e+00 -0.00e+00 -0.00e+00 -0.00e+00 -0.00e+00 -0.00e+00 -0.00e+00 -0.00e+00 -0.00e+00 0.00e+00 
