0.00e+00 -0.00e+00 -0.00e+00 -0.00e+00 -0.00e+00 -0.00e+00 -0.00e+00 -0.00e+00 -0.00e+00 -0.00e+00 -0.00e+00 -0.00e+00 -0.00e+00 -0.00e+00 -0.00e+00 -0.00e+00 -0.00e+00 -0.00e+00 -0.00e+00 -0.00e+00 -0.00e+00 -0.00e+00 -0.00e+00 -0.00e+00 -0.00e+00 -0.00e+00 -0.00e+00 -0.00e+00 -0.00e+00 -3.34e-19 -1.39e-18 -3.34e-19 -0.00e+00 -0.00e+00 -0.00e+00 -0.00e+00 -0.00e+00 -0.00e+00 -0.00e+00 -0.00e+00 -0.00e+00 -0.00e+00 -0.00e+00 -0.00e+00 -0.00e+00 -0.00e+00 -0.00e+00 -0.00e+00 -0.00e+00 -0.00e+00 -0.00e+00 -0.00e+00 -0.00e+00 -0.00e+00 -0.00e+00 -0.00e+00 -0.00e+00 -0.00e+00 -0.00e+00 -0.00e+00 0.00e+00 
-0.00e+00 0.00e+00 0.00e+00 0.00e+00 0.00e+00 0.00e+00 0.00e+00 0.00e+00 0.00e+00 0.00e+00 0.00e+00 0.00e+00 0.00e+00 0.00e+00 0.00e+00 0.00e+00 0.00e+00 0.00e+00 0.00e+00 0.00e+00 0.00e+00 0.00e+00 0.00e+00 0.00e+00 0.00e+00 0.00e+00 0.00e+00 0.00e+00 0.00e+00 3.34e-19 1.39e-18 3.34e-19 0.00e+00 0.00e+00 0.00e+00 0.00e+00 0.00e+00 0.00e+00 0.00e+00 0.00e+00 0.00e+00 0.00e+00 0.00e+00 0.00e+00 0.00e+00 0.00e+00 0.00e+00 0.00e+00 0.00e+00 0.00e+00 0.00e+00 0.00e+00 0.00e+00 0.00e+00 0.00e+00 0.00e+00 0.00e+00 0.00e+00 0.00e+00 0.00e+00 -0.00e+00 
-0.00e+00 0.00e+00 0.00e+00 0.00e+00 0.00e+00 0.00e+00 0.00e+00 0.00e+00 0.00e+00 0.00e+00 0.00e+00 0.00e+00 0.00e+00 0.00e+00 0.00e+00 0.00e+00 0.00e+00 0.00e+00 0.00e+00 0.00e+00 0.00e+00 0.00e+00 0.00e+00 0.00e+00 0.00e+00 0.00e+00 0.00e+00 0.00e+00 4.68e-18 3.93e-17 8.73e-17 3.93e-17 4.68e-18 0.00e+00 0.00e+00 0.00e+00 0.00e+00 0.00e+00 0.00e+00 0.00e+00 0.00e+00 0.00e+00 0.00e+00 0.00e+00 0.00e+00 0.00e+00 0.00e+00 0.00e+00 0.00e+00 0.00e+00 0.00e+00 0.00e+00 0.00e+00 0.00e+00 0.00e+00 0.00e+00 0.00e+00 0.00e+00 0.00e+00 0.00e+00 -0.00e+00 
-0.00e+00 0.00e+00 0.00e+00 0.00e+00 0.00e+00 0.00e+00 0.00e+00 0.00e+00 0.00e+00 0.00e+00 0.00e+00 0.00e+00 0.00e+00 0.00e+00 0.00e+00 0.00e+00 0.00e+00 0.00e+00 0.00e+00 0.00e+00 0.00e+00 0.00e+00 0.00e+00 0.00e+00 0.00e+00 0.00e+00 0.00e+00 4.21e-17 5.30e-16 2.23e-15 3.66e-15 2.23e-15 5.30e-16 4.21e-17 0.00e+00 0.00e+00 0.00e+00 0.00e+00 0.00e+00 0.00e+00 0.00e+00 0.00e+00 0.00e+00 0.00e+00 0.00e+00 0.00e+00 0.00e+00 0.00e+00 0.00e+00 0.00e+00 0.00e+00 0.00e+00 0.00e+00 0.00e+00 0.00e+00 0.00e+00 0.00e+00 0.00e+00 0.00e+00 0.00e+00 -0.00e+00 
-0.00e+00 0.00e+00 0.00e+00 0.00e+00 0.00e+00 0.00e+00 0.00e+00 0.00e+00 0.00e+00 0.00e+00 0.00e+00 0.00e+00 0.00e+00 0.00e+00 0.00e+00 0.00e+00 0.00e+00 0.00e+00 0.00e+00 0.00e+00 0.00e+00 0.00e+00 0.00e+00 0.00e+00 0.00e+00 0.00e+00 2.74e-16 4.59e-15 2.84e-14 8.15e-14 1.14e-13 8.15e-14 2.84e-14 4.59e-15 2.74e-16 0.00e+00 0.00e+00 0.00e+00 0.00e+00 0.00e+00 0.00e+00 0.00e+00 0.00e+00 0.00e+00 0.00e+00 0.00e+00 0.00e+00 0.00e+00 0.00e+00 0.00e+00 0.00e+00 0.00e+00 0.00e+00 0.00e+00 0.00e+00 0.00e+00 0.00e+00 0.00e+00 0.00e+00 0.00e+00 -0.00e+00 
-0.00e+00 0.00e+00 0.00e+00 0.00e+00 0.00e+00 0.00e+00 0.00e+00 0.00e+00 0.00e+00 0.00e+00 0.00e+00 0.00e+00 0.00e+00 0.00e+00 0.00e+00 0.00e+00 0.00e+00 0.00e+00 0.00e+00 0.00e+00 0.00e+00 0.00e+00 0.00e+00 0.00e+00 0.00e+00 1.37e-15 2.87e-14 2.34e-13 9.60e-13 2.15e-12 2.77e-12 2.15e-12 9.60e-13 2.34e-13 2.87e-14 1.37e-15 0.00e+00 0.00e+00 0.00e+00 0.00e+00 0.00e+00 0.00e+00 0.00e+00 0.00e+00 0.00e+00 0.00e+00 0.00e+00 0.00e+00 0.00e+00 0.00e+00 0.00e+00 0.00e+00 0.00e+00 0.00e+00 0.00e+00 0.00e+00 0.00e+00 0.00e+00 0.00e+00 0.00e+00 -0.00e+00 
-0.00e+00 0.00e+00 0.00e+00 0.00e+00 0.00e+00 0.00e+00 0.00e+00 0.00e+00 0.00e+00 0.00e+00 0.00e+00 0.00e+00 0.00e+00 0.00e+00 0.00e+00 0.00e+00 0.00e+00 0.00e+00 0.00e+00 0.00e+00 0.00e+00 0.00e+00 0.00e+00 0.00e+00 5.48e-15 1.38e-13 1.40e-12 7.45e-12 2.30e-11 4.33e-11 5.29e-11 4.33e-11 2.30e-11 7.45e-12 1.40e-12 1.38e-13 5.48e-15 0.00e+00 0.00e+00 0.00e+00 0.00e+00 0.00e+00 0.00e+00 0.00e+00 0.00e+00 0.00e+00 0.00e+00 0.00e+00 0.00e+00 0.00e+00 0.00e+00 0.00e+00 0.00e+00 0.00e+00 0.00e+00 0.00e+00 0.00e+00 0.00e+00 0.00e+00 0.00e+00 -0.00e+00 
-0.00e+00 0.00e+00 0.00e+00 0.00e+00 0.00e+00 0.00e+00 0.00e+00 0.00e+00 0.00e+00 0.00e+00 0.00e+00 0.00e+00 0.00e+00 0.00e+00 0.00e+00 0.00e+00 0.00e+00 0.00e+00 0.00e+00 0.00e+00 0.00e+00 0.00e+00 0.00e+00 1.80e-14 5.27e-13 6.40e-12 4.20e-11 1.65e-10 4.12e-10 6.90e-10 8.13e-10 6.90e-10 4.12e-10 1.65e-10 4.20e-11 6.40e-12 5.27e-13 1.80e-14 0.00e+00 0.00e+00 0.00e+00 0.00e+00 0.00e+00 0.00e+00 0.00e+00 0.00e+00 0.00e+00 0.00e+00 0.00e+00 0.00e+00 0.00e+00 0.00e+00 0.00e+00 0.00e+00 0.00e+00 0.00e+00 0.00e+00 0.00e+00 0.00e+00 0.00e+00 -0.00e+00 
-0.00e+00 0.00e+00 0.00e+00 0.00e+00 0.00e+00 0.00e+00 0.00e+00 0.00e+00 0.00e+00 0.00e+00 0.00e+00 0.00e+00 0.00e+00 0.00e+00 0.00e+00 0.00e+00 0.00e+00 0.00e+00 0.00e+00 0.00e+00 0.00e+00 0.00e+00 4.95e-14 1.66e-12 2.34e-11 1.82e-10 8.73e-10 2.72e-09 5.77e-09 8.83e-09 1.01e-08 8.83e-09 5.77e-09 2.72e-09 8.73e-10 1.82e-10 2.34e-11 1.66e-12 4.95e-14 0.00e+00 0.00e+00 0.00e+00 0.00e+00 0.00e+00 0.00e+00 0.00e+00 0.00e+00 0.00e+00 0.00e+00 0.00e+00 0.00e+00 0.00e+00 0.00e+00 0.00e+00 0.00e+00 0.00e+00 0.00e+00 0.00e+00 0.00e+00 0.00e+00 -0.00e+00 
-0.00e+00 0.00e+00 0.00e+00 0.00e+00 0.00e+00 0.00e+00 0.00e+00 0.00e+00 0.00e+00 0.00e+00 0.00e+00 0.00e+00 0.00e+00 0.00e+00 0.00e+00 0.00e+00 0.00e+00 0.00e+00 0.00e+00 0.00e+00 0.00e+00 1.15e-13 4.35e-12 6.99e-11 6.32e-10 3.57e-09 1.33e-08 3.43e-08 6.44e-08 9.20e-08 1.03e-07 9.20e-08 6.44e-08 3.43e-08 1.33e-08 3.57e-09 6.32e-10 6.99e-11 4.35e-12 1.15e-13 0.00e+00 0.00e+00 0.00e+00 0.00e+00 0.00e+00 0.00e+00 0.00e+00 0.00e+00 0.00e+00 0.00e+00 0.00e+00 0.00e+00 0.00e+00 0.00e+00 0.00e+00 0.00e+00 0.00e+00 0.00e+00 0.00e+00 0.00e+00 -0.00e+00 
-0.00e+00 0.00e+00 0.00e+00 0.00e+00 0.00e+00 0.00e+00 0.00e+00 0.00e+00 0.00e+00 0.00e+00 0.00e+00 0.00e+00 0.00e+00 0.00e+00 0.00e+00 0.00e+00 0.00e+00 0.00e+00 0.00e+00 0.00e+00 2.31e-13 9.65e-12 1.74e-10 1.79e-09 1.16e-08 5.07e-08 1.54e-07 3.41e-07 5.79e-07 7.84e-07 8.65e-07 7.84e-07 5.79e-07 3.41e-07 1.54e-07 5.07e-08 1.16e-08 1.79e-09 1.74e-10 9.65e-12 2.31e-13 0.00e+00 0.00e+00 0.00e+00 0.00e+00 0.00e+00 0.00e+00 0.00e+00 0.00e+00 0.00e+00 0.00e+00 0.00e+00 0.00e+00 0.00e+00 0.00e+00 0.00e+00 0.00e+00 0.00e+00 0.00e+00 0.00e+00 -0.00e+00 
-0.00e+00 0.00e+00 0.00e+00 0.00e+00 0.00e+00 0.00e+00 0.00e+00 0.00e+00 0.00e+00 0.00e+00 0.00e+00 0.00e+00 0.00e+00 0.00e+00 0.00e+00 0.00e+00 0.00e+00 0.00e+00 0.00e+00 3.99e-13 1.83e-11 3.67e-10 4.23e-09 3.11e-08 1.55e-07 5.42e-07 1.39e-06 2.71e-06 4.24e-06 5.48e-06 5.96e-06 5.48e-06 4.24e-06 2.71e-06 1.39e-06 5.42e-07 1.55e-07 3.11e-08 4.23e-09 3.67e-10 1.83e-11 3.99e-13 0.00e+00 0.00e+00 0.00e+00 0.00e+00 0.00e+00 0.00e+00 0.00e+00 0.00e+00 0.00e+00 0.00e+00 0.00e+00 0.00e+00 0.00e+00 0.00e+00 0.00e+00 0.00e+00 0.00e+00 0.00e+00 -0.00e+00 
-0.00e+00 0.00e+00 0.00e+00 0.00e+00 0.00e+00 0.00e+00 0.00e+00 0.00e+00 0.00e+00 0.00e+00 0.00e+00 0.00e+00 0.00e+00 0.00e+00 0.00e+00 0.00e+00 0.00e+00 0.00e+00 5.98e-13 3.00e-11 6.59e-10 8.41e-09 6.91e-08 3.87e-07 1.54e-06 4.45e-06 9.82e-06 1.73e-05 2.53e-05 3.15e-05 3.38e-05 3.15e-05 2.53e-05 1.73e-05 9.82e-06 4.45e-06 1.54e-06 3.87e-07 6.91e-08 8.41e-09 6.59e-10 3.00e-11 5.98e-13 0.00e+00 0.00e+00 0.00e+00 0.00e+00 0.00e+00 0.00e+00 0.00e+00 0.00e+00 0.00e+00 0.00e+00 0.00e+00 0.00e+00 0.00e+00 0.00e+00 0.00e+00 0.00e+00 0.00e+00 -0.00e+00 
-0.00e+00 0.00e+00 0.00e+00 0.00e+00 0.00e+00 0.00e+00 0.00e+00 0.00e+00 0.00e+00 0.00e+00 0.00e+00 0.00e+00 0.00e+00 0.00e+00 0.00e+00 0.00e+00 0.00e+00 7.82e-13 4.24e-11 1.02e-09 1.42e-08 1.29e-07 8.06e-07 3.57e-06 1.16e-05 2.84e-05 5.53e-05 8.92e-05 1.23e-04 1.49e-04 1.58e-04 1.49e-04 1.23e-04 8.92e-05 5.53e-05 2.84e-05 1.16e-05 3.57e-06 8.06e-07 1.29e-07 1.42e-08 1.02e-09 4.24e-11 7.82e-13 0.00e+00 0.00e+00 0.00e+00 0.00e+00 0.00e+00 0.00e+00 0.00e+00 0.00e+00 0.00e+00 0.00e+00 0.00e+00 0.00e+00 0.00e+00 0.00e+00 0.00e+00 0.00e+00 -0.00e+00 
-0.00e+00 0.00e+00 0.00e+00 0.00e+00 0.00e+00 0.00e+00 0.00e+00 0.00e+00 0.00e+00 0.00e+00 0.00e+00 0.00e+00 0.00e+00 0.00e+00 0.00e+00 0.00e+00 8.94e-13 5.22e-11 1.35e-09 2.06e-08 2.05e-07 1.41e-06 6.90e-06 2.48e-05 6.70e-05 1.42e-04 2.49e-04 3.75e-04 4.94e-04 5.81e-04 6.13e-04 5.81e-04 4.94e-04 3.75e-04 2.49e-04 1.42e-04 6.70e-05 2.48e-05 6.90e-06 1.41e-06 2.05e-07 2.06e-08 1.35e-09 5.22e-11 8.94e-13 0.00e+00 0.00e+00 0.00e+00 0.00e+00 0.00e+00 0.00e+00 0.00e+00 0.00e+00 0.00e+00 0.00e+00 0.00e+00 0.00e+00 0.00e+00 0.00e+00 0.00e+00 -0.00e+00 
-0.00e+00 0.00e+00 0.00e+00 0.00e+00 0.00e+00 0.00e+00 0.00e+00 0.00e+00 0.00e+00 0.00e+00 0.00e+00 0.00e+00 0.00e+00 0.00e+00 0.00e+00 8.94e-13 5.58e-11 1.56e-09 2.56e-08 2.77e-07 2.08e-06 1.12e-05 4.41e-05 1.31e-04 3.01e-04 5.64e-04 9.07e-04 1.28e-03 1.63e-03 1.88e-03 1.97e-03 1.88e-03 1.63e-03 1.28e-03 9.07e-04 5.64e-04 3.01e-04 1.31e-04 4.41e-05 1.12e-05 2.08e-06 2.77e-07 2.56e-08 1.56e-09 5.58e-11 8.94e-13 0.00e+00 0.00e+00 0.00e+00 0.00e+00 0.00e+00 0.00e+00 0.00e+00 0.00e+00 0.00e+00 0.00e+00 0.00e+00 0.00e+00 0.00e+00 0.00e+00 -0.00e+00 
-0.00e+00 0.00e+00 0.00e+00 0.00e+00 0.00e+00 0.00e+00 0.00e+00 0.00e+00 0.00e+00 0.00e+00 0.00e+00 0.00e+00 0.00e+00 0.00e+00 7.82e-13 5.21e-11 1.55e-09 2.75e-08 3.21e-07 2.62e-06 1.53e-05 6.60e-05 2.13e-04 5.28e-04 1.05e-03 1.79e-03 2.69e-03 3.65e-03 4.51e-03 5.11e-03 5.33e-03 5.11e-03 4.51e-03 3.65e-03 2.69e-03 1.79e-03 1.05e-03 5.28e-04 2.13e-04 6.60e-05 1.53e-05 2.62e-06 3.21e-07 2.75e-08 1.55e-09 5.21e-11 7.82e-13 0.00e+00 0.00e+00 0.00e+00 0.00e+00 0.00e+00 0.00e+00 0.00e+00 0.00e+00 0.00e+00 0.00e+00 0.00e+00 0.00e+00 0.00e+00 -0.00e+00 
-0.00e+00 0.00e+00 0.00e+00 0.00e+00 0.00e+00 0.00e+00 0.00e+00 0.00e+00 0.00e+00 0.00e+00 0.00e+00 0.00e+00 0.00e+00 5.98e-13 4.22e-11 1.34e-09 2.54e-08 3.19e-07 2.80e-06 1.78e-05 8.32e-05 2.91e-04 7.76e-04 1.65e-03 2.94e-03 4.66e-03 6.69e-03 8.81e-03 1.07e-02 1.20e-02 1.25e-02 1.20e-02 1.07e-02 8.81e-03 6.69e-03 4.66e-03 2.94e-03 1.65e-03 7.76e-04 2.91e-04 8.32e-05 1.78e-05 2.80e-06 3.19e-07 2.54e-08 1.34e-09 4.22e-11 5.98e-13 0.00e+00 0.00e+00 0.00e+00 0.00e+00 0.00e+00 0.00e+00 0.00e+00 0.00e+00 0.00e+00 0.00e+00 0.00e+00 0.00e+00 -0.00e+00 
-0.00e+00 0.00e+00 0.00e+00 0.00e+00 0.00e+00 0.00e+00 0.00e+00 0.00e+00 0.00e+00 0.00e+00 0.00e+00 0.00e+00 3.99e-13 2.98e-11 1.00e-09 2.02e-08 2.72e-07 2.57e-06 1.76e-05 8.87e-05 3.35e-04 9.62e-04 2.17e-03 4.07e-03 6.76e-03 1.03e-02 1.44e-02 1.87e-02 2.26e-02 2.52e-02 2.62e-02 2.52e-02 2.26e-02 1.87e-02 1.44e-02 1.03e-02 6.76e-03 4.07e-03 2.17e-03 9.62e-04 3.35e-04 8.87e-05 1.76e-05 2.57e-06 2.72e-07 2.02e-08 1.00e-09 2.98e-11 3.99e-13 0.00e+00 0.00e+00 0.00e+00 0.00e+00 0.00e+00 0.00e+00 0.00e+00 0.00e+00 0.00e+00 0.00e+00 0.00e+00 -0.00e+00 
-0.00e+00 0.00e+00 0.00e+00 0.00e+00 0.00e+00 0.00e+00 0.00e+00 0.00e+00 0.00e+00 0.00e+00 0.00e+00 2.31e-13 1.82e-11 6.48e-10 1.38e-08 1.98e-07 2.00e-06 1.47e-05 8.01e-05 3.26e-04 1.01e-03 2.43e-03 4.81e-03 8.39e-03 1.35e-02 2.03e-02 2.81e-02 3.63e-02 4.35e-02 4.86e-02 5.03e-02 4.86e-02 4.35e-02 3.63e-02 2.81e-02 2.03e-02 1.35e-02 8.39e-03 4.81e-03 2.43e-03 1.01e-03 3.26e-04 8.01e-05 1.47e-05 2.00e-06 1.98e-07 1.38e-08 6.48e-10 1.82e-11 2.31e-13 0.00e+00 0.00e+00 0.00e+00 0.00e+00 0.00e+00 0.00e+00 0.00e+00 0.00e+00 0.00e+00 0.00e+00 -0.00e+00 
-0.00e+00 0.00e+00 0.00e+00 0.00e+00 0.00e+00 0.00e+00 0.00e+00 0.00e+00 0.00e+00 0.00e+00 1.15e-13 9.54e-12 3.58e-10 8.10e-09 1.23e-07 1.33e-06 1.04e-05 6.11e-05 2.68e-04 8.96e-04 2.32e-03 4.88e-03 8.98e-03 1.54e-02 2.47e-02 3.67e-02 5.07e-02 6.51e-02 7.77e-02 8.64e-02 8.95e-02 8.64e-02 7.77e-02 6.51e-02 5.07e-02 3.67e-02 2.47e-02 1.54e-02 8.98e-03 4.88e-03 2.32e-03 8.96e-04 2.68e-04 6.11e-05 1.04e-05 1.33e-06 1.23e-07 8.10e-09 3.58e-10 9.54e-12 1.15e-13 0.00e+00 0.00e+00 0.00e+00 0.00e+00 0.00e+00 0.00e+00 0.00e+00 0.00e+00 0.00e+00 -0.00e+00 
-0.00e+00 0.00e+00 0.00e+00 0.00e+00 0.00e+00 0.00e+00 0.00e+00 0.00e+00 0.00e+00 4.95e-14 4.28e-12 1.69e-10 4.03e-09 6.47e-08 7.41e-07 6.23e-06 3.92e-05 1.86e-04 6.71e-04 1.88e-03 4.26e-03 8.37e-03 1.53e-02 2.63e-02 4.17e-02 6.13e-02 8.40e-02 1.07e-01 1.27e-01 1.41e-01 1.46e-01 1.41e-01 1.27e-01 1.07e-01 8.40e-02 6.13e-02 4.17e-02 2.63e-02 1.53e-02 8.37e-03 4.26e-03 1.88e-03 6.71e-04 1.86e-04 3.92e-05 6.23e-06 7.41e-07 6.47e-08 4.03e-09 1.69e-10 4.28e-12 4.95e-14 0.00e+00 0.00e+00 0.00e+00 0.00e+00 0.00e+00 0.00e+00 0.00e+00 0.00e+00 -0.00e+00 
-0.00e+00 0.00e+00 0.00e+00 0.00e+00 0.00e+00 0.00e+00 0.00e+00 0.00e+00 1.80e-14 1.63e-12 6.72e-11 1.68e-09 2.86e-08 3.47e-07 3.11e-06 2.10e-05 1.08e-04 4.23e-04 1.29e-03 3.20e-03 6.77e-03 1.32e-02 2.42e-02 4.10e-02 6.41e-02 9.36e-02 1.27e-01 1.62e-01 1.92e-01 2.13e-01 2.20e-01 2.13e-01 1.92e-01 1.62e-01 1.27e-01 9.36e-02 6.41e-02 4.10e-02 2.42e-02 1.32e-02 6.77e-03 3.20e-03 1.29e-03 4.23e-04 1.08e-04 2.10e-05 3.11e-06 3.47e-07 2.86e-08 1.68e-09 6.72e-11 1.63e-12 1.80e-14 0.00e+00 0.00e+00 0.00e+00 0.00e+00 0.00e+00 0.00e+00 0.00e+00 -0.00e+00 
-0.00e+00 0.00e+00 0.00e+00 0.00e+00 0.00e+00 0.00e+00 0.00e+00 5.48e-15 5.15e-13 2.22e-11 5.84e-10 1.04e-08 1.34e-07 1.28e-06 9.28e-06 5.16e-05 2.22e-04 7.49e-04 2.04e-03 4.73e-03 9.88e-03 1.92e-02 3.46e-02 5.78e-02 8.99e-02 1.30e-01 1.77e-01 2.24e-01 2.67e-01 2.97e-01 3.08e-01 2.97e-01 2.67e-01 2.24e-01 1.77e-01 1.30e-01 8.99e-02 5.78e-02 3.46e-02 1.92e-02 9.88e-03 4.73e-03 2.04e-03 7.49e-04 2.22e-04 5.16e-05 9.28e-06 1.28e-06 1.34e-07 1.04e-08 5.84e-10 2.22e-11 5.15e-13 5.48e-15 0.00e+00 0.00e+00 0.00e+00 0.00e+00 0.00e+00 0.00e+00 -0.00e+00 
-0.00e+00 0.00e+00 0.00e+00 0.00e+00 0.00e+00 0.00e+00 1.37e-15 1.34e-13 6.00e-12 1.65e-10 3.10e-09 4.21e-08 4.29e-07 3.34e-06 2.02e-05 9.56e-05 3.59e-04 1.10e-03 2.81e-03 6.34e-03 1.31e-02 2.51e-02 4.47e-02 7.42e-02 1.15e-01 1.66e-01 2.25e-01 2.86e-01 3.44e-01 3.86e-01 4.02e-01 3.86e-01 3.44e-01 2.86e-01 2.25e-01 1.66e-01 1.15e-01 7.42e-02 4.47e-02 2.51e-02 1.31e-02 6.34e-03 2.81e-03 1.10e-03 3.59e-04 9.56e-05 2.02e-05 3.34e-06 4.29e-07 4.21e-08 3.10e-09 1.65e-10 6.00e-12 1.34e-13 1.37e-15 0.00e+00 0.00e+00 0.00e+00 0.00e+00 0.00e+00 -0.00e+00 
-0.00e+00 0.00e+00 0.00e+00 0.00e+00 0.00e+00 2.74e-16 2.76e-14 1.29e-12 3.69e-11 7.27e-10 1.05e-08 1.14e-07 9.57e-07 6.32e-06 3.32e-05 1.40e-04 4.82e-04 1.38e-03 3.42e-03 7.56e-03 1.54e-02 2.94e-02 5.21e-02 8.58e-02 1.32e-01 1.91e-01 2.61e-01 3.37e-01 4.14e-01 4.77e-01 5.04e-01 4.77e-01 4.14e-01 3.37e-01 2.61e-01 1.91e-01 1.32e-01 8.58e-02 5.21e-02 2.94e-02 1.54e-02 7.56e-03 3.42e-03 1.38e-03 4.82e-04 1.40e-04 3.32e-05 6.32e-06 9.57e-07 1.14e-07 1.05e-08 7.27e-10 3.69e-11 1.29e-12 2.76e-14 2.74e-16 0.00e+00 0.00e+00 0.00e+00 0.00e+00 -0.00e+00 
-0.00e+00 0.00e+00 0.00e+00 0.00e+00 4.21e-17 4.36e-15 2.10e-13 6.26e-12 1.29e-10 1.97e-09 2.30e-08 2.10e-07 1.53e-06 9.00e-06 4.29e-05 1.68e-04 5.46e-04 1.50e-03 3.62e-03 7.92e-03 1.61e-02 3.05e-02 5.35e-02 8.78e-02 1.35e-01 1.97e-01 2.74e-01 3.66e-01 4.70e-01 5.71e-01 6.26e-01 5.71e-01 4.70e-01 3.66e-01 2.74e-01 1.97e-01 1.35e-01 8.78e-02 5.35e-02 3.05e-02 1.61e-02 7.92e-03 3.62e-03 1.50e-03 5.46e-04 1.68e-04 4.29e-05 9.00e-06 1.53e-06 2.10e-07 2.30e-08 1.97e-09 1.29e-10 6.26e-12 2.10e-13 4.36e-15 4.21e-17 0.00e+00 0.00e+00 0.00e+00 -0.00e+00 
-0.00e+00 0.00e+00 0.00e+00 4.68e-18 4.92e-16 2.43e-14 7.50e-13 1.63e-11 2.63e-10 3.32e-09 3.33e-08 2.71e-07 1.80e-06 9.80e-06 4.40e-05 1.64e-04 5.11e-04 1.37e-03 3.26e-03 7.09e-03 1.43e-02 2.69e-02 4.72e-02 7.75e-02 1.20e-01 1.77e-01 2.54e-01 3.58e-01 5.01e-01 6.82e-01 8.26e-01 6.82e-01 5.01e-01 3.58e-01 2.54e-01 1.77e-01 1.20e-01 7.75e-02 4.72e-02 2.69e-02 1.43e-02 7.09e-03 3.26e-03 1.37e-03 5.11e-04 1.64e-04 4.40e-05 9.80e-06 1.80e-06 2.71e-07 3.33e-08 3.32e-09 2.63e-10 1.63e-11 7.50e-13 2.43e-14 4.92e-16 4.68e-18 0.00e+00 0.00e+00 -0.00e+00 
-0.00e+00 0.00e+00 3.34e-19 3.49e-17 1.73e-15 5.48e-14 1.24e-12 2.16e-11 2.99e-10 3.36e-09 3.10e-08 2.36e-07 1.48e-06 7.69e-06 3.32e-05 1.20e-04 3.66e-04 9.69e-04 2.28e-03 4.93e-03 9.94e-03 1.87e-02 3.26e-02 5.35e-02 8.36e-02 1.26e-01 1.89e-01 2.90e-01 4.71e-01 8.04e-01 1.29e+00 8.04e-01 4.71e-01 2.90e-01 1.89e-01 1.26e-01 8.36e-02 5.35e-02 3.26e-02 1.87e-02 9.94e-03 4.93e-03 2.28e-03 9.69e-04 3.66e-04 1.20e-04 3.32e-05 7.69e-06 1.48e-06 2.36e-07 3.10e-08 3.36e-09 2.99e-10 2.16e-11 1.24e-12 5.48e-14 1.73e-15 3.49e-17 3.34e-19 0.00e+00 -0.00e+00 
-2.31e-20 2.31e-20 1.08e-18 4.91e-17 1.48e-15 3.44e-14 6.52e-13 1.03e-11 1.34e-10 1.44e-09 1.28e-08 9.39e-08 5.74e-07 2.92e-06 1.24e-05 4.41e-05 1.33e-04 3.49e-04 8.22e-04 1.78e-03 3.56e-03 6.63e-03 1.17e-02 1.93e-02 3.02e-02 4.65e-02 7.35e-02 1.28e-01 2.72e-01 7.58e-01 2.71e+00 7.58e-01 2.72e-01 1.28e-01 7.35e-02 4.65e-02 3.02e-02 1.93e-02 1.17e-02 6.63e-03 3.56e-03 1.78e-03 8.22e-04 3.49e-04 1.33e-04 4.41e-05 1.24e-05 2.92e-06 5.74e-07 9.39e-08 1.28e-08 1.44e-09 1.34e-10 1.03e-11 6.52e-13 3.44e-14 1.48e-15 4.91e-17 1.08e-18 1.15e-20 -1.15e-20 
2.31e-20 -2.31e-20 -1.08e-18 -4.91e-17 -1.48e-15 -3.44e-14 -6.52e-13 -1.03e-11 -1.34e-10 -1.44e-09 -1.28e-08 -9.39e-08 -5.74e-07 -2.92e-06 -1.24e-05 -4.41e-05 -1.33e-04 -3.49e-04 -8.22e-04 -1.78e-03 -3.56e-03 -6.63e-03 -1.17e-02 -1.93e-02 -3.02e-02 -4.65e-02 -7.35e-02 -1.28e-01 -2.72e-01 -7.58e-01 -2.71e+00 -7.58e-01 -2.72e-01 -1.28e-01 -7.35e-02 -4.65e-02 -3.02e-02 -1.93e-02 -1.17e-02 -6.63e-03 -3.56e-03 -1.78e-03 -8.22e-04 -3.49e-04 -1.33e-04 -4.41e-05 -1.24e-05 -2.92e-06 -5.74e-07 -9.39e-08 -1.28e-08 -1.44e-09 -1.34e-10 -1.03e-11 -6.52e-13 -3.44e-14 -1.48e-15 -4.91e-17 -1.08e-18 -1.15e-20 1.15e-20 
-0.00e+00 0.00e+00 -3.34e-19 -3.49e-17 -1.73e-15 -5.48e-14 -1.24e-12 -2.16e-11 -2.99e-10 -3.36e-09 -3.10e-08 -2.36e-07 -1.48e-06 -7.69e-06 -3.32e-05 -1.20e-04 -3.66e-04 -9.69e-04 -2.28e-03 -4.93e-03 -9.94e-03 -1.87e-02 -3.26e-02 -5.35e-02 -8.36e-02 -1.26e-01 -1.89e-01 -2.90e-01 -4.71e-01 -8.04e-01 -1.29e+00 -8.04e-01 -4.71e-01 -2.90e-01 -1.89e-01 -1.26e-01 -8.36e-02 -5.35e-02 -3.26e-02 -1.87e-02 -9.94e-03 -4.93e-03 -2.28e-03 -9.69e-04 -3.66e-04 -1.20e-04 -3.32e-05 -7.69e-06 -1.48e-06 -2.36e-07 -3.10e-08 -3.36e-09 -2.99e-10 -2.16e-11 -1.24e-12 -5.48e-14 -1.73e-15 -3.49e-17 -3.34e-19 0.00e+00 -0.00e+00 
-0.00e+00 0.00e+00 0.00e+00 -4.68e-18 -4.92e-16 -2.43e-14 -7.50e-13 -1.63e-11 -2.63e-10 -3.32e-09 -3.33e-08 -2.71e-07 -1.80e-06 -9.80e-06 -4.40e-05 -1.64e-04 -5.11e-04 -1.37e-03 -3.26e-03 -7.09e-03 -1.43e-02 -2.69e-02 -4.72e-02 -7.75e-02 -1.20e-01 -1.77e-01 -2.54e-01 -3.58e-01 -5.01e-01 -6.82e-01 -8.26e-01 -6.82e-01 -5.01e-01 -3.58e-01 -2.54e-01 -1.77e-01 -1.20e-01 -7.75e-02 -4.72e-02 -2.69e-02 -1.43e-02 -7.09e-03 -3.26e-03 -1.37e-03 -5.11e-04 -1.64e-04 -4.40e-05 -9.80e-06 -1.80e-06 -2.71e-07 -3.33e-08 -3.32e-09 -2.63e-10 -1.63e-11 -7.50e-13 -2.43e-14 -4.92e-16 -4.68e-18 0.00e+00 0.00e+00 -0.00e+00 
-0.00e+00 0.00e+00 0.00e+00 0.00e+00 -4.21e-17 -4.36e-15 -2.10e-13 -6.26e-12 -1.29e-10 -1.97e-09 -2.30e-08 -2.10e-07 -1.53e-06 -9.00e-06 -4.29e-05 -1.68e-04 -5.46e-04 -1.50e-03 -3.62e-03 -7.92e-03 -1.61e-02 -3.05e-02 -5.35e-02 -8.78e-02 -1.35e-01 -1.97e-01 -2.74e-01 -3.66e-01 -4.70e-01 -5.71e-01 -6.26e-01 -5.71e-01 -4.70e-01 -3.66e-01 -2.74e-01 -1.97e-01 -1.35e-01 -8.78e-02 -5.35e-02 -3.05e-02 -1.61e-02 -7.92e-03 -3.62e-03 -1.50e-03 -5.46e-04 -1.68e-04 -4.29e-05 -9.00e-06 -1.53e-06 -2.10e-07 -2.30e-08 -1.97e-09 -1.29e-10 -6.26e-12 -2.10e-13 -4.36e-15 -4.21e-17 0.00e+00 0.00e+00 0.00e+00 -0.00e+00 
-0.00e+00 0.00e+00 0.00e+00 0.00e+00 0.00e+00 -2.74e-16 -2.76e-14 -1.29e-12 -3.69e-11 -7.27e-10 -1.05e-08 -1.14e-07 -9.57e-07 -6.32e-06 -3.32e-05 -1.40e-04 -4.82e-04 -1.38e-03 -3.42e-03 -7.56e-03 -1.54e-02 -2.94e-02 -5.21e-02 -8.58e-02 -1.32e-01 -1.91e-01 -2.61e-01 -3.37e-01 -4.14e-01 -4.77e-01 -5.04e-01 -4.77e-01 -4.14e-01 -3.37e-01 -2.61e-01 -1.91e-01 -1.32e-01 -8.58e-02 -5.21e-02 -2.94e-02 -1.54e-02 -7.56e-03 -3.42e-03 -1.38e-03 -4.82e-04 -1.40e-04 -3.32e-05 -6.32e-06 -9.57e-07 -1.14e-07 -1.05e-08 -7.27e-10 -3.69e-11 -1.29e-12 -2.76e-14 -2.74e-16 0.00e+00 0.00e+00 0.00e+00 0.00e+00 -0.00e+00 
-0.00e+00 0.00e+00 0.00e+00 0.00e+00 0.00e+00 0.00e+00 -1.37e-15 -1.34e-13 -6.00e-12 -1.65e-10 -3.10e-09 -4.21e-08 -4.29e-07 -3.34e-06 -2.02e-05 -9.56e-05 -3.59e-04 -1.10e-03 -2.81e-03 -6.34e-03 -1.31e-02 -2.51e-02 -4.47e-02 -7.42e-02 -1.15e-01 -1.66e-01 -2.25e-01 -2.86e-01 -3.44e-01 -3.86e-01 -4.02e-01 -3.86e-01 -3.44e-01 -2.86e-01 -2.25e-01 -1.66e-01 -1.15e-01 -7.42e-02 -4.47e-02 -2.51e-02 -1.31e-02 -6.34e-03 -2.81e-03 -1.10e-03 -3.59e-04 -9.56e-05 -2.02e-05 -3.34e-06 -4.29e-07 -4.21e-08 -3.10e-09 -1.65e-10 -6.00e-12 -1.34e-13 -1.37e-15 0.00e+00 0.00e+00 0.00e+00 0.00e+00 0.00e+00 -0.00e+00 
-0.00e+00 0.00e+00 0.00e+00 0.00e+00 0.00e+00 0.00e+00 0.00e+00 -5.48e-15 -5.15e-13 -2.22e-11 -5.84e-10 -1.04e-08 -1.34e-07 -1.28e-06 -9.28e-06 -5.16e-05 -2.22e-04 -7.49e-04 -2.04e-03 -4.73e-03 -9.88e-03 -1.92e-02 -3.46e-02 -5.78e-02 -8.99e-02 -1.30e-01 -1.77e-01 -2.24e-01 -2.67e-01 -2.97e-01 -3.08e-01 -2.97e-01 -2.67e-01 -2.24e-01 -1.77e-01 -1.30e-01 -8.99e-02 -5.78e-02 -3.46e-02 -1.92e-02 -9.88e-03 -4.73e-03 -2.04e-03 -7.49e-04 -2.22e-04 -5.16e-05 -9.28e-06 -1.28e-06 -1.34e-07 -1.04e-08 -5.84e-10 -2.22e-11 -5.15e-13 -5.48e-15 0.00e+00 0.00e+00 0.00e+00 0.00e+00 0.00e+00 0.00e+00 -0.00e+00 
-0.00e+00 0.00e+00 0.00e+00 0.00e+00 0.00e+00 0.00e+00 0.00e+00 0.00e+00 -1.80e-14 -1.63e-12 -6.72e-11 -1.68e-09 -2.86e-08 -3.47e-07 -3.11e-06 -2.10e-05 -1.08e-04 -4.23e-04 -1.29e-03 -3.20e-03 -6.77e-03 -1.32e-02 -2.42e-02 -4.10e-02 -6.41e-02 -9.36e-02 -1.27e-01 -1.62e-01 -1.92e-01 -2.13e-01 -2.20e-01 -2.13e-01 -1.92e-01 -1.62e-01 -1.27e-01 -9.36e-02 -6.41e-02 -4.10e-02 -2.42e-02 -1.32e-02 -6.77e-03 -3.20e-03 -1.29e-03 -4.23e-04 -1.08e-04 -2.10e-05 -3.11e-06 -3.47e-07 -2.86e-08 -1.68e-09 -6.72e-11 -1.63e-12 -1.80e-14 0.00e+00 0.00e+00 0.00e+00 0.00e+00 0.00e+00 0.00e+00 0.00e+00 -0.00e+00 
-0.00e+00 0.00e+00 0.00e+00 0.00e+00 0.00e+00 0.00e+00 0.00e+00 0.00e+00 0.00e+00 -4.95e-14 -4.28e-12 -1.69e-10 -4.03e-09 -6.47e-08 -7.41e-07 -6.23e-06 -3.92e-05 -1.86e-04 -6.71e-04 -1.88e-03 -4.26e-03 -8.37e-03 -1.53e-02 -2.63e-02 -4.17e-02 -6.13e-02 -8.40e-02 -1.07e-01 -1.27e-01 -1.41e-01 -1.46e-01 -1.41e-01 -1.27e-01 -1.07e-01 -8.40e-02 -6.13e-02 -4.17e-02 -2.63e-02 -1.53e-02 -8.37e-03 -4.26e-03 -1.88e-03 -6.71e-04 -1.86e-04 -3.92e-05 -6.23e-06 -7.41e-07 -6.47e-08 -4.03e-09 -1.69e-10 -4.28e-12 -4.95e-14 0.00e+00 0.00e+00 0.00e+00 0.00e+00 0.00e+00 0.00e+00 0.00e+00 0.00e+00 -0.00e+00 
-0.00e+00 0.00e+00 0.00e+00 0.00e+00 0.00e+00 0.00e+00 0.00e+00 0.00e+00 0.00e+00 0.00e+00 -1.15e-13 -9.54e-12 -3.58e-10 -8.10e-09 -1.23e-07 -1.33e-06 -1.04e-05 -6.11e-05 -2.68e-04 -8.96e-04 -2.32e-03 -4.88e-03 -8.98e-03 -1.54e-02 -2.47e-02 -3.67e-02 -5.07e-02 -6.51e-02 -7.77e-02 -8.64e-02 -8.95e-02 -8.64e-02 -7.77e-02 -6.51e-02 -5.07e-02 -3.67e-02 -2.47e-02 -1.54e-02 -8.98e-03 -4.88e-03 -2.32e-03 -8.96e-04 -2.68e-04 -6.11e-05 -1.04e-05 -1.33e-06 -1.23e-07 -8.10e-09 -3.58e-10 -9.54e-12 -1.15e-13 0.00e+00 0.00e+00 0.00e+00 0.00e+00 0.00e+00 0.00e+00 0.00e+00 0.00e+00 0.00e+00 -0.00e+00 
-0.00e+00 0.00e+00 0.00e+00 0.00e+00 0.00e+00 0.00e+00 0.00e+00 0.00e+00 0.00e+00 0.00e+00 0.00e+00 -2.31e-13 -1.82e-11 -6.48e-10 -1.38e-08 -1.98e-07 -2.00e-06 -1.47e-05 -8.01e-05 -3.26e-04 -1.01e-03 -2.43e-03 -4.81e-03 -8.39e-03 -1.35e-02 -2.03e-02 -2.81e-02 -3.63e-02 -4.35e-02 -4.86e-02 -5.03e-02 -4.86e-02 -4.35e-02 -3.63e-02 -2.81e-02 -2.03e-02 -1.35e-02 -8.39e-03 -4.81e-03 -2.43e-03 -1.01e-03 -3.26e-04 -8.01e-05 -1.47e-05 -2.00e-06 -1.98e-07 -1.38e-08 -6.48e-10 -1.82e-11 -2.31e-13 0.00e+00 0.00e+00 0.00e+00 0.00e+00 0.00e+00 0.00e+00 0.00e+00 0.00e+00 0.00e+00 0.00e+00 -0.00e+00 
-0.00e+00 0.00e+00 0.00e+00 0.00e+00 0.00e+00 0.00e+00 0.00e+00 0.00e+00 0.00e+00 0.00e+00 0.00e+00 0.00e+00 -3.99e-13 -2.98e-11 -1.00e-09 -2.02e-08 -2.72e-07 -2.57e-06 -1.76e-05 -8.87e-05 -3.35e-04 -9.62e-04 -2.17e-03 -4.07e-03 -6.76e-03 -1.03e-02 -1.44e-02 -1.87e-02 -2.26e-02 -2.52e-02 -2.62e-02 -2.52e-02 -2.26e-02 -1.87e-02 -1.44e-02 -1.03e-02 -6.76e-03 -4.07e-03 -2.17e-03 -9.62e-04 -3.35e-04 -8.87e-05 -1.76e-05 -2.57e-06 -2.72e-07 -2.02e-08 -1.00e-09 -2.98e-11 -3.99e-13 0.00e+00 0.00e+00 0.00e+00 0.00e+00 0.00e+00 0.00e+00 0.00e+00 0.00e+00 0.00e+00 0.00e+00 0.00e+00 -0.00e+00 
-0.00e+00 0.00e+00 0.00e+00 0.00e+00 0.00e+00 0.00e+00 0.00e+00 0.00e+00 0.00e+00 0.00e+00 0.00e+00 0.00e+00 0.00e+00 -5.98e-13 -4.22e-11 -1.34e-09 -2.54e-08 -3.19e-07 -2.80e-06 -1.78e-05 -8.32e-05 -2.91e-04 -7.76e-04 -1.65e-03 -2.94e-03 -4.66e-03 -6.69e-03 -8.81e-03 -1.07e-02 -1.20e-02 -1.25e-02 -1.20e-02 -1.07e-02 -8.81e-03 -6.69e-03 -4.66e-03 -2.94e-03 -1.65e-03 -7.76e-04 -2.91e-04 -8.32e-05 -1.78e-05 -2.80e-06 -3.19e-07 -2.54e-08 -1.34e-09 -4.22e-11 -5.98e-13 0.00e+00 0.00e+00 0.00e+00 0.00e+00 0.00e+00 0.00e+00 0.00e+00 0.00e+00 0.00e+00 0.00e+00 0.00e+00 0.00e+00 -0.00e+00 
-0.00e+00 0.00e+00 0.00e+00 0.00e+00 0.00e+00 0.00e+00 0.00e+00 0.00e+00 0.00e+00 0.00e+00 0.00e+00 0.00e+00 0.00e+00 0.00e+00 -7.82e-13 -5.21e-11 -1.55e-09 -2.75e-08 -3.21e-07 -2.62e-06 -1.53e-05 -6.60e-05 -2.13e-04 -5.28e-04 -1.05e-03 -1.79e-03 -2.69e-03 -3.65e-03 -4.51e-03 -5.11e-03 -5.33e-03 -5.11e-03 -4.51e-03 -3.65e-03 -2.69e-03 -1.79e-03 -1.05e-03 -5.28e-04 -2.13e-04 -6.60e-05 -1.53e-05 -2.62e-06 -3.21e-07 -2.75e-08 -1.55e-09 -5.21e-11 -7.82e-13 0.00e+00 0.00e+00 0.00e+00 0.00e+00 0.00e+00 0.00e+00 0.00e+00 0.00e+00 0.00e+00 0.00e+00 0.00e+00 0.00e+00 0.00e+00 -0.00e+00 
-0.00e+00 0.00e+00 0.00e+00 0.00e+00 0.00e+00 0.00e+00 0.00e+00 0.00e+00 0.00e+00 0.00e+00 0.00e+00 0.00e+00 0.00e+00 0.00e+00 0.00e+00 -8.94e-13 -5.58e-11 -1.56e-09 -2.56e-08 -2.77e-07 -2.08e-06 -1.12e-05 -4.41e-05 -1.31e-04 -3.01e-04 -5.64e-04 -9.07e-04 -1.28e-03 -1.63e-03 -1.88e-03 -1.97e-03 -1.88e-03 -1.63e-03 -1.28e-03 -9.07e-04 -5.64e-04 -3.01e-04 -1.31e-04 -4.41e-05 -1.12e-05 -2.08e-06 -2.77e-07 -2.56e-08 -1.56e-09 -5.58e-11 -8.94e-13 0.00e+00 0.00e+00 0.00e+00 0.00e+00 0.00e+00 0.00e+00 0.00e+00 0.00e+00 0.00e+00 0.00e+00 0.00e+00 0.00e+00 0.00e+00 0.00e+00 -0.00e+00 
-0.00e+00 0.00e+00 0.00e+00 0.00e+00 0.00e+00 0.00e+00 0.00e+00 0.00e+00 0.00e+00 0.00e+00 0.00e+00 0.00e+00 0.00e+00 0.00e+00 0.00e+00 0.00e+00 -8.94e-13 -5.22e-11 -1.35e-09 -2.06e-08 -2.05e-07 -1.41e-06 -6.90e-06 -2.48e-05 -6.70e-05 -1.42e-04 -2.49e-04 -3.75e-04 -4.94e-04 -5.81e-04 -6.13e-04 -5.81e-04 -4.94e-04 -3.75e-04 -2.49e-04 -1.42e-04 -6.70e-05 -2.48e-05 -6.90e-06 -1.41e-06 -2.05e-07 -2.06e-08 -1.35e-09 -5.22e-11 -8.94e-13 0.00e+00 0.00e+00 0.00e+00 0.00e+00 0.00e+00 0.00e+00 0.00e+00 0.00e+00 0.00e+00 0.00e+00 0.00e+00 0.00e+00 0.00e+00 0.00e+00 0.00e+00 -0.00e+00 
-0.00e+00 0.00e+00 0.00e+00 0.00e+00 0.00e+00 0.00e+00 0.00e+00 0.00e+00 0.00e+00 0.00e+00 0.00e+00 0.00e+00 0.00e+00 0.00e+00 0.00e+00 0.00e+00 0.00e+00 -7.82e-13 -4.24e-11 -1.02e-09 -1.42e-08 -1.29e-07 -8.06e-07 -3.57e-06 -1.16e-05 -2.84e-05 -5.53e-05 -8.92e-05 -1.23e-04 -1.49e-04 -1.58e-04 -1.49e-04 -1.23e-04 -8.92e-05 -5.53e-05 -2.84e-05 -1.16e-05 -3.57e-06 -8.06e-07 -1.29e-07 -1.42e-08 -1.02e-09 -4.24e-11 -7.82e-13 0.00e+00 0.00e+00 0.00e+00 0.00e+00 0.00e+00 0.00e+00 0.00e+00 0.00e+00 0.00e+00 0.00e+00 0.00e+00 0.00e+00 0.00e+00 0.00e+00 0.00e+00 0.00e+00 -0.00e+00 
-0.00e+00 0.00e+00 0.00e+00 0.00e+00 0.00e+00 0.00e+00 0.00e+00 0.00e+00 0.00e+00 0.00e+00 0.00e+00 0.00e+00 0.00e+00 0.00e+00 0.00e+00 0.00e+00 0.00e+00 0.00e+00 -5.98e-13 -3.00e-11 -6.59e-10 -8.41e-09 -6.91e-08 -3.87e-07 -1.54e-06 -4.45e-06 -9.82e-06 -1.73e-05 -2.53e-05 -3.15e-05 -3.38e-05 -3.15e-05 -2.53e-05 -1.73e-05 -9.82e-06 -4.45e-06 -1.54e-06 -3.87e-07 -6.91e-08 -8.41e-09 -6.59e-10 -3.00e-11 -5.98e-13 0.00e+00 0.00e+00 0.00e+00 0.00e+00 0.00e+00 0.00e+00 0.00e+00 0.00e+00 0.00e+00 0.00e+00 0.00e+00 0.00e+00 0.00e+00 0.00e+00 0.00e+00 0.00e+00 0.00e+00 -0.00e+00 
-0.00e+00 0.00e+00 0.00e+00 0.00e+00 0.00e+00 0.00e+00 0.00e+00 0.00e+00 0.00e+00 0.00e+00 0.00e+00 0.00e+00 0.00e+00 0.00e+00 0.00e+00 0.00e+00 0.00e+00 0.00e+00 0.00e+00 -3.99e-13 -1.83e-11 -3.67e-10 -4.23e-09 -3.11e-08 -1.55e-07 -5.42e-07 -1.39e-06 -2.71e-06 -4.24e-06 -5.48e-06 -5.96e-06 -5.48e-06 -4.24e-06 -2.71e-06 -1.39e-06 -5.42e-07 -1.55e-07 -3.11e-08 -4.23e-09 -3.67e-10 -1.83e-11 -3.99e-13 0.00e+00 0.00e+00 0.00e+00 0.00e+00 0.00e+00 0.00e+00 0.00e+00 0.00e+00 0.00e+00 0.00e+00 0.00e+00 0.00e+00 0.00e+00 0.00e+00 0.00e+00 0.00e+00 0.00e+00 0.00e+00 -0.00e+00 
-0.00e+00 0.00e+00 0.00e+00 0.00e+00 0.00e+00 0.00e+00 0.00e+00 0.00e+00 0.00e+00 0.00e+00 0.00e+00 0.00e+00 0.00e+00 0.00e+00 0.00e+00 0.00e+00 0.00e+00 0.00e+00 0.00e+00 0.00e+00 -2.31e-13 -9.65e-12 -1.74e-10 -1.79e-09 -1.16e-08 -5.07e-08 -1.54e-07 -3.41e-07 -5.79e-07 -7.84e-07 -8.65e-07 -7.84e-07 -5.79e-07 -3.41e-07 -1.54e-07 -5.07e-08 -1.16e-08 -1.79e-09 -1.74e-10 -9.65e-12 -2.31e-13 0.00e+00 0.00e+00 0.00e+00 0.00e+00 0.00e+00 0.00e+00 0.00e+00 0.00e+00 0.00e+00 0.00e+00 0.00e+00 0.00e+00 0.00e+00 0.00e+00 0.00e+00 0.00e+00 0.00e+00 0.00e+00 0.00e+00 -0.00e+00 
-0.00e+00 0.00e+00 0.00e+00 0.00e+00 0.00e+00 0.00e+00 0.00e+00 0.00e+00 0.00e+00 0.00e+00 0.00e+00 0.00e+00 0.00e+00 0.00e+00 0.00e+00 0.00e+00 0.00e+00 0.00e+00 0.00e+00 0.00e+00 0.00e+00 -1.15e-13 -4.35e-12 -6.99e-11 -6.32e-10 -3.57e-09 -1.33e-08 -3.43e-08 -6.44e-08 -9.20e-08 -1.03e-07 -9.20e-08 -6.44e-08 -3.43e-08 -1.33e-08 -3.57e-09 -6.32e-10 -6.99e-11 -4.35e-12 -1.15e-13 0.00e+00 0.00e+00 0.00e+00 0.00e+00 0.00e+00 0.00e+00 0.00e+00 0.00e+00 0.00e+00 0.00e+00 0.00e+00 0.00e+00 0.00e+00 0.00e+00 0.00e+00 0.00e+00 0.00e+00 0.00e+00 0.00e+00 0.00e+00 -0.00e+00 
-0.00e+00 0.00e+00 0.00e+00 0.00e+00 0.00e+00 0.00e+00 0.00e+00 0.00e+00 0.00e+00 0.00e+00 0.00e+00 0.00e+00 0.00e+00 0.00e+00 0.00e+00 0.00e+00 0.00e+00 0.00e+00 0.00e+00 0.00e+00 0.00e+00 0.00e+00 -4.95e-14 -1.66e-12 -2.34e-11 -1.82e-10 -8.73e-10 -2.72e-09 -5.77e-09 -8.83e-09 -1.01e-08 -8.83e-09 -5.77e-09 -2.72e-09 -8.73e-10 -1.82e-10 -2.34e-11 -1.66e-12 -4.95e-14 0.00e+00 0.00e+00 0.00e+00 0.00e+00 0.00e+00 0.00e+00 0.00e+00 0.00e+00 0.00e+00 0.00e+00 0.00e+00 0.00e+00 0.00e+00 0.00e+00 0.00e+00 0.00e+00 0.00e+00 0.00e+00 0.00e+00 0.00e+00 0.00e+00 -0.00e+00 
-0.00e+00 0.00e+00 0.00e+00 0.00e+00 0.00e+00 0.00e+00 0.00e+00 0.00e+00 0.00e+00 0.00e+00 0.00e+00 0.00e+00 0.00e+00 0.00e+00 0.00e+00 0.00e+00 0.00e+00 0.00e+00 0.00e+00 0.00e+00 0.00e+00 0.00e+00 0.00e+00 -1.80e-14 -5.27e-13 -6.40e-12 -4.20e-11 -1.65e-10 -4.12e-10 -6.90e-10 -8.13e-10 -6.90e-10 -4.12e-10 -1.65e-10 -4.20e-11 -6.40e-12 -5.27e-13 -1.80e-14 0.00e+00 0.00e+00 0.00e+00 0.00e+00 0.00e+00 0.00e+00 0.00e+00 0.00e+00 0.00e+00 0.00e+00 0.00e+00 0.00e+00 0.00e+00 0.00e+00 0.00e+00 0.00e+00 0.00e+00 0.00e+00 0.00e+00 0.00e+00 0.00e+00 0.00e+00 -0.00e+00 
-0.00e+00 0.00e+00 0.00e+00 0.00e+00 0.00e+00 0.00e+00 0.00e+00 0.00e+00 0.00e+00 0.00e+00 0.00e+00 0.00e+00 0.00e+00 0.00e+00 0.00e+00 0.00e+00 0.00e+00 0.00e+00 0.00e+00 0.00e+00 0.00e+00 0.00e+00 0.00e+00 0.00e+00 -5.48e-15 -1.38e-13 -1.40e-12 -7.45e-12 -2.30e-11 -4.33e-11 -5.29e-11 -4.33e-11 -2.30e-11 -7.45e-12 -1.40e-12 -1.38e-13 -5.48e-15 0.00e+00 0.00e+00 0.00e+00 0.00e+00 0.00e+00 0.00e+00 0.00e+00 0.00e+00 0.00e+00 0.00e+00 0.00e+00 0.00e+00 0.00e+00 0.00e+00 0.00e+00 0.00e+00 0.00e+00 0.00e+00 0.00e+00 0.00e+00 0.00e+00 0.00e+00 0.00e+00 -0.00e+00 
-0.00e+00 0.00e+00 0.00e+00 0.00e+00 0.00e+00 0.00e+00 0.00e+00 0.00e+00 0.00e+00 0.00e+00 0.00e+00 0.00e+00 0.00e+00 0.00e+00 0.00e+00 0.00e+00 0.00e+00 0.00e+00 0.00e+00 0.00e+00 0.00e+00 0.00e+00 0.00e+00 0.00e+00 0.00e+00 -1.37e-15 -2.87e-14 -2.34e-13 -9.60e-13 -2.15e-12 -2.77e-12 -2.15e-12 -9.60e-13 -2.34e-13 -2.87e-14 -1.37e-15 0.00e+00 0.00e+00 0.00e+00 0.00e+00 0.00e+00 0.00e+00 0.00e+00 0.00e+00 0.00e+00 0.00e+00 0.00e+00 0.00e+00 0.00e+00 0.00e+00 0.00e+00 0.00e+00 0.00e+00 0.00e+00 0.00e+00 0.00e+00 0.00e+00 0.00e+00 0.00e+00 0.00e+00 -0.00e+00 
-0.00e+00 0.00e+00 0.00e+00 0.00e+00 0.00e+00 0.00e+00 0.00e+00 0.00e+00 0.00e+00 0.00e+00 0.00e+00 0.00e+00 0.00e+00 0.00e+00 0.00e+00 0.00e+00 0.00e+00 0.00e+00 0.00e+00 0.00e+00 0.00e+00 0.00e+00 0.00e+00 0.00e+00 0.00e+00 0.00e+00 -2.74e-16 -4.59e-15 -2.84e-14 -8.15e-14 -1.14e-13 -8.15e-14 -2.84e-14 -4.59e-15 -2.74e-16 0.00e+00 0.00e+00 0.00e+00 0.00e+00 0.00e+00 0.00e+00 0.00e+00 0.00e+00 0.00e+00 0.00e+00 0.00e+00 0.00e+00 0.00e+00 0.00e+00 0.00e+00 0.00e+00 0.00e+00 0.00e+00 0.00e+00 0.00e+00 0.00e+00 0.00e+00 0.00e+00 0.00e+00 0.00e+00 -0.00e+00 
-0.00e+00 0.00e+00 0.00e+00 0.00e+00 0.00e+00 0.00e+00 0.00e+00 0.00e+00 0.00e+00 0.00e+00 0.00e+00 0.00e+00 0.00e+00 0.00e+00 0.00e+00 0.00e+00 0.00e+00 0.00e+00 0.00e+00 0.00e+00 0.00e+00 0.00e+00 0.00e+00 0.00e+00 0.00e+00 0.00e+00 0.00e+00 -4.21e-17 -5.30e-16 -2.23e-15 -3.66e-15 -2.23e-15 -5.30e-16 -4.21e-17 0.00e+00 0.00e+00 0.00e+00 0.00e+00 0.00e+00 0.00e+00 0.00e+00 0.00e+00 0.00e+00 0.00e+00 0.00e+00 0.00e+00 0.00e+00 0.00e+00 0.00e+00 0.00e+00 0.00e+00 0.00e+00 0.00e+00 0.00e+00 0.00e+00 0.00e+00 0.00e+00 0.00e+00 0.00e+00 0.00e+00 -0.00e+00 
-0.00e+00 0.00e+00 0.00e+00 0.00e+00 0.00e+00 0.00e+00 0.00e+00 0.00e+00 0.00e+00 0.00e+00 0.00e+00 0.00e+00 0.00e+00 0.00e+00 0.00e+00 0.00e+00 0.00e+00 0.00e+00 0.00e+00 0.00e+00 0.00e+00 0.00e+00 0.00e+00 0.00e+00 0.00e+00 0.00e+00 0.00e+00 0.00e+00 -4.68e-18 -3.93e-17 -8.73e-17 -3.93e-17 -4.68e-18 0.00e+00 0.00e+00 0.00e+00 0.00e+00 0.00e+00 0.00e+00 0.00e+00 0.00e+00 0.00e+00 0.00e+00 0.00e+00 0.00e+00 0.00e+00 0.00e+00 0.00e+00 0.00e+00 0.00e+00 0.00e+00 0.00e+00 0.00e+00 0.00e+00 0.00e+00 0.00e+00 0.00e+00 0.00e+00 0.00e+00 0.00e+00 -0.00e+00 
-0.00e+00 0.00e+00 0.00e+00 0.00e+00 0.00e+00 0.00e+00 0.00e+00 0.00e+00 0.00e+00 0.00e+00 0.00e+00 0.00e+00 0.00e+00 0.00e+00 0.00e+00 0.00e+00 0.00e+00 0.00e+00 0.00e+00 0.00e+00 0.00e+00 0.00e+00 0.00e+00 0.00e+00 0.00e+00 0.00e+00 0.00e+00 0.00e+00 0.00e+00 -3.34e-19 -1.40e-18 -3.34e-19 0.00e+00 0.00e+00 0.00e+00 0.00e+00 0.00e+00 0.00e+00 0.00e+00 0.00e+00 0.00e+00 0.00e+00 0.00e+00 0.00e+00 0.00e+00 0.00e+00 0.00e+00 0.00e+00 0.00e+00 0.00e+00 0.00e+00 0.00e+00 0.00e+00 0.00e+00 0.00e+00 0.00e+00 0.00e+00 0.00e+00 0.00e+00 0.00e+00 -0.00e+00 
-0.00e+00 0.00e+00 0.00e+00 0.00e+00 0.00e+00 0.00e+00 0.00e+00 0.00e+00 0.00e+00 0.00e+00 0.00e+00 0.00e+00 0.00e+00 0.00e+00 0.00e+00 0.00e+00 0.00e+00 0.00e+00 0.00e+00 0.00e+00 0.00e+00 0.00e+00 0.00e+00 0.00e+00 0.00e+00 0.00e+00 0.00e+00 0.00e+00 0.00e+00 0.00e+00 -2.31e-20 0.00e+00 0.00e+00 0.00e+00 0.00e+00 0.00e+00 0.00e+00 0.00e+00 0.00e+00 0.00e+00 0.00e+00 0.00e+00 0.00e+00 0.00e+00 0.00e+00 0.00e+00 0.00e+00 0.00e+00 0.00e+00 0.00e+00 0.00e+00 0.00e+00 0.00e+00 0.00e+00 0.00e+00 0.00e+00 0.00e+00 0.00e+00 0.00e+00 0.00e+00 -0.00e+00 
0.00e+00 -0.00e+00 -0.00e+00 -0.00e+00 -0.00e+00 -0.00e+00 -0.00e+00 -0.00e+00 -0.00e+00 -0.00e+00 -0.00e+00 -0.00e+00 -0.00e+00 -0.00e+00 -0.00e+00 -0.00e+00 -0.00e+00 -0.00e+00 -0.00e+00 -0.00e+00 -0.00e+00 -0.00e+00 -0.00e+00 -0.00e+00 -0.00e+00 -0.00e+00 -0.00e+00 -0.00e+00 -0.00e+00 -0.00e+00 2.31e-20 -0.00e+00 -0.00e+00 -0.00e+00 -0.00e+00 -0.00e+00 -0.00e+00 -0.00e+00 -0.00e+00 -0.00e+00 -0.00e+00 -0.00e+00 -0.00e+00 -0.00e+00 -0.00e+00 -0.00e+00 -0.00e+00 -0.00e+00 -0.00e+00 -0.00e+00 -0.00e+00 -0.00e+00 -0.00e+00 -0.00e+00 -0.00e+00 -0.00e+00 -0.00e+00 -0.00e+00 -0.00e+00 -0.00e+00 0.00e+00 
