0.00e+00 -0.00e+00 -0.00e+00 -0.00e+00 -0.00e+00 -0.00e+00 -0.00e+00 -0.00e+00 -0.00e+00 -0.00e+00 -0.00e+00 -0.00e+00 -0.00e+00 -0.00e+00 -0.00e+00 -0.00e+00 -0.00e+00 -0.00e+00 -0.00e+00 -0.00e+00 -0.00e+00 -0.00e+00 -0.00e+00 -0.00e+00 -0.00e+00 -0.00e+00 -0.00e+00 -0.00e+00 -1.25e-18 -1.04e-17 -2.30e-17 -1.04e-17 -1.25e-18 -0.00e+00 -0.00e+00 -0.00e+00 -0.00e+00 -0.00e+00 -0.00e+00 -0.00e+00 -0.00e+00 -0.00e+00 -0.00e+00 -0.00e+00 -0.00e+00 -0.00e+00 -0.00e+00 -0.00e+00 -0.00e+00 -0.00e+00 -0.00e+00 -0.00e+00 -0.00e+00 -0.00e+00 -0.00e+00 -0.00e+00 -0.00e+00 -0.00e+00 -0.00e+00 -0.00e+00 0.00e+00 
-0.00e+00 0.00e+00 0.00e+00 0.00e+00 0.00e+00 0.00e+00 0.00e+00 0.00e+00 0.00e+00 0.00e+00 0.00e+00 0.00e+00 0.00e+00 0.00e+00 0.00e+00 0.00e+00 0.00e+00 0.00e+00 0.00e+00 0.00e+00 0.00e+00 0.00e+00 0.00e+00 0.00e+00 0.00e+00 0.00e+00 0.00e+00 0.00e+00 1.25e-18 1.04e-17 2.30e-17 1.04e-17 1.25e-18 0.00e+00 0.00e+00 0.00e+00 0.00e+00 0.00e+00 0.00e+00 0.00e+00 0.00e+00 0.00e+00 0.00e+00 0.00e+00 0.00e+00 0.00e+00 0.00e+00 0.00e+00 0.00e+00 0.00e+00 0.00e+00 0.00e+00 0.00e+00 0.00e+00 0.00e+00 0.00e+00 0.00e+00 0.00e+00 0.00e+00 0.00e+00 -0.00e+00 
-0.00e+00 0.00e+00 0.00e+00 0.00e+00 0.00e+00 0.00e+00 0.00e+00 0.00e+00 0.00e+00 0.00e+00 0.00e+00 0.00e+00 0.00e+00 0.00e+00 0.00e+00 0.00e+00 0.00e+00 0.00e+00 0.00e+00 0.00e+00 0.00e+00 0.00e+00 0.00e+00 0.00e+00 0.00e+00 0.00e+00 0.00e+00 1.17e-17 1.47e-16 6.18e-16 1.02e-15 6.18e-16 1.47e-16 1.17e-17 0.00e+00 0.00e+00 0.00e+00 0.00e+00 0.00e+00 0.00e+00 0.00e+00 0.00e+00 0.00e+00 0.00e+00 0.00e+00 0.00e+00 0.00e+00 0.00e+00 0.00e+00 0.00e+00 0.00e+00 0.00e+00 0.00e+00 0.00e+00 0.00e+00 0.00e+00 0.00e+00 0.00e+00 0.00e+00 0.00e+00 -0.00e+00 
-0.00e+00 0.00e+00 0.00e+00 0.00e+00 0.00e+00 0.00e+00 0.00e+00 0.00e+00 0.00e+00 0.00e+00 0.00e+00 0.00e+00 0.00e+00 0.00e+00 0.00e+00 0.00e+00 0.00e+00 0.00e+00 0.00e+00 0.00e+00 0.00e+00 0.00e+00 0.00e+00 0.00e+00 0.00e+00 0.00e+00 7.90e-17 1.32e-15 8.18e-15 2.35e-14 3.31e-14 2.35e-14 8.18e-15 1.32e-15 7.90e-17 0.00e+00 0.00e+00 0.00e+00 0.00e+00 0.00e+00 0.00e+00 0.00e+00 0.00e+00 0.00e+00 0.00e+00 0.00e+00 0.00e+00 0.00e+00 0.00e+00 0.00e+00 0.00e+00 0.00e+00 0.00e+00 0.00e+00 0.00e+00 0.00e+00 0.00e+00 0.00e+00 0.00e+00 0.00e+00 -0.00e+00 
-0.00e+00 0.00e+00 0.00e+00 0.00e+00 0.00e+00 0.00e+00 0.00e+00 0.00e+00 0.00e+00 0.00e+00 0.00e+00 0.00e+00 0.00e+00 0.00e+00 0.00e+00 0.00e+00 0.00e+00 0.00e+00 0.00e+00 0.00e+00 0.00e+00 0.00e+00 0.00e+00 0.00e+00 0.00e+00 4.11e-16 8.59e-15 7.02e-14 2.88e-13 6.47e-13 8.34e-13 6.47e-13 2.88e-13 7.02e-14 8.59e-15 4.11e-16 0.00e+00 0.00e+00 0.00e+00 0.00e+00 0.00e+00 0.00e+00 0.00e+00 0.00e+00 0.00e+00 0.00e+00 0.00e+00 0.00e+00 0.00e+00 0.00e+00 0.00e+00 0.00e+00 0.00e+00 0.00e+00 0.00e+00 0.00e+00 0.00e+00 0.00e+00 0.00e+00 0.00e+00 -0.00e+00 
-0.00e+00 0.00e+00 0.00e+00 0.00e+00 0.00e+00 0.00e+00 0.00e+00 0.00e+00 0.00e+00 0.00e+00 0.00e+00 0.00e+00 0.00e+00 0.00e+00 0.00e+00 0.00e+00 0.00e+00 0.00e+00 0.00e+00 0.00e+00 0.00e+00 0.00e+00 0.00e+00 0.00e+00 1.71e-15 4.29e-14 4.36e-13 2.33e-12 7.20e-12 1.36e-11 1.67e-11 1.36e-11 7.20e-12 2.33e-12 4.36e-13 4.29e-14 1.71e-15 0.00e+00 0.00e+00 0.00e+00 0.00e+00 0.00e+00 0.00e+00 0.00e+00 0.00e+00 0.00e+00 0.00e+00 0.00e+00 0.00e+00 0.00e+00 0.00e+00 0.00e+00 0.00e+00 0.00e+00 0.00e+00 0.00e+00 0.00e+00 0.00e+00 0.00e+00 0.00e+00 -0.00e+00 
-0.00e+00 0.00e+00 0.00e+00 0.00e+00 0.00e+00 0.00e+00 0.00e+00 0.00e+00 0.00e+00 0.00e+00 0.00e+00 0.00e+00 0.00e+00 0.00e+00 0.00e+00 0.00e+00 0.00e+00 0.00e+00 0.00e+00 0.00e+00 0.00e+00 0.00e+00 0.00e+00 5.87e-15 1.72e-13 2.08e-12 1.37e-11 5.41e-11 1.36e-10 2.28e-10 2.70e-10 2.28e-10 1.36e-10 5.41e-11 1.37e-11 2.08e-12 1.72e-13 5.87e-15 0.00e+00 0.00e+00 0.00e+00 0.00e+00 0.00e+00 0.00e+00 0.00e+00 0.00e+00 0.00e+00 0.00e+00 0.00e+00 0.00e+00 0.00e+00 0.00e+00 0.00e+00 0.00e+00 0.00e+00 0.00e+00 0.00e+00 0.00e+00 0.00e+00 0.00e+00 -0.00e+00 
-0.00e+00 0.00e+00 0.00e+00 0.00e+00 0.00e+00 0.00e+00 0.00e+00 0.00e+00 0.00e+00 0.00e+00 0.00e+00 0.00e+00 0.00e+00 0.00e+00 0.00e+00 0.00e+00 0.00e+00 0.00e+00 0.00e+00 0.00e+00 0.00e+00 0.00e+00 1.69e-14 5.64e-13 7.96e-12 6.22e-11 2.99e-10 9.36e-10 2.00e-09 3.08e-09 3.54e-09 3.08e-09 2.00e-09 9.36e-10 2.99e-10 6.22e-11 7.96e-12 5.64e-13 1.69e-14 0.00e+00 0.00e+00 0.00e+00 0.00e+00 0.00e+00 0.00e+00 0.00e+00 0.00e+00 0.00e+00 0.00e+00 0.00e+00 0.00e+00 0.00e+00 0.00e+00 0.00e+00 0.00e+00 0.00e+00 0.00e+00 0.00e+00 0.00e+00 0.00e+00 -0.00e+00 
-0.00e+00 0.00e+00 0.00e+00 0.00e+00 0.00e+00 0.00e+00 0.00e+00 0.00e+00 0.00e+00 0.00e+00 0.00e+00 0.00e+00 0.00e+00 0.00e+00 0.00e+00 0.00e+00 0.00e+00 0.00e+00 0.00e+00 0.00e+00 0.00e+00 4.12e-14 1.55e-12 2.49e-11 2.26e-10 1.28e-09 4.81e-09 1.25e-08 2.36e-08 3.39e-08 3.82e-08 3.39e-08 2.36e-08 1.25e-08 4.81e-09 1.28e-09 2.26e-10 2.49e-11 1.55e-12 4.12e-14 0.00e+00 0.00e+00 0.00e+00 0.00e+00 0.00e+00 0.00e+00 0.00e+00 0.00e+00 0.00e+00 0.00e+00 0.00e+00 0.00e+00 0.00e+00 0.00e+00 0.00e+00 0.00e+00 0.00e+00 0.00e+00 0.00e+00 0.00e+00 -0.00e+00 
-0.00e+00 0.00e+00 0.00e+00 0.00e+00 0.00e+00 0.00e+00 0.00e+00 0.00e+00 0.00e+00 0.00e+00 0.00e+00 0.00e+00 0.00e+00 0.00e+00 0.00e+00 0.00e+00 0.00e+00 0.00e+00 0.00e+00 0.00e+00 8.66e-14 3.62e-12 6.53e-11 6.72e-10 4.39e-09 1.92e-08 5.90e-08 1.32e-07 2.26e-07 3.07e-07 3.39e-07 3.07e-07 2.26e-07 1.32e-07 5.90e-08 1.92e-08 4.39e-09 6.72e-10 6.53e-11 3.62e-12 8.66e-14 0.00e+00 0.00e+00 0.00e+00 0.00e+00 0.00e+00 0.00e+00 0.00e+00 0.00e+00 0.00e+00 0.00e+00 0.00e+00 0.00e+00 0.00e+00 0.00e+00 0.00e+00 0.00e+00 0.00e+00 0.00e+00 0.00e+00 -0.00e+00 
-0.00e+00 0.00e+00 0.00e+00 0.00e+00 0.00e+00 0.00e+00 0.00e+00 0.00e+00 0.00e+00 0.00e+00 0.00e+00 0.00e+00 0.00e+00 0.00e+00 0.00e+00 0.00e+00 0.00e+00 0.00e+00 0.00e+00 1.57e-13 7.23e-12 1.45e-10 1.67e-09 1.23e-08 6.19e-08 2.19e-07 5.66e-07 1.12e-06 1.76e-06 2.29e-06 2.50e-06 2.29e-06 1.76e-06 1.12e-06 5.66e-07 2.19e-07 6.19e-08 1.23e-08 1.67e-09 1.45e-10 7.23e-12 1.57e-13 0.00e+00 0.00e+00 0.00e+00 0.00e+00 0.00e+00 0.00e+00 0.00e+00 0.00e+00 0.00e+00 0.00e+00 0.00e+00 0.00e+00 0.00e+00 0.00e+00 0.00e+00 0.00e+00 0.00e+00 0.00e+00 -0.00e+00 
-0.00e+00 0.00e+00 0.00e+00 0.00e+00 0.00e+00 0.00e+00 0.00e+00 0.00e+00 0.00e+00 0.00e+00 0.00e+00 0.00e+00 0.00e+00 0.00e+00 0.00e+00 0.00e+00 0.00e+00 0.00e+00 2.49e-13 1.25e-11 2.75e-10 3.51e-09 2.90e-08 1.63e-07 6.55e-07 1.92e-06 4.30e-06 7.65e-06 1.13e-05 1.41e-05 1.52e-05 1.41e-05 1.13e-05 7.65e-06 4.30e-06 1.92e-06 6.55e-07 1.63e-07 2.90e-08 3.51e-09 2.75e-10 1.25e-11 2.49e-13 0.00e+00 0.00e+00 0.00e+00 0.00e+00 0.00e+00 0.00e+00 0.00e+00 0.00e+00 0.00e+00 0.00e+00 0.00e+00 0.00e+00 0.00e+00 0.00e+00 0.00e+00 0.00e+00 0.00e+00 -0.00e+00 
-0.00e+00 0.00e+00 0.00e+00 0.00e+00 0.00e+00 0.00e+00 0.00e+00 0.00e+00 0.00e+00 0.00e+00 0.00e+00 0.00e+00 0.00e+00 0.00e+00 0.00e+00 0.00e+00 0.00e+00 3.45e-13 1.87e-11 4.48e-10 6.28e-09 5.73e-08 3.60e-07 1.61e-06 5.30e-06 1.32e-05 2.61e-05 4.26e-05 5.95e-05 7.21e-05 7.68e-05 7.21e-05 5.95e-05 4.26e-05 2.61e-05 1.32e-05 5.30e-06 1.61e-06 3.60e-07 5.73e-08 6.28e-09 4.48e-10 1.87e-11 3.45e-13 0.00e+00 0.00e+00 0.00e+00 0.00e+00 0.00e+00 0.00e+00 0.00e+00 0.00e+00 0.00e+00 0.00e+00 0.00e+00 0.00e+00 0.00e+00 0.00e+00 0.00e+00 0.00e+00 -0.00e+00 
-0.00e+00 0.00e+00 0.00e+00 0.00e+00 0.00e+00 0.00e+00 0.00e+00 0.00e+00 0.00e+00 0.00e+00 0.00e+00 0.00e+00 0.00e+00 0.00e+00 0.00e+00 0.00e+00 4.19e-13 2.44e-11 6.34e-10 9.67e-09 9.66e-08 6.68e-07 3.31e-06 1.21e-05 3.32e-05 7.18e-05 1.28e-04 1.94e-04 2.58e-04 3.04e-04 3.21e-04 3.04e-04 2.58e-04 1.94e-04 1.28e-04 7.18e-05 3.32e-05 1.21e-05 3.31e-06 6.68e-07 9.66e-08 9.67e-09 6.34e-10 2.44e-11 4.19e-13 0.00e+00 0.00e+00 0.00e+00 0.00e+00 0.00e+00 0.00e+00 0.00e+00 0.00e+00 0.00e+00 0.00e+00 0.00e+00 0.00e+00 0.00e+00 0.00e+00 0.00e+00 -0.00e+00 
-0.00e+00 0.00e+00 0.00e+00 0.00e+00 0.00e+00 0.00e+00 0.00e+00 0.00e+00 0.00e+00 0.00e+00 0.00e+00 0.00e+00 0.00e+00 0.00e+00 0.00e+00 4.47e-13 2.79e-11 7.78e-10 1.28e-08 1.39e-07 1.05e-06 5.73e-06 2.29e-05 6.91e-05 1.62e-04 3.10e-04 5.05e-04 7.23e-04 9.24e-04 1.07e-03 1.12e-03 1.07e-03 9.24e-04 7.23e-04 5.05e-04 3.10e-04 1.62e-04 6.91e-05 2.29e-05 5.73e-06 1.05e-06 1.39e-07 1.28e-08 7.78e-10 2.79e-11 4.47e-13 0.00e+00 0.00e+00 0.00e+00 0.00e+00 0.00e+00 0.00e+00 0.00e+00 0.00e+00 0.00e+00 0.00e+00 0.00e+00 0.00e+00 0.00e+00 0.00e+00 -0.00e+00 
-0.00e+00 0.00e+00 0.00e+00 0.00e+00 0.00e+00 0.00e+00 0.00e+00 0.00e+00 0.00e+00 0.00e+00 0.00e+00 0.00e+00 0.00e+00 0.00e+00 4.19e-13 2.79e-11 8.32e-10 1.48e-08 1.73e-07 1.42e-06 8.41e-06 3.67e-05 1.21e-04 3.06e-04 6.24e-04 1.08e-03 1.63e-03 2.23e-03 2.76e-03 3.13e-03 3.26e-03 3.13e-03 2.76e-03 2.23e-03 1.63e-03 1.08e-03 6.24e-04 3.06e-04 1.21e-04 3.67e-05 8.41e-06 1.42e-06 1.73e-07 1.48e-08 8.32e-10 2.79e-11 4.19e-13 0.00e+00 0.00e+00 0.00e+00 0.00e+00 0.00e+00 0.00e+00 0.00e+00 0.00e+00 0.00e+00 0.00e+00 0.00e+00 0.00e+00 0.00e+00 -0.00e+00 
-0.00e+00 0.00e+00 0.00e+00 0.00e+00 0.00e+00 0.00e+00 0.00e+00 0.00e+00 0.00e+00 0.00e+00 0.00e+00 0.00e+00 0.00e+00 3.45e-13 2.44e-11 7.75e-10 1.47e-08 1.85e-07 1.64e-06 1.05e-05 4.98e-05 1.77e-04 4.84e-04 1.05e-03 1.91e-03 3.05e-03 4.39e-03 5.78e-03 7.00e-03 7.85e-03 8.15e-03 7.85e-03 7.00e-03 5.78e-03 4.39e-03 3.05e-03 1.91e-03 1.05e-03 4.84e-04 1.77e-04 4.98e-05 1.05e-05 1.64e-06 1.85e-07 1.47e-08 7.75e-10 2.44e-11 3.45e-13 0.00e+00 0.00e+00 0.00e+00 0.00e+00 0.00e+00 0.00e+00 0.00e+00 0.00e+00 0.00e+00 0.00e+00 0.00e+00 0.00e+00 -0.00e+00 
-0.00e+00 0.00e+00 0.00e+00 0.00e+00 0.00e+00 0.00e+00 0.00e+00 0.00e+00 0.00e+00 0.00e+00 0.00e+00 0.00e+00 2.49e-13 1.86e-11 6.28e-10 1.27e-08 1.71e-07 1.63e-06 1.12e-05 5.75e-05 2.21e-04 6.49e-04 1.50e-03 2.86e-03 4.77e-03 7.23e-03 1.01e-02 1.30e-02 1.55e-02 1.73e-02 1.79e-02 1.73e-02 1.55e-02 1.30e-02 1.01e-02 7.23e-03 4.77e-03 2.86e-03 1.50e-03 6.49e-04 2.21e-04 5.75e-05 1.12e-05 1.63e-06 1.71e-07 1.27e-08 6.28e-10 1.86e-11 2.49e-13 0.00e+00 0.00e+00 0.00e+00 0.00e+00 0.00e+00 0.00e+00 0.00e+00 0.00e+00 0.00e+00 0.00e+00 0.00e+00 -0.00e+00 
-0.00e+00 0.00e+00 0.00e+00 0.00e+00 0.00e+00 0.00e+00 0.00e+00 0.00e+00 0.00e+00 0.00e+00 0.00e+00 1.57e-13 1.24e-11 4.42e-10 9.47e-09 1.36e-07 1.38e-06 1.03e-05 5.65e-05 2.34e-04 7.39e-04 1.82e-03 3.64e-03 6.36e-03 1.01e-02 1.50e-02 2.05e-02 2.62e-02 3.12e-02 3.46e-02 3.58e-02 3.46e-02 3.12e-02 2.62e-02 2.05e-02 1.50e-02 1.01e-02 6.36e-03 3.64e-03 1.82e-03 7.39e-04 2.34e-04 5.65e-05 1.03e-05 1.38e-06 1.36e-07 9.47e-09 4.42e-10 1.24e-11 1.57e-13 0.00e+00 0.00e+00 0.00e+00 0.00e+00 0.00e+00 0.00e+00 0.00e+00 0.00e+00 0.00e+00 0.00e+00 -0.00e+00 
-0.00e+00 0.00e+00 0.00e+00 0.00e+00 0.00e+00 0.00e+00 0.00e+00 0.00e+00 0.00e+00 0.00e+00 8.66e-14 7.16e-12 2.69e-10 6.10e-09 9.30e-08 1.01e-06 8.00e-06 4.73e-05 2.11e-04 7.15e-04 1.88e-03 3.99e-03 7.31e-03 1.23e-02 1.93e-02 2.82e-02 3.84e-02 4.87e-02 5.77e-02 6.38e-02 6.60e-02 6.38e-02 5.77e-02 4.87e-02 3.84e-02 2.82e-02 1.93e-02 1.23e-02 7.31e-03 3.99e-03 1.88e-03 7.15e-04 2.11e-04 4.73e-05 8.00e-06 1.01e-06 9.30e-08 6.10e-09 2.69e-10 7.16e-12 8.66e-14 0.00e+00 0.00e+00 0.00e+00 0.00e+00 0.00e+00 0.00e+00 0.00e+00 0.00e+00 0.00e+00 -0.00e+00 
-0.00e+00 0.00e+00 0.00e+00 0.00e+00 0.00e+00 0.00e+00 0.00e+00 0.00e+00 0.00e+00 4.12e-14 3.57e-12 1.41e-10 3.37e-09 5.44e-08 6.26e-07 5.30e-06 3.36e-05 1.61e-04 5.89e-04 1.67e-03 3.78e-03 7.32e-03 1.30e-02 2.18e-02 3.40e-02 4.92e-02 6.64e-02 8.36e-02 9.84e-02 1.08e-01 1.12e-01 1.08e-01 9.84e-02 8.36e-02 6.64e-02 4.92e-02 3.40e-02 2.18e-02 1.30e-02 7.32e-03 3.78e-03 1.67e-03 5.89e-04 1.61e-04 3.36e-05 5.30e-06 6.26e-07 5.44e-08 3.37e-09 1.41e-10 3.57e-12 4.12e-14 0.00e+00 0.00e+00 0.00e+00 0.00e+00 0.00e+00 0.00e+00 0.00e+00 0.00e+00 -0.00e+00 
-0.00e+00 0.00e+00 0.00e+00 0.00e+00 0.00e+00 0.00e+00 0.00e+00 0.00e+00 1.69e-14 1.53e-12 6.32e-11 1.59e-09 2.70e-08 3.30e-07 2.97e-06 2.02e-05 1.04e-04 4.11e-04 1.26e-03 3.09e-03 6.41e-03 1.21e-02 2.16e-02 3.59e-02 5.51e-02 7.88e-02 1.05e-01 1.31e-01 1.54e-01 1.69e-01 1.75e-01 1.69e-01 1.54e-01 1.31e-01 1.05e-01 7.88e-02 5.51e-02 3.59e-02 2.16e-02 1.21e-02 6.41e-03 3.09e-03 1.26e-03 4.11e-04 1.04e-04 2.02e-05 2.97e-06 3.30e-07 2.70e-08 1.59e-09 6.32e-11 1.53e-12 1.69e-14 0.00e+00 0.00e+00 0.00e+00 0.00e+00 0.00e+00 0.00e+00 0.00e+00 -0.00e+00 
-0.00e+00 0.00e+00 0.00e+00 0.00e+00 0.00e+00 0.00e+00 0.00e+00 5.87e-15 5.53e-13 2.39e-11 6.31e-10 1.13e-08 1.46e-07 1.40e-06 1.01e-05 5.63e-05 2.42e-04 8.09e-04 2.17e-03 4.88e-03 9.87e-03 1.87e-02 3.30e-02 5.36e-02 8.14e-02 1.15e-01 1.53e-01 1.90e-01 2.22e-01 2.44e-01 2.52e-01 2.44e-01 2.22e-01 1.90e-01 1.53e-01 1.15e-01 8.14e-02 5.36e-02 3.30e-02 1.87e-02 9.87e-03 4.88e-03 2.17e-03 8.09e-04 2.42e-04 5.63e-05 1.01e-05 1.40e-06 1.46e-07 1.13e-08 6.31e-10 2.39e-11 5.53e-13 5.87e-15 0.00e+00 0.00e+00 0.00e+00 0.00e+00 0.00e+00 0.00e+00 -0.00e+00 
-0.00e+00 0.00e+00 0.00e+00 0.00e+00 0.00e+00 0.00e+00 1.71e-15 1.68e-13 7.56e-12 2.08e-10 3.93e-09 5.35e-08 5.45e-07 4.23e-06 2.54e-05 1.19e-04 4.37e-04 1.30e-03 3.21e-03 6.99e-03 1.40e-02 2.62e-02 4.54e-02 7.31e-02 1.10e-01 1.54e-01 2.04e-01 2.53e-01 2.96e-01 3.25e-01 3.36e-01 3.25e-01 2.96e-01 2.53e-01 2.04e-01 1.54e-01 1.10e-01 7.31e-02 4.54e-02 2.62e-02 1.40e-02 6.99e-03 3.21e-03 1.30e-03 4.37e-04 1.19e-04 2.54e-05 4.23e-06 5.45e-07 5.35e-08 3.93e-09 2.08e-10 7.56e-12 1.68e-13 1.71e-15 0.00e+00 0.00e+00 0.00e+00 0.00e+00 0.00e+00 -0.00e+00 
-0.00e+00 0.00e+00 0.00e+00 0.00e+00 0.00e+00 4.11e-16 4.16e-14 1.95e-12 5.62e-11 1.11e-09 1.60e-08 1.73e-07 1.44e-06 9.36e-06 4.80e-05 1.96e-04 6.49e-04 1.79e-03 4.25e-03 9.09e-03 1.80e-02 3.32e-02 5.69e-02 9.09e-02 1.35e-01 1.89e-01 2.49e-01 3.10e-01 3.66e-01 4.07e-01 4.23e-01 4.07e-01 3.66e-01 3.10e-01 2.49e-01 1.89e-01 1.35e-01 9.09e-02 5.69e-02 3.32e-02 1.80e-02 9.09e-03 4.25e-03 1.79e-03 6.49e-04 1.96e-04 4.80e-05 9.36e-06 1.44e-06 1.73e-07 1.60e-08 1.11e-09 5.62e-11 1.95e-12 4.16e-14 4.11e-16 0.00e+00 0.00e+00 0.00e+00 0.00e+00 -0.00e+00 
-0.00e+00 0.00e+00 0.00e+00 0.00e+00 7.90e-17 8.26e-15 4.01e-13 1.20e-11 2.49e-10 3.78e-09 4.35e-08 3.90e-07 2.76e-06 1.56e-05 7.15e-05 2.67e-04 8.24e-04 2.17e-03 5.01e-03 1.06e-02 2.07e-02 3.80e-02 6.44e-02 1.02e-01 1.51e-01 2.11e-01 2.80e-01 3.54e-01 4.27e-01 4.86e-01 5.12e-01 4.86e-01 4.27e-01 3.54e-01 2.80e-01 2.11e-01 1.51e-01 1.02e-01 6.44e-02 3.80e-02 2.07e-02 1.06e-02 5.01e-03 2.17e-03 8.24e-04 2.67e-04 7.15e-05 1.56e-05 2.76e-06 3.90e-07 4.35e-08 3.78e-09 2.49e-10 1.20e-11 4.01e-13 8.26e-15 7.90e-17 0.00e+00 0.00e+00 0.00e+00 -0.00e+00 
-0.00e+00 0.00e+00 0.00e+00 1.17e-17 1.26e-15 6.29e-14 1.96e-12 4.24e-11 6.79e-10 8.38e-09 8.14e-08 6.33e-07 3.99e-06 2.05e-05 8.68e-05 3.04e-04 8.97e-04 2.28e-03 5.19e-03 1.09e-02 2.12e-02 3.84e-02 6.46e-02 1.02e-01 1.51e-01 2.12e-01 2.86e-01 3.74e-01 4.72e-01 5.69e-01 6.22e-01 5.69e-01 4.72e-01 3.74e-01 2.86e-01 2.12e-01 1.51e-01 1.02e-01 6.46e-02 3.84e-02 2.12e-02 1.09e-02 5.19e-03 2.28e-03 8.97e-04 3.04e-04 8.68e-05 2.05e-05 3.99e-06 6.33e-07 8.14e-08 8.38e-09 6.79e-10 4.24e-11 1.96e-12 6.29e-14 1.26e-15 1.17e-17 0.00e+00 0.00e+00 -0.00e+00 
-0.00e+00 0.00e+00 1.25e-18 1.37e-16 7.00e-15 2.25e-13 5.10e-12 8.68e-11 1.15e-09 1.23e-08 1.06e-07 7.52e-07 4.39e-06 2.12e-05 8.51e-05 2.86e-04 8.18e-04 2.05e-03 4.61e-03 9.56e-03 1.85e-02 3.33e-02 5.60e-02 8.79e-02 1.31e-01 1.86e-01 2.59e-01 3.58e-01 4.95e-01 6.70e-01 8.11e-01 6.70e-01 4.95e-01 3.58e-01 2.59e-01 1.86e-01 1.31e-01 8.79e-02 5.60e-02 3.33e-02 1.85e-02 9.56e-03 4.61e-03 2.05e-03 8.18e-04 2.86e-04 8.51e-05 2.12e-05 4.39e-06 7.52e-07 1.06e-07 1.23e-08 1.15e-09 8.68e-11 5.10e-12 2.25e-13 7.00e-15 1.37e-16 1.25e-18 0.00e+00 -0.00e+00 
-1.73e-19 1.73e-19 9.33e-18 4.81e-16 1.58e-14 3.74e-13 6.82e-12 9.92e-11 1.18e-09 1.15e-08 9.28e-08 6.23e-07 3.47e-06 1.61e-05 6.26e-05 2.05e-04 5.77e-04 1.42e-03 3.18e-03 6.59e-03 1.27e-02 2.28e-02 3.80e-02 5.99e-02 8.99e-02 1.31e-01 1.90e-01 2.87e-01 4.62e-01 7.88e-01 1.27e+00 7.88e-01 4.62e-01 2.87e-01 1.90e-01 1.31e-01 8.99e-02 5.99e-02 3.80e-02 2.28e-02 1.27e-02 6.59e-03 3.18e-03 1.42e-03 5.77e-04 2.05e-04 6.26e-05 1.61e-05 3.47e-06 6.23e-07 9.28e-08 1.15e-08 1.18e-09 9.92e-11 6.82e-12 3.74e-13 1.58e-14 4.81e-16 9.33e-18 8.65e-20 -8.65e-20 
-5.57e-19 5.57e-19 1.31e-17 4.13e-16 9.98e-15 1.97e-13 3.26e-12 4.46e-11 5.06e-10 4.76e-09 3.71e-08 2.42e-07 1.32e-06 6.03e-06 2.31e-05 7.46e-05 2.08e-04 5.11e-04 1.14e-03 2.35e-03 4.50e-03 8.09e-03 1.36e-02 2.14e-02 3.22e-02 4.79e-02 7.35e-02 1.26e-01 2.67e-01 7.45e-01 2.67e+00 7.45e-01 2.67e-01 1.26e-01 7.35e-02 4.79e-02 3.22e-02 2.14e-02 1.36e-02 8.09e-03 4.50e-03 2.35e-03 1.14e-03 5.11e-04 2.08e-04 7.46e-05 2.31e-05 6.03e-06 1.32e-06 2.42e-07 3.71e-08 4.76e-09 5.06e-10 4.46e-11 3.26e-12 1.97e-13 9.98e-15 4.13e-16 1.31e-17 2.76e-19 -2.76e-19 
5.57e-19 -5.57e-19 -1.31e-17 -4.13e-16 -9.98e-15 -1.97e-13 -3.26e-12 -4.46e-11 -5.06e-10 -4.76e-09 -3.71e-08 -2.42e-07 -1.32e-06 -6.03e-06 -2.31e-05 -7.46e-05 -2.08e-04 -5.11e-04 -1.14e-03 -2.35e-03 -4.50e-03 -8.09e-03 -1.36e-02 -2.14e-02 -3.22e-02 -4.79e-02 -7.35e-02 -1.26e-01 -2.67e-01 -7.45e-01 -2.67e+00 -7.45e-01 -2.67e-01 -1.26e-01 -7.35e-02 -4.79e-02 -3.22e-02 -2.14e-02 -1.36e-02 -8.09e-03 -4.50e-03 -2.35e-03 -1.14e-03 -5.11e-04 -2.08e-04 -7.46e-05 -2.31e-05 -6.03e-06 -1.32e-06 -2.42e-07 -3.71e-08 -4.76e-09 -5.06e-10 -4.46e-11 -3.26e-12 -1.97e-13 -9.98e-15 -4.13e-16 -1.31e-17 -2.76e-19 2.76e-19 
1.73e-19 -1.73e-19 -9.33e-18 -4.81e-16 -1.58e-14 -3.74e-13 -6.82e-12 -9.92e-11 -1.18e-09 -1.15e-08 -9.28e-08 -6.23e-07 -3.47e-06 -1.61e-05 -6.26e-05 -2.05e-04 -5.77e-04 -1.42e-03 -3.18e-03 -6.59e-03 -1.27e-02 -2.28e-02 -3.80e-02 -5.99e-02 -8.99e-02 -1.31e-01 -1.90e-01 -2.87e-01 -4.62e-01 -7.88e-01 -1.27e+00 -7.88e-01 -4.62e-01 -2.87e-01 -1.90e-01 -1.31e-01 -8.99e-02 -5.99e-02 -3.80e-02 -2.28e-02 -1.27e-02 -6.59e-03 -3.18e-03 -1.42e-03 -5.77e-04 -2.05e-04 -6.26e-05 -1.61e-05 -3.47e-06 -6.23e-07 -9.28e-08 -1.15e-08 -1.18e-09 -9.92e-11 -6.82e-12 -3.74e-13 -1.58e-14 -4.81e-16 -9.33e-18 -8.65e-20 8.65e-20 
-0.00e+00 0.00e+00 -1.25e-18 -1.37e-16 -7.00e-15 -2.25e-13 -5.10e-12 -8.68e-11 -1.15e-09 -1.23e-08 -1.06e-07 -7.52e-07 -4.39e-06 -2.12e-05 -8.51e-05 -2.86e-04 -8.18e-04 -2.05e-03 -4.61e-03 -9.56e-03 -1.85e-02 -3.33e-02 -5.60e-02 -8.79e-02 -1.31e-01 -1.86e-01 -2.59e-01 -3.58e-01 -4.95e-01 -6.70e-01 -8.11e-01 -6.70e-01 -4.95e-01 -3.58e-01 -2.59e-01 -1.86e-01 -1.31e-01 -8.79e-02 -5.60e-02 -3.33e-02 -1.85e-02 -9.56e-03 -4.61e-03 -2.05e-03 -8.18e-04 -2.86e-04 -8.51e-05 -2.12e-05 -4.39e-06 -7.52e-07 -1.06e-07 -1.23e-08 -1.15e-09 -8.68e-11 -5.10e-12 -2.25e-13 -7.00e-15 -1.37e-16 -1.25e-18 0.00e+00 -0.00e+00 
-0.00e+00 0.00e+00 0.00e+00 -1.17e-17 -1.26e-15 -6.29e-14 -1.96e-12 -4.24e-11 -6.79e-10 -8.38e-09 -8.14e-08 -6.33e-07 -3.99e-06 -2.05e-05 -8.68e-05 -3.04e-04 -8.97e-04 -2.28e-03 -5.19e-03 -1.09e-02 -2.12e-02 -3.84e-02 -6.46e-02 -1.02e-01 -1.51e-01 -2.12e-01 -2.86e-01 -3.74e-01 -4.72e-01 -5.69e-01 -6.22e-01 -5.69e-01 -4.72e-01 -3.74e-01 -2.86e-01 -2.12e-01 -1.51e-01 -1.02e-01 -6.46e-02 -3.84e-02 -2.12e-02 -1.09e-02 -5.19e-03 -2.28e-03 -8.97e-04 -3.04e-04 -8.68e-05 -2.05e-05 -3.99e-06 -6.33e-07 -8.14e-08 -8.38e-09 -6.79e-10 -4.24e-11 -1.96e-12 -6.29e-14 -1.26e-15 -1.17e-17 0.00e+00 0.00e+00 -0.00e+00 
-0.00e+00 0.00e+00 0.00e+00 0.00e+00 -7.90e-17 -8.26e-15 -4.01e-13 -1.20e-11 -2.49e-10 -3.78e-09 -4.35e-08 -3.90e-07 -2.76e-06 -1.56e-05 -7.15e-05 -2.67e-04 -8.24e-04 -2.17e-03 -5.01e-03 -1.06e-02 -2.07e-02 -3.80e-02 -6.44e-02 -1.02e-01 -1.51e-01 -2.11e-01 -2.80e-01 -3.54e-01 -4.27e-01 -4.86e-01 -5.12e-01 -4.86e-01 -4.27e-01 -3.54e-01 -2.80e-01 -2.11e-01 -1.51e-01 -1.02e-01 -6.44e-02 -3.80e-02 -2.07e-02 -1.06e-02 -5.01e-03 -2.17e-03 -8.24e-04 -2.67e-04 -7.15e-05 -1.56e-05 -2.76e-06 -3.90e-07 -4.35e-08 -3.78e-09 -2.49e-10 -1.20e-11 -4.01e-13 -8.26e-15 -7.90e-17 0.00e+00 0.00e+00 0.00e+00 -0.00e+00 
-0.00e+00 0.00e+00 0.00e+00 0.00e+00 0.00e+00 -4.11e-16 -4.16e-14 -1.95e-12 -5.62e-11 -1.11e-09 -1.60e-08 -1.73e-07 -1.44e-06 -9.36e-06 -4.80e-05 -1.96e-04 -6.49e-04 -1.79e-03 -4.25e-03 -9.09e-03 -1.80e-02 -3.32e-02 -5.69e-02 -9.09e-02 -1.35e-01 -1.89e-01 -2.49e-01 -3.10e-01 -3.66e-01 -4.07e-01 -4.23e-01 -4.07e-01 -3.66e-01 -3.10e-01 -2.49e-01 -1.89e-01 -1.35e-01 -9.09e-02 -5.69e-02 -3.32e-02 -1.80e-02 -9.09e-03 -4.25e-03 -1.79e-03 -6.49e-04 -1.96e-04 -4.80e-05 -9.36e-06 -1.44e-06 -1.73e-07 -1.60e-08 -1.11e-09 -5.62e-11 -1.95e-12 -4.16e-14 -4.11e-16 0.00e+00 0.00e+00 0.00e+00 0.00e+00 -0.00e+00 
-0.00e+00 0.00e+00 0.00e+00 0.00e+00 0.00e+00 0.00e+00 -1.71e-15 -1.68e-13 -7.56e-12 -2.08e-10 -3.93e-09 -5.35e-08 -5.45e-07 -4.23e-06 -2.54e-05 -1.19e-04 -4.37e-04 -1.30e-03 -3.21e-03 -6.99e-03 -1.40e-02 -2.62e-02 -4.54e-02 -7.31e-02 -1.10e-01 -1.54e-01 -2.04e-01 -2.53e-01 -2.96e-01 -3.25e-01 -3.36e-01 -3.25e-01 -2.96e-01 -2.53e-01 -2.04e-01 -1.54e-01 -1.10e-01 -7.31e-02 -4.54e-02 -2.62e-02 -1.40e-02 -6.99e-03 -3.21e-03 -1.30e-03 -4.37e-04 -1.19e-04 -2.54e-05 -4.23e-06 -5.45e-07 -5.35e-08 -3.93e-09 -2.08e-10 -7.56e-12 -1.68e-13 -1.71e-15 0.00e+00 0.00e+00 0.00e+00 0.00e+00 0.00e+00 -0.00e+00 
-0.00e+00 0.00e+00 0.00e+00 0.00e+00 0.00e+00 0.00e+00 0.00e+00 -5.87e-15 -5.53e-13 -2.39e-11 -6.31e-10 -1.13e-08 -1.46e-07 -1.40e-06 -1.01e-05 -5.63e-05 -2.42e-04 -8.09e-04 -2.17e-03 -4.88e-03 -9.87e-03 -1.87e-02 -3.30e-02 -5.36e-02 -8.14e-02 -1.15e-01 -1.53e-01 -1.90e-01 -2.22e-01 -2.44e-01 -2.52e-01 -2.44e-01 -2.22e-01 -1.90e-01 -1.53e-01 -1.15e-01 -8.14e-02 -5.36e-02 -3.30e-02 -1.87e-02 -9.87e-03 -4.88e-03 -2.17e-03 -8.09e-04 -2.42e-04 -5.63e-05 -1.01e-05 -1.40e-06 -1.46e-07 -1.13e-08 -6.31e-10 -2.39e-11 -5.53e-13 -5.87e-15 0.00e+00 0.00e+00 0.00e+00 0.00e+00 0.00e+00 0.00e+00 -0.00e+00 
-0.00e+00 0.00e+00 0.00e+00 0.00e+00 0.00e+00 0.00e+00 0.00e+00 0.00e+00 -1.69e-14 -1.53e-12 -6.32e-11 -1.59e-09 -2.70e-08 -3.30e-07 -2.97e-06 -2.02e-05 -1.04e-04 -4.11e-04 -1.26e-03 -3.09e-03 -6.41e-03 -1.21e-02 -2.16e-02 -3.59e-02 -5.51e-02 -7.88e-02 -1.05e-01 -1.31e-01 -1.54e-01 -1.69e-01 -1.75e-01 -1.69e-01 -1.54e-01 -1.31e-01 -1.05e-01 -7.88e-02 -5.51e-02 -3.59e-02 -2.16e-02 -1.21e-02 -6.41e-03 -3.09e-03 -1.26e-03 -4.11e-04 -1.04e-04 -2.02e-05 -2.97e-06 -3.30e-07 -2.70e-08 -1.59e-09 -6.32e-11 -1.53e-12 -1.69e-14 0.00e+00 0.00e+00 0.00e+00 0.00e+00 0.00e+00 0.00e+00 0.00e+00 -0.00e+00 
-0.00e+00 0.00e+00 0.00e+00 0.00e+00 0.00e+00 0.00e+00 0.00e+00 0.00e+00 0.00e+00 -4.12e-14 -3.57e-12 -1.41e-10 -3.37e-09 -5.44e-08 -6.26e-07 -5.30e-06 -3.36e-05 -1.61e-04 -5.89e-04 -1.67e-03 -3.78e-03 -7.32e-03 -1.30e-02 -2.18e-02 -3.40e-02 -4.92e-02 -6.64e-02 -8.36e-02 -9.84e-02 -1.08e-01 -1.12e-01 -1.08e-01 -9.84e-02 -8.36e-02 -6.64e-02 -4.92e-02 -3.40e-02 -2.18e-02 -1.30e-02 -7.32e-03 -3.78e-03 -1.67e-03 -5.89e-04 -1.61e-04 -3.36e-05 -5.30e-06 -6.26e-07 -5.44e-08 -3.37e-09 -1.41e-10 -3.57e-12 -4.12e-14 0.00e+00 0.00e+00 0.00e+00 0.00e+00 0.00e+00 0.00e+00 0.00e+00 0.00e+00 -0.00e+00 
-0.00e+00 0.00e+00 0.00e+00 0.00e+00 0.00e+00 0.00e+00 0.00e+00 0.00e+00 0.00e+00 0.00e+00 -8.66e-14 -7.16e-12 -2.69e-10 -6.10e-09 -9.30e-08 -1.01e-06 -8.00e-06 -4.73e-05 -2.11e-04 -7.15e-04 -1.88e-03 -3.99e-03 -7.31e-03 -1.23e-02 -1.93e-02 -2.82e-02 -3.84e-02 -4.87e-02 -5.77e-02 -6.38e-02 -6.60e-02 -6.38e-02 -5.77e-02 -4.87e-02 -3.84e-02 -2.82e-02 -1.93e-02 -1.23e-02 -7.31e-03 -3.99e-03 -1.88e-03 -7.15e-04 -2.11e-04 -4.73e-05 -8.00e-06 -1.01e-06 -9.30e-08 -6.10e-09 -2.69e-10 -7.16e-12 -8.66e-14 0.00e+00 0.00e+00 0.00e+00 0.00e+00 0.00e+00 0.00e+00 0.00e+00 0.00e+00 0.00e+00 -0.00e+00 
-0.00e+00 0.00e+00 0.00e+00 0.00e+00 0.00e+00 0.00e+00 0.00e+00 0.00e+00 0.00e+00 0.00e+00 0.00e+00 -1.57e-13 -1.24e-11 -4.42e-10 -9.47e-09 -1.36e-07 -1.38e-06 -1.03e-05 -5.65e-05 -2.34e-04 -7.39e-04 -1.82e-03 -3.64e-03 -6.36e-03 -1.01e-02 -1.50e-02 -2.05e-02 -2.62e-02 -3.12e-02 -3.46e-02 -3.58e-02 -3.46e-02 -3.12e-02 -2.62e-02 -2.05e-02 -1.50e-02 -1.01e-02 -6.36e-03 -3.64e-03 -1.82e-03 -7.39e-04 -2.34e-04 -5.65e-05 -1.03e-05 -1.38e-06 -1.36e-07 -9.47e-09 -4.42e-10 -1.24e-11 -1.57e-13 0.00e+00 0.00e+00 0.00e+00 0.00e+00 0.00e+00 0.00e+00 0.00e+00 0.00e+00 0.00e+00 0.00e+00 -0.00e+00 
-0.00e+00 0.00e+00 0.00e+00 0.00e+00 0.00e+00 0.00e+00 0.00e+00 0.00e+00 0.00e+00 0.00e+00 0.00e+00 0.00e+00 -2.49e-13 -1.86e-11 -6.28e-10 -1.27e-08 -1.71e-07 -1.63e-06 -1.12e-05 -5.75e-05 -2.21e-04 -6.49e-04 -1.50e-03 -2.86e-03 -4.77e-03 -7.23e-03 -1.01e-02 -1.30e-02 -1.55e-02 -1.73e-02 -1.79e-02 -1.73e-02 -1.55e-02 -1.30e-02 -1.01e-02 -7.23e-03 -4.77e-03 -2.86e-03 -1.50e-03 -6.49e-04 -2.21e-04 -5.75e-05 -1.12e-05 -1.63e-06 -1.71e-07 -1.27e-08 -6.28e-10 -1.86e-11 -2.49e-13 0.00e+00 0.00e+00 0.00e+00 0.00e+00 0.00e+00 0.00e+00 0.00e+00 0.00e+00 0.00e+00 0.00e+00 0.00e+00 -0.00e+00 
-0.00e+00 0.00e+00 0.00e+00 0.00e+00 0.00e+00 0.00e+00 0.00e+00 0.00e+00 0.00e+00 0.00e+00 0.00e+00 0.00e+00 0.00e+00 -3.45e-13 -2.44e-11 -7.75e-10 -1.47e-08 -1.85e-07 -1.64e-06 -1.05e-05 -4.98e-05 -1.77e-04 -4.84e-04 -1.05e-03 -1.91e-03 -3.05e-03 -4.39e-03 -5.78e-03 -7.00e-03 -7.85e-03 -8.15e-03 -7.85e-03 -7.00e-03 -5.78e-03 -4.39e-03 -3.05e-03 -1.91e-03 -1.05e-03 -4.84e-04 -1.77e-04 -4.98e-05 -1.05e-05 -1.64e-06 -1.85e-07 -1.47e-08 -7.75e-10 -2.44e-11 -3.45e-13 0.00e+00 0.00e+00 0.00e+00 0.00e+00 0.00e+00 0.00e+00 0.00e+00 0.00e+00 0.00e+00 0.00e+00 0.00e+00 0.00e+00 -0.00e+00 
-0.00e+00 0.00e+00 0.00e+00 0.00e+00 0.00e+00 0.00e+00 0.00e+00 0.00e+00 0.00e+00 0.00e+00 0.00e+00 0.00e+00 0.00e+00 0.00e+00 -4.19e-13 -2.79e-11 -8.32e-10 -1.48e-08 -1.73e-07 -1.42e-06 -8.41e-06 -3.67e-05 -1.21e-04 -3.06e-04 -6.24e-04 -1.08e-03 -1.63e-03 -2.23e-03 -2.76e-03 -3.13e-03 -3.26e-03 -3.13e-03 -2.76e-03 -2.23e-03 -1.63e-03 -1.08e-03 -6.24e-04 -3.06e-04 -1.21e-04 -3.67e-05 -8.41e-06 -1.42e-06 -1.73e-07 -1.48e-08 -8.32e-10 -2.79e-11 -4.19e-13 0.00e+00 0.00e+00 0.00e+00 0.00e+00 0.00e+00 0.00e+00 0.00e+00 0.00e+00 0.00e+00 0.00e+00 0.00e+00 0.00e+00 0.00e+00 -0.00e+00 
-0.00e+00 0.00e+00 0.00e+00 0.00e+00 0.00e+00 0.00e+00 0.00e+00 0.00e+00 0.00e+00 0.00e+00 0.00e+00 0.00e+00 0.00e+00 0.00e+00 0.00e+00 -4.47e-13 -2.79e-11 -7.78e-10 -1.28e-08 -1.39e-07 -1.05e-06 -5.73e-06 -2.29e-05 -6.91e-05 -1.62e-04 -3.10e-04 -5.05e-04 -7.23e-04 -9.24e-04 -1.07e-03 -1.12e-03 -1.07e-03 -9.24e-04 -7.23e-04 -5.05e-04 -3.10e-04 -1.62e-04 -6.91e-05 -2.29e-05 -5.73e-06 -1.05e-06 -1.39e-07 -1.28e-08 -7.78e-10 -2.79e-11 -4.47e-13 0.00e+00 0.00e+00 0.00e+00 0.00e+00 0.00e+00 0.00e+00 0.00e+00 0.00e+00 0.00e+00 0.00e+00 0.00e+00 0.00e+00 0.00e+00 0.00e+00 -0.00e+00 
-0.00e+00 0.00e+00 0.00e+00 0.00e+00 0.00e+00 0.00e+00 0.00e+00 0.00e+00 0.00e+00 0.00e+00 0.00e+00 0.00e+00 0.00e+00 0.00e+00 0.00e+00 0.00e+00 -4.19e-13 -2.44e-11 -6.34e-10 -9.67e-09 -9.66e-08 -6.68e-07 -3.31e-06 -1.21e-05 -3.32e-05 -7.18e-05 -1.28e-04 -1.94e-04 -2.58e-04 -3.04e-04 -3.21e-04 -3.04e-04 -2.58e-04 -1.94e-04 -1.28e-04 -7.18e-05 -3.32e-05 -1.21e-05 -3.31e-06 -6.68e-07 -9.66e-08 -9.67e-09 -6.34e-10 -2.44e-11 -4.19e-13 0.00e+00 0.00e+00 0.00e+00 0.00e+00 0.00e+00 0.00e+00 0.00e+00 0.00e+00 0.00e+00 0.00e+00 0.00e+00 0.00e+00 0.00e+00 0.00e+00 0.00e+00 -0.00e+00 
-0.00e+00 0.00e+00 0.00e+00 0.00e+00 0.00e+00 0.00e+00 0.00e+00 0.00e+00 0.00e+00 0.00e+00 0.00e+00 0.00e+00 0.00e+00 0.00e+00 0.00e+00 0.00e+00 0.00e+00 -3.45e-13 -1.87e-11 -4.48e-10 -6.28e-09 -5.73e-08 -3.60e-07 -1.61e-06 -5.30e-06 -1.32e-05 -2.61e-05 -4.26e-05 -5.95e-05 -7.21e-05 -7.68e-05 -7.21e-05 -5.95e-05 -4.26e-05 -2.61e-05 -1.32e-05 -5.30e-06 -1.61e-06 -3.60e-07 -5.73e-08 -6.28e-09 -4.48e-10 -1.87e-11 -3.45e-13 0.00e+00 0.00e+00 0.00e+00 0.00e+00 0.00e+00 0.00e+00 0.00e+00 0.00e+00 0.00e+00 0.00e+00 0.00e+00 0.00e+00 0.00e+00 0.00e+00 0.00e+00 0.00e+00 -0.00e+00 
-0.00e+00 0.00e+00 0.00e+00 0.00e+00 0.00e+00 0.00e+00 0.00e+00 0.00e+00 0.00e+00 0.00e+00 0.00e+00 0.00e+00 0.00e+00 0.00e+00 0.00e+00 0.00e+00 0.00e+00 0.00e+00 -2.49e-13 -1.25e-11 -2.75e-10 -3.51e-09 -2.90e-08 -1.63e-07 -6.55e-07 -1.92e-06 -4.30e-06 -7.65e-06 -1.13e-05 -1.41e-05 -1.52e-05 -1.41e-05 -1.13e-05 -7.65e-06 -4.30e-06 -1.92e-06 -6.55e-07 -1.63e-07 -2.90e-08 -3.51e-09 -2.75e-10 -1.25e-11 -2.49e-13 0.00e+00 0.00e+00 0.00e+00 0.00e+00 0.00e+00 0.00e+00 0.00e+00 0.00e+00 0.00e+00 0.00e+00 0.00e+00 0.00e+00 0.00e+00 0.00e+00 0.00e+00 0.00e+00 0.00e+00 -0.00e+00 
-0.00e+00 0.00e+00 0.00e+00 0.00e+00 0.00e+00 0.00e+00 0.00e+00 0.00e+00 0.00e+00 0.00e+00 0.00e+00 0.00e+00 0.00e+00 0.00e+00 0.00e+00 0.00e+00 0.00e+00 0.00e+00 0.00e+00 -1.57e-13 -7.23e-12 -1.45e-10 -1.67e-09 -1.23e-08 -6.19e-08 -2.19e-07 -5.66e-07 -1.12e-06 -1.76e-06 -2.29e-06 -2.50e-06 -2.29e-06 -1.76e-06 -1.12e-06 -5.66e-07 -2.19e-07 -6.19e-08 -1.23e-08 -1.67e-09 -1.45e-10 -7.23e-12 -1.57e-13 0.00e+00 0.00e+00 0.00e+00 0.00e+00 0.00e+00 0.00e+00 0.00e+00 0.00e+00 0.00e+00 0.00e+00 0.00e+00 0.00e+00 0.00e+00 0.00e+00 0.00e+00 0.00e+00 0.00e+00 0.00e+00 -0.00e+00 
-0.00e+00 0.00e+00 0.00e+00 0.00e+00 0.00e+00 0.00e+00 0.00e+00 0.00e+00 0.00e+00 0.00e+00 0.00e+00 0.00e+00 0.00e+00 0.00e+00 0.00e+00 0.00e+00 0.00e+00 0.00e+00 0.00e+00 0.00e+00 -8.66e-14 -3.62e-12 -6.53e-11 -6.72e-10 -4.39e-09 -1.92e-08 -5.90e-08 -1.32e-07 -2.26e-07 -3.07e-07 -3.39e-07 -3.07e-07 -2.26e-07 -1.32e-07 -5.90e-08 -1.92e-08 -4.39e-09 -6.72e-10 -6.53e-11 -3.62e-12 -8.66e-14 0.00e+00 0.00e+00 0.00e+00 0.00e+00 0.00e+00 0.00e+00 0.00e+00 0.00e+00 0.00e+00 0.00e+00 0.00e+00 0.00e+00 0.00e+00 0.00e+00 0.00e+00 0.00e+00 0.00e+00 0.00e+00 0.00e+00 -0.00e+00 
-0.00e+00 0.00e+00 0.00e+00 0.00e+00 0.00e+00 0.00e+00 0.00e+00 0.00e+00 0.00e+00 0.00e+00 0.00e+00 0.00e+00 0.00e+00 0.00e+00 0.00e+00 0.00e+00 0.00e+00 0.00e+00 0.00e+00 0.00e+00 0.00e+00 -4.12e-14 -1.55e-12 -2.49e-11 -2.26e-10 -1.28e-09 -4.81e-09 -1.25e-08 -2.36e-08 -3.39e-08 -3.82e-08 -3.39e-08 -2.36e-08 -1.25e-08 -4.81e-09 -1.28e-09 -2.26e-10 -2.49e-11 -1.55e-12 -4.12e-14 0.00e+00 0.00e+00 0.00e+00 0.00e+00 0.00e+00 0.00e+00 0.00e+00 0.00e+00 0.00e+00 0.00e+00 0.00e+00 0.00e+00 0.00e+00 0.00e+00 0.00e+00 0.00e+00 0.00e+00 0.00e+00 0.00e+00 0.00e+00 -0.00e+00 
-0.00e+00 0.00e+00 0.00e+00 0.00e+00 0.00e+00 0.00e+00 0.00e+00 0.00e+00 0.00e+00 0.00e+00 0.00e+00 0.00e+00 0.00e+00 0.00e+00 0.00e+00 0.00e+00 0.00e+00 0.00e+00 0.00e+00 0.00e+00 0.00e+00 0.00e+00 -1.69e-14 -5.64e-13 -7.96e-12 -6.22e-11 -2.99e-10 -9.36e-10 -2.00e-09 -3.08e-09 -3.54e-09 -3.08e-09 -2.00e-09 -9.36e-10 -2.99e-10 -6.22e-11 -7.96e-12 -5.64e-13 -1.69e-14 0.00e+00 0.00e+00 0.00e+00 0.00e+00 0.00e+00 0.00e+00 0.00e+00 0.00e+00 0.00e+00 0.00e+00 0.00e+00 0.00e+00 0.00e+00 0.00e+00 0.00e+00 0.00e+00 0.00e+00 0.00e+00 0.00e+00 0.00e+00 0.00e+00 -0.00e+00 
-0.00e+00 0.00e+00 0.00e+00 0.00e+00 0.00e+00 0.00e+00 0.00e+00 0.00e+00 0.00e+00 0.00e+00 0.00e+00 0.00e+00 0.00e+00 0.00e+00 0.00e+00 0.00e+00 0.00e+00 0.00e+00 0.00e+00 0.00e+00 0.00e+00 0.00e+00 0.00e+00 -5.87e-15 -1.72e-13 -2.08e-12 -1.37e-11 -5.41e-11 -1.36e-10 -2.28e-10 -2.70e-10 -2.28e-10 -1.36e-10 -5.41e-11 -1.37e-11 -2.08e-12 -1.72e-13 -5.87e-15 0.00e+00 0.00e+00 0.00e+00 0.00e+00 0.00e+00 0.00e+00 0.00e+00 0.00e+00 0.00e+00 0.00e+00 0.00e+00 0.00e+00 0.00e+00 0.00e+00 0.00e+00 0.00e+00 0.00e+00 0.00e+00 0.00e+00 0.00e+00 0.00e+00 0.00e+00 -0.00e+00 
-0.00e+00 0.00e+00 0.00e+00 0.00e+00 0.00e+00 0.00e+00 0.00e+00 0.00e+00 0.00e+00 0.00e+00 0.00e+00 0.00e+00 0.00e+00 0.00e+00 0.00e+00 0.00e+00 0.00e+00 0.00e+00 0.00e+00 0.00e+00 0.00e+00 0.00e+00 0.00e+00 0.00e+00 -1.71e-15 -4.29e-14 -4.36e-13 -2.33e-12 -7.20e-12 -1.36e-11 -1.67e-11 -1.36e-11 -7.20e-12 -2.33e-12 -4.36e-13 -4.29e-14 -1.71e-15 0.00e+00 0.00e+00 0.00e+00 0.00e+00 0.00e+00 0.00e+00 0.00e+00 0.00e+00 0.00e+00 0.00e+00 0.00e+00 0.00e+00 0.00e+00 0.00e+00 0.00e+00 0.00e+00 0.00e+00 0.00e+00 0.00e+00 0.00e+00 0.00e+00 0.00e+00 0.00e+00 -0.00e+00 
-0.00e+00 0.00e+00 0.00e+00 0.00e+00 0.00e+00 0.00e+00 0.00e+00 0.00e+00 0.00e+00 0.00e+00 0.00e+00 0.00e+00 0.00e+00 0.00e+00 0.00e+00 0.00e+00 0.00e+00 0.00e+00 0.00e+00 0.00e+00 0.00e+00 0.00e+00 0.00e+00 0.00e+00 0.00e+00 -4.11e-16 -8.59e-15 -7.02e-14 -2.88e-13 -6.47e-13 -8.34e-13 -6.47e-13 -2.88e-13 -7.02e-14 -8.59e-15 -4.11e-16 0.00e+00 0.00e+00 0.00e+00 0.00e+00 0.00e+00 0.00e+00 0.00e+00 0.00e+00 0.00e+00 0.00e+00 0.00e+00 0.00e+00 0.00e+00 0.00e+00 0.00e+00 0.00e+00 0.00e+00 0.00e+00 0.00e+00 0.00e+00 0.00e+00 0.00e+00 0.00e+00 0.00e+00 -0.00e+00 
-0.00e+00 0.00e+00 0.00e+00 0.00e+00 0.00e+00 0.00e+00 0.00e+00 0.00e+00 0.00e+00 0.00e+00 0.00e+00 0.00e+00 0.00e+00 0.00e+00 0.00e+00 0.00e+00 0.00e+00 0.00e+00 0.00e+00 0.00e+00 0.00e+00 0.00e+00 0.00e+00 0.00e+00 0.00e+00 0.00e+00 -7.90e-17 -1.32e-15 -8.18e-15 -2.35e-14 -3.31e-14 -2.35e-14 -8.18e-15 -1.32e-15 -7.90e-17 0.00e+00 0.00e+00 0.00e+00 0.00e+00 0.00e+00 0.00e+00 0.00e+00 0.00e+00 0.00e+00 0.00e+00 0.00e+00 0.00e+00 0.00e+00 0.00e+00 0.00e+00 0.00e+00 0.00e+00 0.00e+00 0.00e+00 0.00e+00 0.00e+00 0.00e+00 0.00e+00 0.00e+00 0.00e+00 -0.00e+00 
-0.00e+00 0.00e+00 0.00e+00 0.00e+00 0.00e+00 0.00e+00 0.00e+00 0.00e+00 0.00e+00 0.00e+00 0.00e+00 0.00e+00 0.00e+00 0.00e+00 0.00e+00 0.00e+00 0.00e+00 0.00e+00 0.00e+00 0.00e+00 0.00e+00 0.00e+00 0.00e+00 0.00e+00 0.00e+00 0.00e+00 0.00e+00 -1.17e-17 -1.47e-16 -6.18e-16 -1.02e-15 -6.18e-16 -1.47e-16 -1.17e-17 0.00e+00 0.00e+00 0.00e+00 0.00e+00 0.00e+00 0.00e+00 0.00e+00 0.00e+00 0.00e+00 0.00e+00 0.00e+00 0.00e+00 0.00e+00 0.00e+00 0.00e+00 0.00e+00 0.00e+00 0.00e+00 0.00e+00 0.00e+00 0.00e+00 0.00e+00 0.00e+00 0.00e+00 0.00e+00 0.00e+00 -0.00e+00 
-0.00e+00 0.00e+00 0.00e+00 0.00e+00 0.00e+00 0.00e+00 0.00e+00 0.00e+00 0.00e+00 0.00e+00 0.00e+00 0.00e+00 0.00e+00 0.00e+00 0.00e+00 0.00e+00 0.00e+00 0.00e+00 0.00e+00 0.00e+00 0.00e+00 0.00e+00 0.00e+00 0.00e+00 0.00e+00 0.00e+00 0.00e+00 0.00e+00 -1.25e-18 -1.05e-17 -2.33e-17 -1.05e-17 -1.25e-18 0.00e+00 0.00e+00 0.00e+00 0.00e+00 0.00e+00 0.00e+00 0.00e+00 0.00e+00 0.00e+00 0.00e+00 0.00e+00 0.00e+00 0.00e+00 0.00e+00 0.00e+00 0.00e+00 0.00e+00 0.00e+00 0.00e+00 0.00e+00 0.00e+00 0.00e+00 0.00e+00 0.00e+00 0.00e+00 0.00e+00 0.00e+00 -0.00e+00 
-0.00e+00 0.00e+00 0.00e+00 0.00e+00 0.00e+00 0.00e+00 0.00e+00 0.00e+00 0.00e+00 0.00e+00 0.00e+00 0.00e+00 0.00e+00 0.00e+00 0.00e+00 0.00e+00 0.00e+00 0.00e+00 0.00e+00 0.00e+00 0.00e+00 0.00e+00 0.00e+00 0.00e+00 0.00e+00 0.00e+00 0.00e+00 0.00e+00 0.00e+00 -1.73e-19 -7.24e-19 -1.73e-19 0.00e+00 0.00e+00 0.00e+00 0.00e+00 0.00e+00 0.00e+00 0.00e+00 0.00e+00 0.00e+00 0.00e+00 0.00e+00 0.00e+00 0.00e+00 0.00e+00 0.00e+00 0.00e+00 0.00e+00 0.00e+00 0.00e+00 0.00e+00 0.00e+00 0.00e+00 0.00e+00 0.00e+00 0.00e+00 0.00e+00 0.00e+00 0.00e+00 -0.00e+00 
0.00e+00 -0.00e+00 -0.00e+00 -0.00e+00 -0.00e+00 -0.00e+00 -0.00e+00 -0.00e+00 -0.00e+00 -0.00e+00 -0.00e+00 -0.00e+00 -0.00e+00 -0.00e+00 -0.00e+00 -0.00e+00 -0.00e+00 -0.00e+00 -0.00e+00 -0.00e+00 -0.00e+00 -0.00e+00 -0.00e+00 -0.00e+00 -0.00e+00 -0.00e+00 -0.00e+00 -0.00e+00 -0.00e+00 1.73e-19 7.24e-19 1.73e-19 -0.00e+00 -0.00e+00 -0.00e+00 -0.00e+00 -0.00e+00 -0.00e+00 -0.00e+00 -0.00e+00 -0.00e+00 -0.00e+00 -0.00e+00 -0.00e+00 -0.00e+00 -0.00e+00 -0.00e+00 -0.00e+00 -0.00e+00 -0.00e+00 -0.00e+00 -0.00e+00 -0.00e+00 -0.00e+00 -0.00e+00 -0.00e+00 -0.00e+00 -0.00e+00 -0.00e+00 -0.00e+00 0.00e+00 
