4.21e-10 -4.21e-10 -1.72e-09 -1.17e-08 -6.85e-08 -3.45e-07 -1.50e-06 -5.58e-06 -1.80e-05 -5.01e-05 -1.22e-04 -2.61e-04 -4.98e-04 -8.63e-04 -1.38e-03 -2.08e-03 -2.96e-03 -4.04e-03 -5.31e-03 -6.74e-03 -8.29e-03 -9.92e-03 -1.16e-02 -1.32e-02 -1.46e-02 -1.60e-02 -1.71e-02 -1.80e-02 -1.87e-02 -1.91e-02 -1.92e-02 -1.91e-02 -1.87e-02 -1.80e-02 -1.71e-02 -1.60e-02 -1.46e-02 -1.32e-02 -1.16e-02 -9.92e-03 -8.29e-03 -6.74e-03 -5.31e-03 -4.04e-03 -2.96e-03 -2.08e-03 -1.38e-03 -8.63e-04 -4.98e-04 -2.61e-04 -1.22e-04 -5.01e-05 -1.80e-05 -5.58e-06 -1.50e-06 -3.45e-07 -6.85e-08 -1.17e-08 -1.69e-09 -1.88e-10 1.88e-10 
-4.21e-10 4.21e-10 1.72e-09 1.17e-08 6.85e-08 3.45e-07 1.50e-06 5.58e-06 1.80e-05 5.01e-05 1.22e-04 2.61e-04 4.98e-04 8.63e-04 1.38e-03 2.08e-03 2.96e-03 4.04e-03 5.31e-03 6.74e-03 8.29e-03 9.92e-03 1.16e-02 1.32e-02 1.46e-02 1.60e-02 1.71e-02 1.80e-02 1.87e-02 1.91e-02 1.92e-02 1.91e-02 1.87e-02 1.80e-02 1.71e-02 1.60e-02 1.46e-02 1.32e-02 1.16e-02 9.92e-03 8.29e-03 6.74e-03 5.31e-03 4.04e-03 2.96e-03 2.08e-03 1.38e-03 8.63e-04 4.98e-04 2.61e-04 1.22e-04 5.01e-05 1.80e-05 5.58e-06 1.50e-06 3.45e-07 6.85e-08 1.17e-08 1.69e-09 1.88e-10 -1.88e-10 
-3.71e-09 3.71e-09 1.37e-08 8.33e-08 4.44e-07 2.04e-06 8.08e-06 2.77e-05 8.23e-05 2.13e-04 4.84e-04 9.77e-04 1.78e-03 2.97e-03 4.64e-03 6.85e-03 9.64e-03 1.30e-02 1.70e-02 2.14e-02 2.61e-02 3.10e-02 3.58e-02 4.05e-02 4.49e-02 4.87e-02 5.20e-02 5.46e-02 5.65e-02 5.76e-02 5.80e-02 5.76e-02 5.65e-02 5.46e-02 5.20e-02 4.87e-02 4.49e-02 4.05e-02 3.58e-02 3.10e-02 2.61e-02 2.14e-02 1.70e-02 1.30e-02 9.64e-03 6.85e-03 4.64e-03 2.97e-03 1.78e-03 9.77e-04 4.84e-04 2.13e-04 8.23e-05 2.77e-05 8.08e-06 2.04e-06 4.44e-07 8.33e-08 1.34e-08 1.64e-09 -1.64e-09 
-2.50e-08 2.50e-08 8.18e-08 4.43e-07 2.10e-06 8.64e-06 3.07e-05 9.43e-05 2.52e-04 5.90e-04 1.22e-03 2.28e-03 3.90e-03 6.23e-03 9.38e-03 1.35e-02 1.86e-02 2.47e-02 3.16e-02 3.91e-02 4.71e-02 5.51e-02 6.29e-02 7.03e-02 7.70e-02 8.29e-02 8.78e-02 9.16e-02 9.44e-02 9.61e-02 9.66e-02 9.61e-02 9.44e-02 9.16e-02 8.78e-02 8.29e-02 7.70e-02 7.03e-02 6.29e-02 5.51e-02 4.71e-02 3.91e-02 3.16e-02 2.47e-02 1.86e-02 1.35e-02 9.38e-03 6.23e-03 3.90e-03 2.28e-03 1.22e-03 5.90e-04 2.52e-04 9.43e-05 3.07e-05 8.64e-06 2.10e-06 4.42e-07 7.99e-08 1.08e-08 -1.08e-08 
-1.43e-07 1.43e-07 4.20e-07 2.02e-06 8.55e-06 3.14e-05 9.96e-05 2.74e-04 6.58e-04 1.39e-03 2.65e-03 4.59e-03 7.42e-03 1.13e-02 1.66e-02 2.32e-02 3.11e-02 4.03e-02 5.04e-02 6.11e-02 7.20e-02 8.26e-02 9.27e-02 1.02e-01 1.10e-01 1.17e-01 1.23e-01 1.27e-01 1.30e-01 1.32e-01 1.32e-01 1.32e-01 1.30e-01 1.27e-01 1.23e-01 1.17e-01 1.10e-01 1.02e-01 9.27e-02 8.26e-02 7.20e-02 6.11e-02 5.04e-02 4.03e-02 3.11e-02 2.32e-02 1.66e-02 1.13e-02 7.42e-03 4.59e-03 2.65e-03 1.39e-03 6.58e-04 2.74e-04 9.96e-05 3.14e-05 8.55e-06 2.01e-06 4.08e-07 6.09e-08 -6.09e-08 
-7.05e-07 7.05e-07 1.86e-06 7.90e-06 2.99e-05 9.81e-05 2.78e-04 6.88e-04 1.49e-03 2.88e-03 5.07e-03 8.31e-03 1.29e-02 1.91e-02 2.71e-02 3.67e-02 4.80e-02 6.04e-02 7.34e-02 8.66e-02 9.94e-02 1.11e-01 1.22e-01 1.32e-01 1.40e-01 1.47e-01 1.52e-01 1.56e-01 1.59e-01 1.60e-01 1.61e-01 1.60e-01 1.59e-01 1.56e-01 1.52e-01 1.47e-01 1.40e-01 1.32e-01 1.22e-01 1.11e-01 9.94e-02 8.66e-02 7.34e-02 6.04e-02 4.80e-02 3.67e-02 2.71e-02 1.91e-02 1.29e-02 8.31e-03 5.07e-03 2.88e-03 1.49e-03 6.88e-04 2.78e-04 9.81e-05 2.99e-05 7.89e-06 1.79e-06 2.93e-07 -2.93e-07 
-2.98e-06 2.98e-06 7.06e-06 2.67e-05 9.03e-05 2.65e-04 6.74e-04 1.50e-03 2.97e-03 5.32e-03 8.85e-03 1.40e-02 2.10e-02 3.01e-02 4.14e-02 5.44e-02 6.86e-02 8.36e-02 9.86e-02 1.13e-01 1.26e-01 1.38e-01 1.48e-01 1.56e-01 1.63e-01 1.68e-01 1.72e-01 1.75e-01 1.76e-01 1.77e-01 1.78e-01 1.77e-01 1.76e-01 1.75e-01 1.72e-01 1.68e-01 1.63e-01 1.56e-01 1.48e-01 1.38e-01 1.26e-01 1.13e-01 9.86e-02 8.36e-02 6.86e-02 5.44e-02 4.14e-02 3.01e-02 2.10e-02 1.40e-02 8.85e-03 5.32e-03 2.97e-03 1.50e-03 6.74e-04 2.65e-04 9.03e-05 2.66e-05 6.73e-06 1.21e-06 -1.21e-06 
-1.09e-05 1.09e-05 2.32e-05 7.78e-05 2.36e-04 6.20e-04 1.42e-03 2.89e-03 5.29e-03 8.99e-03 1.44e-02 2.21e-02 3.22e-02 4.46e-02 5.90e-02 7.48e-02 9.12e-02 1.07e-01 1.23e-01 1.36e-01 1.48e-01 1.57e-01 1.65e-01 1.70e-01 1.74e-01 1.77e-01 1.79e-01 1.80e-01 1.80e-01 1.81e-01 1.81e-01 1.81e-01 1.80e-01 1.80e-01 1.79e-01 1.77e-01 1.74e-01 1.70e-01 1.65e-01 1.57e-01 1.48e-01 1.36e-01 1.23e-01 1.07e-01 9.12e-02 7.48e-02 5.90e-02 4.46e-02 3.22e-02 2.21e-02 1.44e-02 8.99e-03 5.29e-03 2.89e-03 1.42e-03 6.20e-04 2.36e-04 7.76e-05 2.19e-05 4.28e-06 -4.28e-06 
-3.41e-05 3.41e-05 6.63e-05 1.97e-04 5.35e-04 1.27e-03 2.66e-03 5.01e-03 8.71e-03 1.43e-02 2.22e-02 3.29e-02 4.62e-02 6.17e-02 7.86e-02 9.60e-02 1.13e-01 1.28e-01 1.42e-01 1.52e-01 1.61e-01 1.66e-01 1.70e-01 1.72e-01 1.73e-01 1.73e-01 1.73e-01 1.73e-01 1.72e-01 1.72e-01 1.72e-01 1.72e-01 1.72e-01 1.73e-01 1.73e-01 1.73e-01 1.73e-01 1.72e-01 1.70e-01 1.66e-01 1.61e-01 1.52e-01 1.42e-01 1.28e-01 1.13e-01 9.60e-02 7.86e-02 6.17e-02 4.62e-02 3.29e-02 2.22e-02 1.43e-02 8.71e-03 5.01e-03 2.66e-03 1.27e-03 5.35e-04 1.96e-04 6.14e-05 1.30e-05 -1.30e-05 
-9.31e-05 9.31e-05 1.65e-04 4.36e-04 1.07e-03 2.32e-03 4.51e-03 8.05e-03 1.35e-02 2.15e-02 3.24e-02 4.61e-02 6.21e-02 7.97e-02 9.78e-02 1.15e-01 1.30e-01 1.43e-01 1.53e-01 1.59e-01 1.63e-01 1.65e-01 1.65e-01 1.64e-01 1.62e-01 1.60e-01 1.59e-01 1.57e-01 1.56e-01 1.55e-01 1.55e-01 1.55e-01 1.56e-01 1.57e-01 1.59e-01 1.60e-01 1.62e-01 1.64e-01 1.65e-01 1.65e-01 1.63e-01 1.59e-01 1.53e-01 1.43e-01 1.30e-01 1.15e-01 9.78e-02 7.97e-02 6.21e-02 4.61e-02 3.24e-02 2.15e-02 1.35e-02 8.05e-03 4.51e-03 2.32e-03 1.07e-03 4.32e-04 1.50e-04 3.43e-05 -3.43e-05 
-2.21e-04 2.21e-04 3.60e-04 8.53e-04 1.91e-03 3.85e-03 7.09e-03 1.22e-02 1.98e-02 3.05e-02 4.42e-02 6.05e-02 7.85e-02 9.70e-02 1.14e-01 1.29e-01 1.41e-01 1.50e-01 1.55e-01 1.57e-01 1.56e-01 1.54e-01 1.52e-01 1.49e-01 1.46e-01 1.43e-01 1.41e-01 1.39e-01 1.38e-01 1.37e-01 1.37e-01 1.37e-01 1.38e-01 1.39e-01 1.41e-01 1.43e-01 1.46e-01 1.49e-01 1.52e-01 1.54e-01 1.56e-01 1.57e-01 1.55e-01 1.50e-01 1.41e-01 1.29e-01 1.14e-01 9.70e-02 7.85e-02 6.05e-02 4.42e-02 3.05e-02 1.98e-02 1.22e-02 7.09e-03 3.85e-03 1.91e-03 8.43e-04 3.20e-04 7.83e-05 -7.83e-05 
-4.65e-04 4.65e-04 7.02e-04 1.50e-03 3.12e-03 5.95e-03 1.05e-02 1.76e-02 2.77e-02 4.09e-02 5.70e-02 7.50e-02 9.36e-02 1.11e-01 1.26e-01 1.37e-01 1.44e-01 1.48e-01 1.48e-01 1.46e-01 1.43e-01 1.39e-01 1.36e-01 1.32e-01 1.29e-01 1.27e-01 1.25e-01 1.24e-01 1.23e-01 1.23e-01 1.22e-01 1.23e-01 1.23e-01 1.24e-01 1.25e-01 1.27e-01 1.29e-01 1.32e-01 1.36e-01 1.39e-01 1.43e-01 1.46e-01 1.48e-01 1.48e-01 1.44e-01 1.37e-01 1.26e-01 1.11e-01 9.36e-02 7.50e-02 5.70e-02 4.09e-02 2.77e-02 1.76e-02 1.05e-02 5.95e-03 3.12e-03 1.48e-03 6.06e-04 1.57e-04 -1.57e-04 
-8.70e-04 8.70e-04 1.24e-03 2.43e-03 4.75e-03 8.68e-03 1.49e-02 2.40e-02 3.65e-02 5.19e-02 6.95e-02 8.80e-02 1.05e-01 1.20e-01 1.31e-01 1.38e-01 1.40e-01 1.39e-01 1.36e-01 1.32e-01 1.28e-01 1.24e-01 1.20e-01 1.18e-01 1.16e-01 1.14e-01 1.13e-01 1.13e-01 1.13e-01 1.13e-01 1.13e-01 1.13e-01 1.13e-01 1.13e-01 1.13e-01 1.14e-01 1.16e-01 1.18e-01 1.20e-01 1.24e-01 1.28e-01 1.32e-01 1.36e-01 1.39e-01 1.40e-01 1.38e-01 1.31e-01 1.20e-01 1.05e-01 8.80e-02 6.95e-02 5.19e-02 3.65e-02 2.40e-02 1.49e-02 8.68e-03 4.74e-03 2.37e-03 1.03e-03 2.82e-04 -2.82e-04 
-1.48e-03 1.48e-03 2.00e-03 3.67e-03 6.83e-03 1.20e-02 2.00e-02 3.12e-02 4.56e-02 6.26e-02 8.07e-02 9.81e-02 1.13e-01 1.24e-01 1.30e-01 1.32e-01 1.31e-01 1.27e-01 1.22e-01 1.18e-01 1.14e-01 1.10e-01 1.08e-01 1.07e-01 1.06e-01 1.06e-01 1.07e-01 1.07e-01 1.08e-01 1.08e-01 1.08e-01 1.08e-01 1.08e-01 1.07e-01 1.07e-01 1.06e-01 1.06e-01 1.07e-01 1.08e-01 1.10e-01 1.14e-01 1.18e-01 1.22e-01 1.27e-01 1.31e-01 1.32e-01 1.30e-01 1.24e-01 1.13e-01 9.81e-02 8.07e-02 6.26e-02 4.56e-02 3.12e-02 2.00e-02 1.20e-02 6.79e-03 3.54e-03 1.62e-03 4.57e-04 -4.57e-04 
-2.31e-03 2.31e-03 3.01e-03 5.22e-03 9.32e-03 1.59e-02 2.56e-02 3.86e-02 5.44e-02 7.19e-02 8.91e-02 1.04e-01 1.15e-01 1.22e-01 1.24e-01 1.22e-01 1.18e-01 1.14e-01 1.09e-01 1.05e-01 1.02e-01 1.00e-01 9.99e-02 1.00e-01 1.01e-01 1.02e-01 1.04e-01 1.05e-01 1.06e-01 1.06e-01 1.07e-01 1.06e-01 1.06e-01 1.05e-01 1.04e-01 1.02e-01 1.01e-01 1.00e-01 9.99e-02 1.00e-01 1.02e-01 1.05e-01 1.09e-01 1.14e-01 1.18e-01 1.22e-01 1.24e-01 1.22e-01 1.15e-01 1.04e-01 8.91e-02 7.19e-02 5.44e-02 3.86e-02 2.56e-02 1.59e-02 9.25e-03 4.99e-03 2.37e-03 6.85e-04 -6.85e-04 
-3.38e-03 3.38e-03 4.26e-03 7.05e-03 1.22e-02 2.01e-02 3.13e-02 4.56e-02 6.20e-02 7.89e-02 9.43e-02 1.06e-01 1.13e-01 1.16e-01 1.15e-01 1.11e-01 1.06e-01 1.01e-01 9.71e-02 9.46e-02 9.35e-02 9.36e-02 9.47e-02 9.64e-02 9.86e-02 1.01e-01 1.03e-01 1.05e-01 1.07e-01 1.08e-01 1.08e-01 1.08e-01 1.07e-01 1.05e-01 1.03e-01 1.01e-01 9.86e-02 9.64e-02 9.47e-02 9.36e-02 9.35e-02 9.46e-02 9.71e-02 1.01e-01 1.06e-01 1.11e-01 1.15e-01 1.16e-01 1.13e-01 1.06e-01 9.43e-02 7.89e-02 6.20e-02 4.56e-02 3.13e-02 2.01e-02 1.20e-02 6.68e-03 3.25e-03 9.60e-04 -9.60e-04 
-4.64e-03 4.64e-03 5.72e-03 9.11e-03 1.52e-02 2.44e-02 3.67e-02 5.17e-02 6.78e-02 8.33e-02 9.60e-02 1.04e-01 1.08e-01 1.07e-01 1.03e-01 9.85e-02 9.38e-02 9.00e-02 8.77e-02 8.70e-02 8.76e-02 8.93e-02 9.18e-02 9.49e-02 9.83e-02 1.02e-01 1.05e-01 1.08e-01 1.10e-01 1.11e-01 1.12e-01 1.11e-01 1.10e-01 1.08e-01 1.05e-01 1.02e-01 9.83e-02 9.49e-02 9.18e-02 8.93e-02 8.76e-02 8.70e-02 8.77e-02 9.00e-02 9.38e-02 9.85e-02 1.03e-01 1.07e-01 1.08e-01 1.04e-01 9.60e-02 8.33e-02 6.78e-02 5.17e-02 3.67e-02 2.43e-02 1.50e-02 8.53e-03 4.25e-03 1.27e-03 -1.27e-03 
-6.05e-03 6.05e-03 7.32e-03 1.13e-02 1.82e-02 2.83e-02 4.13e-02 5.63e-02 7.15e-02 8.48e-02 9.43e-02 9.92e-02 9.97e-02 9.67e-02 9.20e-02 8.73e-02 8.35e-02 8.12e-02 8.06e-02 8.15e-02 8.36e-02 8.67e-02 9.04e-02 9.47e-02 9.92e-02 1.04e-01 1.08e-01 1.11e-01 1.14e-01 1.16e-01 1.17e-01 1.16e-01 1.14e-01 1.11e-01 1.08e-01 1.04e-01 9.92e-02 9.47e-02 9.04e-02 8.67e-02 8.36e-02 8.15e-02 8.06e-02 8.12e-02 8.35e-02 8.73e-02 9.20e-02 9.67e-02 9.97e-02 9.92e-02 9.43e-02 8.48e-02 7.14e-02 5.63e-02 4.13e-02 2.82e-02 1.79e-02 1.04e-02 5.29e-03 1.60e-03 -1.60e-03 
-7.52e-03 7.52e-03 8.96e-03 1.34e-02 2.09e-02 3.16e-02 4.48e-02 5.91e-02 7.27e-02 8.35e-02 9.00e-02 9.20e-02 9.01e-02 8.60e-02 8.13e-02 7.74e-02 7.49e-02 7.42e-02 7.50e-02 7.73e-02 8.07e-02 8.49e-02 8.99e-02 9.53e-02 1.01e-01 1.07e-01 1.12e-01 1.17e-01 1.20e-01 1.23e-01 1.24e-01 1.23e-01 1.20e-01 1.17e-01 1.12e-01 1.07e-01 1.01e-01 9.53e-02 8.99e-02 8.49e-02 8.07e-02 7.73e-02 7.50e-02 7.42e-02 7.49e-02 7.74e-02 8.13e-02 8.60e-02 9.01e-02 9.20e-02 9.00e-02 8.35e-02 7.27e-02 5.91e-02 4.47e-02 3.14e-02 2.05e-02 1.22e-02 6.32e-03 1.93e-03 -1.93e-03 
-8.94e-03 8.94e-03 1.05e-02 1.52e-02 2.32e-02 3.40e-02 4.69e-02 6.00e-02 7.16e-02 7.98e-02 8.37e-02 8.33e-02 8.02e-02 7.58e-02 7.17e-02 6.88e-02 6.78e-02 6.84e-02 7.05e-02 7.39e-02 7.83e-02 8.36e-02 8.97e-02 9.63e-02 1.03e-01 1.10e-01 1.17e-01 1.23e-01 1.28e-01 1.31e-01 1.33e-01 1.31e-01 1.28e-01 1.23e-01 1.17e-01 1.10e-01 1.03e-01 9.63e-02 8.97e-02 8.36e-02 7.83e-02 7.39e-02 7.05e-02 6.84e-02 6.78e-02 6.88e-02 7.17e-02 7.58e-02 8.02e-02 8.33e-02 8.37e-02 7.98e-02 7.16e-02 6.00e-02 4.68e-02 3.38e-02 2.26e-02 1.38e-02 7.24e-03 2.24e-03 -2.24e-03 
-1.02e-02 1.02e-02 1.18e-02 1.67e-02 2.47e-02 3.54e-02 4.74e-02 5.91e-02 6.86e-02 7.44e-02 7.60e-02 7.42e-02 7.05e-02 6.63e-02 6.31e-02 6.15e-02 6.16e-02 6.33e-02 6.64e-02 7.06e-02 7.60e-02 8.23e-02 8.94e-02 9.74e-02 1.06e-01 1.15e-01 1.24e-01 1.32e-01 1.38e-01 1.42e-01 1.44e-01 1.42e-01 1.38e-01 1.32e-01 1.24e-01 1.15e-01 1.06e-01 9.74e-02 8.94e-02 8.23e-02 7.60e-02 7.06e-02 6.64e-02 6.33e-02 6.16e-02 6.15e-02 6.31e-02 6.63e-02 7.05e-02 7.42e-02 7.60e-02 7.44e-02 6.86e-02 5.91e-02 4.73e-02 3.51e-02 2.40e-02 1.50e-02 7.98e-03 2.48e-03 -2.48e-03 
-1.11e-02 1.11e-02 1.28e-02 1.76e-02 2.55e-02 3.55e-02 4.64e-02 5.64e-02 6.39e-02 6.76e-02 6.76e-02 6.50e-02 6.11e-02 5.77e-02 5.55e-02 5.49e-02 5.60e-02 5.85e-02 6.23e-02 6.72e-02 7.33e-02 8.05e-02 8.88e-02 9.82e-02 1.09e-01 1.20e-01 1.31e-01 1.42e-01 1.50e-01 1.56e-01 1.59e-01 1.56e-01 1.50e-01 1.42e-01 1.31e-01 1.20e-01 1.09e-01 9.82e-02 8.88e-02 8.05e-02 7.33e-02 6.72e-02 6.23e-02 5.85e-02 5.60e-02 5.49e-02 5.55e-02 5.77e-02 6.11e-02 6.50e-02 6.76e-02 6.76e-02 6.39e-02 5.64e-02 4.63e-02 3.52e-02 2.46e-02 1.56e-02 8.45e-03 2.65e-03 -2.65e-03 
-1.16e-02 1.16e-02 1.32e-02 1.79e-02 2.53e-02 3.45e-02 4.41e-02 5.24e-02 5.79e-02 6.00e-02 5.90e-02 5.60e-02 5.26e-02 4.99e-02 4.85e-02 4.88e-02 5.06e-02 5.36e-02 5.79e-02 6.33e-02 7.00e-02 7.79e-02 8.73e-02 9.83e-02 1.11e-01 1.25e-01 1.39e-01 1.53e-01 1.66e-01 1.75e-01 1.78e-01 1.75e-01 1.66e-01 1.53e-01 1.39e-01 1.25e-01 1.11e-01 9.83e-02 8.73e-02 7.79e-02 7.00e-02 6.33e-02 5.79e-02 5.36e-02 5.06e-02 4.88e-02 4.85e-02 4.99e-02 5.26e-02 5.60e-02 5.90e-02 6.00e-02 5.79e-02 5.23e-02 4.39e-02 3.41e-02 2.43e-02 1.57e-02 8.61e-03 2.72e-03 -2.72e-03 
-1.17e-02 1.17e-02 1.32e-02 1.75e-02 2.42e-02 3.23e-02 4.05e-02 4.71e-02 5.11e-02 5.20e-02 5.04e-02 4.75e-02 4.45e-02 4.26e-02 4.21e-02 4.29e-02 4.51e-02 4.84e-02 5.29e-02 5.86e-02 6.56e-02 7.42e-02 8.46e-02 9.70e-02 1.12e-01 1.29e-01 1.48e-01 1.67e-01 1.85e-01 1.98e-01 2.03e-01 1.98e-01 1.85e-01 1.67e-01 1.48e-01 1.29e-01 1.12e-01 9.70e-02 8.46e-02 7.42e-02 6.56e-02 5.86e-02 5.29e-02 4.84e-02 4.51e-02 4.29e-02 4.21e-02 4.26e-02 4.45e-02 4.75e-02 5.04e-02 5.20e-02 5.11e-02 4.71e-02 4.03e-02 3.19e-02 2.32e-02 1.52e-02 8.42e-03 2.67e-03 -2.67e-03 
-1.11e-02 1.11e-02 1.25e-02 1.63e-02 2.22e-02 2.91e-02 3.58e-02 4.10e-02 4.37e-02 4.38e-02 4.20e-02 3.94e-02 3.71e-02 3.58e-02 3.57e-02 3.69e-02 3.93e-02 4.27e-02 4.72e-02 5.29e-02 6.00e-02 6.89e-02 7.99e-02 9.37e-02 1.11e-01 1.31e-01 1.56e-01 1.83e-01 2.09e-01 2.31e-01 2.39e-01 2.31e-01 2.09e-01 1.83e-01 1.56e-01 1.31e-01 1.11e-01 9.37e-02 7.99e-02 6.89e-02 6.00e-02 5.29e-02 4.72e-02 4.27e-02 3.93e-02 3.69e-02 3.57e-02 3.58e-02 3.71e-02 3.94e-02 4.20e-02 4.38e-02 4.37e-02 4.09e-02 3.56e-02 2.87e-02 2.12e-02 1.41e-02 7.87e-03 2.51e-03 -2.51e-03 
-1.01e-02 1.01e-02 1.12e-02 1.45e-02 1.94e-02 2.50e-02 3.03e-02 3.42e-02 3.60e-02 3.56e-02 3.39e-02 3.17e-02 2.99e-02 2.91e-02 2.95e-02 3.08e-02 3.31e-02 3.63e-02 4.05e-02 4.58e-02 5.27e-02 6.14e-02 7.27e-02 8.72e-02 1.06e-01 1.30e-01 1.61e-01 1.98e-01 2.39e-01 2.76e-01 2.92e-01 2.76e-01 2.39e-01 1.98e-01 1.61e-01 1.30e-01 1.06e-01 8.72e-02 7.27e-02 6.14e-02 5.27e-02 4.58e-02 4.05e-02 3.63e-02 3.31e-02 3.08e-02 2.95e-02 2.91e-02 2.99e-02 3.17e-02 3.39e-02 3.56e-02 3.59e-02 3.41e-02 3.02e-02 2.46e-02 1.84e-02 1.23e-02 6.97e-03 2.24e-03 -2.24e-03 
-8.45e-03 8.45e-03 9.37e-03 1.20e-02 1.58e-02 2.02e-02 2.42e-02 2.69e-02 2.80e-02 2.75e-02 2.60e-02 2.43e-02 2.31e-02 2.27e-02 2.31e-02 2.43e-02 2.64e-02 2.92e-02 3.28e-02 3.76e-02 4.37e-02 5.17e-02 6.23e-02 7.66e-02 9.61e-02 1.23e-01 1.60e-01 2.11e-01 2.74e-01 3.41e-01 3.78e-01 3.41e-01 2.74e-01 2.11e-01 1.60e-01 1.23e-01 9.61e-02 7.66e-02 6.23e-02 5.17e-02 4.37e-02 3.76e-02 3.28e-02 2.92e-02 2.64e-02 2.43e-02 2.31e-02 2.27e-02 2.31e-02 2.43e-02 2.60e-02 2.75e-02 2.80e-02 2.69e-02 2.40e-02 1.98e-02 1.50e-02 1.02e-02 5.77e-03 1.86e-03 -1.86e-03 
-6.39e-03 6.39e-03 7.06e-03 8.94e-03 1.17e-02 1.48e-02 1.76e-02 1.94e-02 2.00e-02 1.96e-02 1.84e-02 1.72e-02 1.64e-02 1.62e-02 1.66e-02 1.77e-02 1.92e-02 2.14e-02 2.43e-02 2.79e-02 3.28e-02 3.94e-02 4.83e-02 6.08e-02 7.88e-02 1.06e-01 1.46e-01 2.10e-01 3.06e-01 4.34e-01 5.40e-01 4.34e-01 3.06e-01 2.10e-01 1.46e-01 1.06e-01 7.88e-02 6.08e-02 4.83e-02 3.94e-02 3.28e-02 2.79e-02 2.43e-02 2.14e-02 1.92e-02 1.77e-02 1.66e-02 1.62e-02 1.64e-02 1.72e-02 1.84e-02 1.95e-02 2.00e-02 1.94e-02 1.75e-02 1.45e-02 1.11e-02 7.55e-03 4.31e-03 1.39e-03 -1.39e-03 
-3.98e-03 3.98e-03 4.39e-03 5.53e-03 7.20e-03 9.05e-03 1.07e-02 1.17e-02 1.20e-02 1.17e-02 1.10e-02 1.03e-02 9.80e-03 9.77e-03 1.01e-02 1.07e-02 1.17e-02 1.31e-02 1.49e-02 1.73e-02 2.05e-02 2.48e-02 3.08e-02 3.95e-02 5.27e-02 7.39e-02 1.10e-01 1.77e-01 3.05e-01 5.51e-01 9.14e-01 5.51e-01 3.05e-01 1.77e-01 1.10e-01 7.39e-02 5.27e-02 3.95e-02 3.08e-02 2.48e-02 2.05e-02 1.73e-02 1.49e-02 1.31e-02 1.17e-02 1.07e-02 1.01e-02 9.77e-03 9.80e-03 1.03e-02 1.10e-02 1.17e-02 1.20e-02 1.17e-02 1.06e-02 8.87e-03 6.78e-03 4.65e-03 2.66e-03 8.62e-04 -8.62e-04 
-1.35e-03 1.35e-03 1.49e-03 1.87e-03 2.43e-03 3.04e-03 3.58e-03 3.92e-03 4.01e-03 3.88e-03 3.65e-03 3.43e-03 3.28e-03 3.21e-03 3.34e-03 3.62e-03 3.95e-03 4.41e-03 5.04e-03 5.83e-03 6.94e-03 8.44e-03 1.06e-02 1.38e-02 1.87e-02 2.73e-02 4.38e-02 8.16e-02 1.87e-01 5.50e-01 2.01e+00 5.50e-01 1.87e-01 8.16e-02 4.38e-02 2.73e-02 1.87e-02 1.38e-02 1.06e-02 8.44e-03 6.94e-03 5.83e-03 5.04e-03 4.41e-03 3.95e-03 3.62e-03 3.34e-03 3.21e-03 3.28e-03 3.43e-03 3.65e-03 3.88e-03 4.01e-03 3.91e-03 3.55e-03 2.98e-03 2.29e-03 1.57e-03 9.01e-04 2.92e-04 -2.92e-04 
1.35e-03 -1.35e-03 -1.49e-03 -1.87e-03 -2.43e-03 -3.04e-03 -3.58e-03 -3.92e-03 -4.01e-03 -3.88e-03 -3.65e-03 -3.43e-03 -3.28e-03 -3.21e-03 -3.34e-03 -3.62e-03 -3.95e-03 -4.41e-03 -5.04e-03 -5.83e-03 -6.94e-03 -8.44e-03 -1.06e-02 -1.38e-02 -1.87e-02 -2.73e-02 -4.38e-02 -8.16e-02 -1.87e-01 -5.50e-01 -2.01e+00 -5.50e-01 -1.87e-01 -8.16e-02 -4.38e-02 -2.73e-02 -1.87e-02 -1.38e-02 -1.06e-02 -8.44e-03 -6.94e-03 -5.83e-03 -5.04e-03 -4.41e-03 -3.95e-03 -3.62e-03 -3.34e-03 -3.21e-03 -3.28e-03 -3.43e-03 -3.65e-03 -3.88e-03 -4.01e-03 -3.91e-03 -3.55e-03 -2.98e-03 -2.29e-03 -1.57e-03 -9.01e-04 -2.92e-04 2.92e-04 
3.98e-03 -3.98e-03 -4.39e-03 -5.53e-03 -7.20e-03 -9.05e-03 -1.07e-02 -1.17e-02 -1.20e-02 -1.17e-02 -1.10e-02 -1.03e-02 -9.80e-03 -9.77e-03 -1.01e-02 -1.07e-02 -1.17e-02 -1.31e-02 -1.49e-02 -1.73e-02 -2.05e-02 -2.48e-02 -3.08e-02 -3.95e-02 -5.27e-02 -7.39e-02 -1.10e-01 -1.77e-01 -3.05e-01 -5.51e-01 -9.14e-01 -5.51e-01 -3.05e-01 -1.77e-01 -1.10e-01 -7.39e-02 -5.27e-02 -3.95e-02 -3.08e-02 -2.48e-02 -2.05e-02 -1.73e-02 -1.49e-02 -1.31e-02 -1.17e-02 -1.07e-02 -1.01e-02 -9.77e-03 -9.80e-03 -1.03e-02 -1.10e-02 -1.17e-02 -1.20e-02 -1.17e-02 -1.06e-02 -8.87e-03 -6.78e-03 -4.65e-03 -2.66e-03 -8.62e-04 8.62e-04 
6.39e-03 -6.39e-03 -7.06e-03 -8.94e-03 -1.17e-02 -1.48e-02 -1.76e-02 -1.94e-02 -2.00e-02 -1.96e-02 -1.84e-02 -1.72e-02 -1.64e-02 -1.62e-02 -1.66e-02 -1.77e-02 -1.92e-02 -2.14e-02 -2.43e-02 -2.79e-02 -3.28e-02 -3.94e-02 -4.83e-02 -6.08e-02 -7.88e-02 -1.06e-01 -1.46e-01 -2.10e-01 -3.06e-01 -4.34e-01 -5.40e-01 -4.34e-01 -3.06e-01 -2.10e-01 -1.46e-01 -1.06e-01 -7.88e-02 -6.08e-02 -4.83e-02 -3.94e-02 -3.28e-02 -2.79e-02 -2.43e-02 -2.14e-02 -1.92e-02 -1.77e-02 -1.66e-02 -1.62e-02 -1.64e-02 -1.72e-02 -1.84e-02 -1.95e-02 -2.00e-02 -1.94e-02 -1.75e-02 -1.45e-02 -1.11e-02 -7.55e-03 -4.31e-03 -1.39e-03 1.39e-03 
8.45e-03 -8.45e-03 -9.37e-03 -1.20e-02 -1.58e-02 -2.02e-02 -2.42e-02 -2.69e-02 -2.80e-02 -2.75e-02 -2.60e-02 -2.43e-02 -2.31e-02 -2.27e-02 -2.31e-02 -2.43e-02 -2.64e-02 -2.92e-02 -3.28e-02 -3.76e-02 -4.37e-02 -5.17e-02 -6.23e-02 -7.66e-02 -9.61e-02 -1.23e-01 -1.60e-01 -2.11e-01 -2.74e-01 -3.41e-01 -3.78e-01 -3.41e-01 -2.74e-01 -2.11e-01 -1.60e-01 -1.23e-01 -9.61e-02 -7.66e-02 -6.23e-02 -5.17e-02 -4.37e-02 -3.76e-02 -3.28e-02 -2.92e-02 -2.64e-02 -2.43e-02 -2.31e-02 -2.27e-02 -2.31e-02 -2.43e-02 -2.60e-02 -2.75e-02 -2.80e-02 -2.69e-02 -2.40e-02 -1.98e-02 -1.50e-02 -1.02e-02 -5.77e-03 -1.86e-03 1.86e-03 
1.01e-02 -1.01e-02 -1.12e-02 -1.45e-02 -1.94e-02 -2.50e-02 -3.03e-02 -3.42e-02 -3.60e-02 -3.56e-02 -3.39e-02 -3.17e-02 -2.99e-02 -2.91e-02 -2.95e-02 -3.08e-02 -3.31e-02 -3.63e-02 -4.05e-02 -4.58e-02 -5.27e-02 -6.14e-02 -7.27e-02 -8.72e-02 -1.06e-01 -1.30e-01 -1.61e-01 -1.98e-01 -2.39e-01 -2.76e-01 -2.92e-01 -2.76e-01 -2.39e-01 -1.98e-01 -1.61e-01 -1.30e-01 -1.06e-01 -8.72e-02 -7.27e-02 -6.14e-02 -5.27e-02 -4.58e-02 -4.05e-02 -3.63e-02 -3.31e-02 -3.08e-02 -2.95e-02 -2.91e-02 -2.99e-02 -3.17e-02 -3.39e-02 -3.56e-02 -3.59e-02 -3.41e-02 -3.02e-02 -2.46e-02 -1.84e-02 -1.23e-02 -6.97e-03 -2.24e-03 2.24e-03 
1.11e-02 -1.11e-02 -1.25e-02 -1.63e-02 -2.22e-02 -2.91e-02 -3.58e-02 -4.10e-02 -4.37e-02 -4.38e-02 -4.20e-02 -3.94e-02 -3.71e-02 -3.58e-02 -3.57e-02 -3.69e-02 -3.93e-02 -4.27e-02 -4.72e-02 -5.29e-02 -6.00e-02 -6.89e-02 -7.99e-02 -9.37e-02 -1.11e-01 -1.31e-01 -1.56e-01 -1.83e-01 -2.09e-01 -2.31e-01 -2.39e-01 -2.31e-01 -2.09e-01 -1.83e-01 -1.56e-01 -1.31e-01 -1.11e-01 -9.37e-02 -7.99e-02 -6.89e-02 -6.00e-02 -5.29e-02 -4.72e-02 -4.27e-02 -3.93e-02 -3.69e-02 -3.57e-02 -3.58e-02 -3.71e-02 -3.94e-02 -4.20e-02 -4.38e-02 -4.37e-02 -4.09e-02 -3.56e-02 -2.87e-02 -2.12e-02 -1.41e-02 -7.87e-03 -2.51e-03 2.51e-03 
1.17e-02 -1.17e-02 -1.32e-02 -1.75e-02 -2.42e-02 -3.23e-02 -4.05e-02 -4.71e-02 -5.11e-02 -5.20e-02 -5.04e-02 -4.75e-02 -4.45e-02 -4.26e-02 -4.21e-02 -4.29e-02 -4.51e-02 -4.84e-02 -5.29e-02 -5.86e-02 -6.56e-02 -7.42e-02 -8.46e-02 -9.70e-02 -1.12e-01 -1.29e-01 -1.48e-01 -1.67e-01 -1.85e-01 -1.98e-01 -2.03e-01 -1.98e-01 -1.85e-01 -1.67e-01 -1.48e-01 -1.29e-01 -1.12e-01 -9.70e-02 -8.46e-02 -7.42e-02 -6.56e-02 -5.86e-02 -5.29e-02 -4.84e-02 -4.51e-02 -4.29e-02 -4.21e-02 -4.26e-02 -4.45e-02 -4.75e-02 -5.04e-02 -5.20e-02 -5.11e-02 -4.71e-02 -4.03e-02 -3.19e-02 -2.32e-02 -1.52e-02 -8.42e-03 -2.67e-03 2.67e-03 
1.16e-02 -1.16e-02 -1.32e-02 -1.79e-02 -2.53e-02 -3.45e-02 -4.41e-02 -5.24e-02 -5.79e-02 -6.00e-02 -5.90e-02 -5.60e-02 -5.26e-02 -4.99e-02 -4.85e-02 -4.88e-02 -5.06e-02 -5.36e-02 -5.79e-02 -6.33e-02 -7.00e-02 -7.79e-02 -8.73e-02 -9.83e-02 -1.11e-01 -1.25e-01 -1.39e-01 -1.53e-01 -1.66e-01 -1.75e-01 -1.78e-01 -1.75e-01 -1.66e-01 -1.53e-01 -1.39e-01 -1.25e-01 -1.11e-01 -9.83e-02 -8.73e-02 -7.79e-02 -7.00e-02 -6.33e-02 -5.79e-02 -5.36e-02 -5.06e-02 -4.88e-02 -4.85e-02 -4.99e-02 -5.26e-02 -5.60e-02 -5.90e-02 -6.00e-02 -5.79e-02 -5.23e-02 -4.39e-02 -3.41e-02 -2.43e-02 -1.57e-02 -8.61e-03 -2.72e-03 2.72e-03 
1.11e-02 -1.11e-02 -1.28e-02 -1.76e-02 -2.55e-02 -3.55e-02 -4.64e-02 -5.64e-02 -6.39e-02 -6.76e-02 -6.76e-02 -6.50e-02 -6.11e-02 -5.77e-02 -5.55e-02 -5.49e-02 -5.60e-02 -5.85e-02 -6.23e-02 -6.72e-02 -7.33e-02 -8.05e-02 -8.88e-02 -9.82e-02 -1.09e-01 -1.20e-01 -1.31e-01 -1.42e-01 -1.50e-01 -1.56e-01 -1.59e-01 -1.56e-01 -1.50e-01 -1.42e-01 -1.31e-01 -1.20e-01 -1.09e-01 -9.82e-02 -8.88e-02 -8.05e-02 -7.33e-02 -6.72e-02 -6.23e-02 -5.85e-02 -5.60e-02 -5.49e-02 -5.55e-02 -5.77e-02 -6.11e-02 -6.50e-02 -6.76e-02 -6.76e-02 -6.39e-02 -5.64e-02 -4.63e-02 -3.52e-02 -2.46e-02 -1.56e-02 -8.45e-03 -2.65e-03 2.65e-03 
1.02e-02 -1.02e-02 -1.18e-02 -1.67e-02 -2.47e-02 -3.54e-02 -4.74e-02 -5.91e-02 -6.86e-02 -7.44e-02 -7.60e-02 -7.42e-02 -7.05e-02 -6.63e-02 -6.31e-02 -6.15e-02 -6.16e-02 -6.33e-02 -6.64e-02 -7.06e-02 -7.60e-02 -8.23e-02 -8.94e-02 -9.74e-02 -1.06e-01 -1.15e-01 -1.24e-01 -1.32e-01 -1.38e-01 -1.42e-01 -1.44e-01 -1.42e-01 -1.38e-01 -1.32e-01 -1.24e-01 -1.15e-01 -1.06e-01 -9.74e-02 -8.94e-02 -8.23e-02 -7.60e-02 -7.06e-02 -6.64e-02 -6.33e-02 -6.16e-02 -6.15e-02 -6.31e-02 -6.63e-02 -7.05e-02 -7.42e-02 -7.60e-02 -7.44e-02 -6.86e-02 -5.91e-02 -4.73e-02 -3.51e-02 -2.40e-02 -1.50e-02 -7.98e-03 -2.48e-03 2.48e-03 
8.94e-03 -8.94e-03 -1.05e-02 -1.52e-02 -2.32e-02 -3.40e-02 -4.69e-02 -6.00e-02 -7.16e-02 -7.98e-02 -8.37e-02 -8.33e-02 -8.02e-02 -7.58e-02 -7.17e-02 -6.88e-02 -6.78e-02 -6.84e-02 -7.05e-02 -7.39e-02 -7.83e-02 -8.36e-02 -8.97e-02 -9.63e-02 -1.03e-01 -1.10e-01 -1.17e-01 -1.23e-01 -1.28e-01 -1.31e-01 -1.33e-01 -1.31e-01 -1.28e-01 -1.23e-01 -1.17e-01 -1.10e-01 -1.03e-01 -9.63e-02 -8.97e-02 -8.36e-02 -7.83e-02 -7.39e-02 -7.05e-02 -6.84e-02 -6.78e-02 -6.88e-02 -7.17e-02 -7.58e-02 -8.02e-02 -8.33e-02 -8.37e-02 -7.98e-02 -7.16e-02 -6.00e-02 -4.68e-02 -3.38e-02 -2.26e-02 -1.38e-02 -7.24e-03 -2.24e-03 2.24e-03 
7.52e-03 -7.52e-03 -8.96e-03 -1.34e-02 -2.09e-02 -3.16e-02 -4.48e-02 -5.91e-02 -7.27e-02 -8.35e-02 -9.00e-02 -9.20e-02 -9.01e-02 -8.60e-02 -8.13e-02 -7.74e-02 -7.49e-02 -7.42e-02 -7.50e-02 -7.73e-02 -8.07e-02 -8.49e-02 -8.99e-02 -9.53e-02 -1.01e-01 -1.07e-01 -1.12e-01 -1.17e-01 -1.20e-01 -1.23e-01 -1.24e-01 -1.23e-01 -1.20e-01 -1.17e-01 -1.12e-01 -1.07e-01 -1.01e-01 -9.53e-02 -8.99e-02 -8.49e-02 -8.07e-02 -7.73e-02 -7.50e-02 -7.42e-02 -7.49e-02 -7.74e-02 -8.13e-02 -8.60e-02 -9.01e-02 -9.20e-02 -9.00e-02 -8.35e-02 -7.27e-02 -5.91e-02 -4.47e-02 -3.14e-02 -2.05e-02 -1.22e-02 -6.32e-03 -1.93e-03 1.93e-03 
6.05e-03 -6.05e-03 -7.32e-03 -1.13e-02 -1.82e-02 -2.83e-02 -4.13e-02 -5.63e-02 -7.15e-02 -8.48e-02 -9.43e-02 -9.92e-02 -9.97e-02 -9.67e-02 -9.20e-02 -8.73e-02 -8.35e-02 -8.12e-02 -8.06e-02 -8.15e-02 -8.36e-02 -8.67e-02 -9.04e-02 -9.47e-02 -9.92e-02 -1.04e-01 -1.08e-01 -1.11e-01 -1.14e-01 -1.16e-01 -1.17e-01 -1.16e-01 -1.14e-01 -1.11e-01 -1.08e-01 -1.04e-01 -9.92e-02 -9.47e-02 -9.04e-02 -8.67e-02 -8.36e-02 -8.15e-02 -8.06e-02 -8.12e-02 -8.35e-02 -8.73e-02 -9.20e-02 -9.67e-02 -9.97e-02 -9.92e-02 -9.43e-02 -8.48e-02 -7.14e-02 -5.63e-02 -4.13e-02 -2.82e-02 -1.79e-02 -1.04e-02 -5.29e-03 -1.60e-03 1.60e-03 
4.64e-03 -4.64e-03 -5.72e-03 -9.11e-03 -1.52e-02 -2.44e-02 -3.67e-02 -5.17e-02 -6.78e-02 -8.33e-02 -9.60e-02 -1.04e-01 -1.08e-01 -1.07e-01 -1.03e-01 -9.85e-02 -9.38e-02 -9.00e-02 -8.77e-02 -8.70e-02 -8.76e-02 -8.93e-02 -9.18e-02 -9.49e-02 -9.83e-02 -1.02e-01 -1.05e-01 -1.08e-01 -1.10e-01 -1.11e-01 -1.12e-01 -1.11e-01 -1.10e-01 -1.08e-01 -1.05e-01 -1.02e-01 -9.83e-02 -9.49e-02 -9.18e-02 -8.93e-02 -8.76e-02 -8.70e-02 -8.77e-02 -9.00e-02 -9.38e-02 -9.85e-02 -1.03e-01 -1.07e-01 -1.08e-01 -1.04e-01 -9.60e-02 -8.33e-02 -6.78e-02 -5.17e-02 -3.67e-02 -2.43e-02 -1.50e-02 -8.53e-03 -4.25e-03 -1.27e-03 1.27e-03 
3.38e-03 -3.38e-03 -4.26e-03 -7.05e-03 -1.22e-02 -2.01e-02 -3.13e-02 -4.56e-02 -6.20e-02 -7.89e-02 -9.43e-02 -1.06e-01 -1.13e-01 -1.16e-01 -1.15e-01 -1.11e-01 -1.06e-01 -1.01e-01 -9.71e-02 -9.46e-02 -9.35e-02 -9.36e-02 -9.47e-02 -9.64e-02 -9.86e-02 -1.01e-01 -1.03e-01 -1.05e-01 -1.07e-01 -1.08e-01 -1.08e-01 -1.08e-01 -1.07e-01 -1.05e-01 -1.03e-01 -1.01e-01 -9.86e-02 -9.64e-02 -9.47e-02 -9.36e-02 -9.35e-02 -9.46e-02 -9.71e-02 -1.01e-01 -1.06e-01 -1.11e-01 -1.15e-01 -1.16e-01 -1.13e-01 -1.06e-01 -9.43e-02 -7.89e-02 -6.20e-02 -4.56e-02 -3.13e-02 -2.01e-02 -1.20e-02 -6.68e-03 -3.25e-03 -9.60e-04 9.60e-04 
2.31e-03 -2.31e-03 -3.01e-03 -5.22e-03 -9.32e-03 -1.59e-02 -2.56e-02 -3.86e-02 -5.44e-02 -7.19e-02 -8.91e-02 -1.04e-01 -1.15e-01 -1.22e-01 -1.24e-01 -1.22e-01 -1.18e-01 -1.14e-01 -1.09e-01 -1.05e-01 -1.02e-01 -1.00e-01 -9.99e-02 -1.00e-01 -1.01e-01 -1.02e-01 -1.04e-01 -1.05e-01 -1.06e-01 -1.06e-01 -1.07e-01 -1.06e-01 -1.06e-01 -1.05e-01 -1.04e-01 -1.02e-01 -1.01e-01 -1.00e-01 -9.99e-02 -1.00e-01 -1.02e-01 -1.05e-01 -1.09e-01 -1.14e-01 -1.18e-01 -1.22e-01 -1.24e-01 -1.22e-01 -1.15e-01 -1.04e-01 -8.91e-02 -7.19e-02 -5.44e-02 -3.86e-02 -2.56e-02 -1.59e-02 -9.25e-03 -4.99e-03 -2.37e-03 -6.85e-04 6.85e-04 
1.48e-03 -1.48e-03 -2.00e-03 -3.67e-03 -6.83e-03 -1.20e-02 -2.00e-02 -3.12e-02 -4.56e-02 -6.26e-02 -8.07e-02 -9.81e-02 -1.13e-01 -1.24e-01 -1.30e-01 -1.32e-01 -1.31e-01 -1.27e-01 -1.22e-01 -1.18e-01 -1.14e-01 -1.10e-01 -1.08e-01 -1.07e-01 -1.06e-01 -1.06e-01 -1.07e-01 -1.07e-01 -1.08e-01 -1.08e-01 -1.08e-01 -1.08e-01 -1.08e-01 -1.07e-01 -1.07e-01 -1.06e-01 -1.06e-01 -1.07e-01 -1.08e-01 -1.10e-01 -1.14e-01 -1.18e-01 -1.22e-01 -1.27e-01 -1.31e-01 -1.32e-01 -1.30e-01 -1.24e-01 -1.13e-01 -9.81e-02 -8.07e-02 -6.26e-02 -4.56e-02 -3.12e-02 -2.00e-02 -1.20e-02 -6.79e-03 -3.54e-03 -1.62e-03 -4.57e-04 4.57e-04 
8.70e-04 -8.70e-04 -1.24e-03 -2.43e-03 -4.75e-03 -8.68e-03 -1.49e-02 -2.40e-02 -3.65e-02 -5.19e-02 -6.95e-02 -8.80e-02 -1.05e-01 -1.20e-01 -1.31e-01 -1.38e-01 -1.40e-01 -1.39e-01 -1.36e-01 -1.32e-01 -1.28e-01 -1.24e-01 -1.20e-01 -1.18e-01 -1.16e-01 -1.14e-01 -1.13e-01 -1.13e-01 -1.13e-01 -1.13e-01 -1.13e-01 -1.13e-01 -1.13e-01 -1.13e-01 -1.13e-01 -1.14e-01 -1.16e-01 -1.18e-01 -1.20e-01 -1.24e-01 -1.28e-01 -1.32e-01 -1.36e-01 -1.39e-01 -1.40e-01 -1.38e-01 -1.31e-01 -1.20e-01 -1.05e-01 -8.80e-02 -6.95e-02 -5.19e-02 -3.65e-02 -2.40e-02 -1.49e-02 -8.68e-03 -4.74e-03 -2.37e-03 -1.03e-03 -2.82e-04 2.82e-04 
4.65e-04 -4.65e-04 -7.02e-04 -1.50e-03 -3.12e-03 -5.95e-03 -1.05e-02 -1.76e-02 -2.77e-02 -4.09e-02 -5.70e-02 -7.50e-02 -9.36e-02 -1.11e-01 -1.26e-01 -1.37e-01 -1.44e-01 -1.48e-01 -1.48e-01 -1.46e-01 -1.43e-01 -1.39e-01 -1.36e-01 -1.32e-01 -1.29e-01 -1.27e-01 -1.25e-01 -1.24e-01 -1.23e-01 -1.23e-01 -1.22e-01 -1.23e-01 -1.23e-01 -1.24e-01 -1.25e-01 -1.27e-01 -1.29e-01 -1.32e-01 -1.36e-01 -1.39e-01 -1.43e-01 -1.46e-01 -1.48e-01 -1.48e-01 -1.44e-01 -1.37e-01 -1.26e-01 -1.11e-01 -9.36e-02 -7.50e-02 -5.70e-02 -4.09e-02 -2.77e-02 -1.76e-02 -1.05e-02 -5.95e-03 -3.12e-03 -1.48e-03 -6.06e-04 -1.57e-04 1.57e-04 
2.21e-04 -2.21e-04 -3.60e-04 -8.53e-04 -1.91e-03 -3.85e-03 -7.09e-03 -1.22e-02 -1.98e-02 -3.05e-02 -4.42e-02 -6.05e-02 -7.85e-02 -9.70e-02 -1.14e-01 -1.29e-01 -1.41e-01 -1.50e-01 -1.55e-01 -1.57e-01 -1.56e-01 -1.54e-01 -1.52e-01 -1.49e-01 -1.46e-01 -1.43e-01 -1.41e-01 -1.39e-01 -1.38e-01 -1.37e-01 -1.37e-01 -1.37e-01 -1.38e-01 -1.39e-01 -1.41e-01 -1.43e-01 -1.46e-01 -1.49e-01 -1.52e-01 -1.54e-01 -1.56e-01 -1.57e-01 -1.55e-01 -1.50e-01 -1.41e-01 -1.29e-01 -1.14e-01 -9.70e-02 -7.85e-02 -6.05e-02 -4.42e-02 -3.05e-02 -1.98e-02 -1.22e-02 -7.09e-03 -3.85e-03 -1.91e-03 -8.43e-04 -3.20e-04 -7.83e-05 7.83e-05 
9.31e-05 -9.31e-05 -1.65e-04 -4.36e-04 -1.07e-03 -2.32e-03 -4.51e-03 -8.05e-03 -1.35e-02 -2.15e-02 -3.24e-02 -4.61e-02 -6.21e-02 -7.97e-02 -9.78e-02 -1.15e-01 -1.30e-01 -1.43e-01 -1.53e-01 -1.59e-01 -1.63e-01 -1.65e-01 -1.65e-01 -1.64e-01 -1.62e-01 -1.60e-01 -1.59e-01 -1.57e-01 -1.56e-01 -1.55e-01 -1.55e-01 -1.55e-01 -1.56e-01 -1.57e-01 -1.59e-01 -1.60e-01 -1.62e-01 -1.64e-01 -1.65e-01 -1.65e-01 -1.63e-01 -1.59e-01 -1.53e-01 -1.43e-01 -1.30e-01 -1.15e-01 -9.78e-02 -7.97e-02 -6.21e-02 -4.61e-02 -3.24e-02 -2.15e-02 -1.35e-02 -8.05e-03 -4.51e-03 -2.32e-03 -1.07e-03 -4.32e-04 -1.50e-04 -3.43e-05 3.43e-05 
3.41e-05 -3.41e-05 -6.63e-05 -1.97e-04 -5.35e-04 -1.27e-03 -2.66e-03 -5.01e-03 -8.71e-03 -1.43e-02 -2.22e-02 -3.29e-02 -4.62e-02 -6.17e-02 -7.86e-02 -9.60e-02 -1.13e-01 -1.28e-01 -1.42e-01 -1.52e-01 -1.61e-01 -1.66e-01 -1.70e-01 -1.72e-01 -1.73e-01 -1.73e-01 -1.73e-01 -1.73e-01 -1.72e-01 -1.72e-01 -1.72e-01 -1.72e-01 -1.72e-01 -1.73e-01 -1.73e-01 -1.73e-01 -1.73e-01 -1.72e-01 -1.70e-01 -1.66e-01 -1.61e-01 -1.52e-01 -1.42e-01 -1.28e-01 -1.13e-01 -9.60e-02 -7.86e-02 -6.17e-02 -4.62e-02 -3.29e-02 -2.22e-02 -1.43e-02 -8.71e-03 -5.01e-03 -2.66e-03 -1.27e-03 -5.35e-04 -1.96e-04 -6.14e-05 -1.30e-05 1.30e-05 
1.09e-05 -1.09e-05 -2.32e-05 -7.78e-05 -2.36e-04 -6.20e-04 -1.42e-03 -2.89e-03 -5.29e-03 -8.99e-03 -1.44e-02 -2.21e-02 -3.22e-02 -4.46e-02 -5.90e-02 -7.48e-02 -9.12e-02 -1.07e-01 -1.23e-01 -1.36e-01 -1.48e-01 -1.57e-01 -1.65e-01 -1.70e-01 -1.74e-01 -1.77e-01 -1.79e-01 -1.80e-01 -1.81e-01 -1.81e-01 -1.81e-01 -1.81e-01 -1.81e-01 -1.80e-01 -1.79e-01 -1.77e-01 -1.74e-01 -1.70e-01 -1.65e-01 -1.57e-01 -1.48e-01 -1.36e-01 -1.23e-01 -1.07e-01 -9.12e-02 -7.48e-02 -5.90e-02 -4.46e-02 -3.22e-02 -2.21e-02 -1.44e-02 -8.99e-03 -5.29e-03 -2.89e-03 -1.42e-03 -6.20e-04 -2.36e-04 -7.76e-05 -2.19e-05 -4.28e-06 4.28e-06 
2.98e-06 -2.98e-06 -7.06e-06 -2.67e-05 -9.03e-05 -2.65e-04 -6.74e-04 -1.50e-03 -2.97e-03 -5.32e-03 -8.85e-03 -1.40e-02 -2.10e-02 -3.01e-02 -4.14e-02 -5.44e-02 -6.87e-02 -8.36e-02 -9.86e-02 -1.13e-01 -1.26e-01 -1.38e-01 -1.48e-01 -1.56e-01 -1.63e-01 -1.68e-01 -1.72e-01 -1.75e-01 -1.77e-01 -1.78e-01 -1.79e-01 -1.78e-01 -1.77e-01 -1.75e-01 -1.72e-01 -1.68e-01 -1.63e-01 -1.56e-01 -1.48e-01 -1.38e-01 -1.26e-01 -1.13e-01 -9.86e-02 -8.36e-02 -6.87e-02 -5.44e-02 -4.14e-02 -3.01e-02 -2.10e-02 -1.40e-02 -8.85e-03 -5.32e-03 -2.97e-03 -1.50e-03 -6.74e-04 -2.65e-04 -9.03e-05 -2.66e-05 -6.73e-06 -1.21e-06 1.21e-06 
7.05e-07 -7.05e-07 -1.86e-06 -7.90e-06 -2.99e-05 -9.81e-05 -2.78e-04 -6.88e-04 -1.49e-03 -2.88e-03 -5.07e-03 -8.31e-03 -1.29e-02 -1.91e-02 -2.71e-02 -3.68e-02 -4.80e-02 -6.05e-02 -7.36e-02 -8.69e-02 -9.98e-02 -1.12e-01 -1.23e-01 -1.33e-01 -1.41e-01 -1.48e-01 -1.54e-01 -1.58e-01 -1.61e-01 -1.63e-01 -1.63e-01 -1.63e-01 -1.61e-01 -1.58e-01 -1.54e-01 -1.48e-01 -1.41e-01 -1.33e-01 -1.23e-01 -1.12e-01 -9.98e-02 -8.69e-02 -7.36e-02 -6.05e-02 -4.80e-02 -3.68e-02 -2.71e-02 -1.91e-02 -1.29e-02 -8.31e-03 -5.07e-03 -2.88e-03 -1.49e-03 -6.88e-04 -2.78e-04 -9.81e-05 -2.99e-05 -7.89e-06 -1.79e-06 -2.93e-07 2.93e-07 
1.43e-07 -1.43e-07 -4.20e-07 -2.02e-06 -8.55e-06 -3.14e-05 -9.96e-05 -2.74e-04 -6.58e-04 -1.39e-03 -2.65e-03 -4.59e-03 -7.42e-03 -1.14e-02 -1.66e-02 -2.33e-02 -3.13e-02 -4.06e-02 -5.10e-02 -6.19e-02 -7.32e-02 -8.42e-02 -9.48e-02 -1.05e-01 -1.13e-01 -1.21e-01 -1.27e-01 -1.32e-01 -1.35e-01 -1.37e-01 -1.38e-01 -1.37e-01 -1.35e-01 -1.32e-01 -1.27e-01 -1.21e-01 -1.13e-01 -1.05e-01 -9.48e-02 -8.42e-02 -7.32e-02 -6.19e-02 -5.10e-02 -4.06e-02 -3.13e-02 -2.33e-02 -1.66e-02 -1.14e-02 -7.42e-03 -4.59e-03 -2.65e-03 -1.39e-03 -6.58e-04 -2.74e-04 -9.96e-05 -3.14e-05 -8.55e-06 -2.01e-06 -4.08e-07 -6.09e-08 6.09e-08 
2.50e-08 -2.50e-08 -8.18e-08 -4.43e-07 -2.11e-06 -8.65e-06 -3.07e-05 -9.44e-05 -2.52e-04 -5.91e-04 -1.23e-03 -2.30e-03 -3.94e-03 -6.30e-03 -9.55e-03 -1.38e-02 -1.92e-02 -2.56e-02 -3.30e-02 -4.13e-02 -5.01e-02 -5.92e-02 -6.82e-02 -7.68e-02 -8.48e-02 -9.19e-02 -9.79e-02 -1.03e-01 -1.06e-01 -1.08e-01 -1.09e-01 -1.08e-01 -1.06e-01 -1.03e-01 -9.79e-02 -9.19e-02 -8.48e-02 -7.68e-02 -6.82e-02 -5.92e-02 -5.01e-02 -4.13e-02 -3.30e-02 -2.56e-02 -1.92e-02 -1.38e-02 -9.55e-03 -6.30e-03 -3.94e-03 -2.30e-03 -1.23e-03 -5.91e-04 -2.52e-04 -9.44e-05 -3.07e-05 -8.65e-06 -2.11e-06 -4.42e-07 -7.99e-08 -1.08e-08 1.08e-08 
3.72e-09 -3.72e-09 -1.37e-08 -8.36e-08 -4.46e-07 -2.05e-06 -8.15e-06 -2.80e-05 -8.37e-05 -2.18e-04 -5.01e-04 -1.02e-03 -1.90e-03 -3.23e-03 -5.16e-03 -7.78e-03 -1.12e-02 -1.55e-02 -2.06e-02 -2.65e-02 -3.31e-02 -4.00e-02 -4.72e-02 -5.43e-02 -6.11e-02 -6.73e-02 -7.26e-02 -7.70e-02 -8.03e-02 -8.22e-02 -8.29e-02 -8.22e-02 -8.03e-02 -7.70e-02 -7.26e-02 -6.73e-02 -6.11e-02 -5.43e-02 -4.72e-02 -4.00e-02 -3.31e-02 -2.65e-02 -2.06e-02 -1.55e-02 -1.12e-02 -7.78e-03 -5.16e-03 -3.23e-03 -1.90e-03 -1.02e-03 -5.01e-04 -2.18e-04 -8.37e-05 -2.80e-05 -8.15e-06 -2.05e-06 -4.46e-07 -8.35e-08 -1.34e-08 -1.64e-09 1.64e-09 
4.77e-10 -4.77e-10 -1.98e-09 -1.38e-08 -8.29e-08 -4.30e-07 -1.92e-06 -7.45e-06 -2.50e-05 -7.34e-05 -1.89e-04 -4.30e-04 -8.79e-04 -1.63e-03 -2.79e-03 -4.48e-03 -6.77e-03 -9.74e-03 -1.34e-02 -1.78e-02 -2.28e-02 -2.83e-02 -3.41e-02 -4.00e-02 -4.57e-02 -5.11e-02 -5.58e-02 -5.97e-02 -6.27e-02 -6.45e-02 -6.51e-02 -6.45e-02 -6.27e-02 -5.97e-02 -5.58e-02 -5.11e-02 -4.57e-02 -4.00e-02 -3.41e-02 -2.83e-02 -2.28e-02 -1.78e-02 -1.34e-02 -9.74e-03 -6.77e-03 -4.48e-03 -2.79e-03 -1.63e-03 -8.79e-04 -4.30e-04 -1.89e-04 -7.34e-05 -2.50e-05 -7.45e-06 -1.92e-06 -4.30e-07 -8.29e-08 -1.38e-08 -1.96e-09 -2.14e-10 2.14e-10 
1.02e-10 -1.02e-10 -4.78e-10 -3.75e-09 -2.54e-08 -1.47e-07 -7.33e-07 -3.15e-06 -1.17e-05 -3.77e-05 -1.06e-04 -2.63e-04 -5.78e-04 -1.14e-03 -2.06e-03 -3.42e-03 -5.34e-03 -7.89e-03 -1.11e-02 -1.50e-02 -1.94e-02 -2.44e-02 -2.97e-02 -3.52e-02 -4.05e-02 -4.55e-02 -5.00e-02 -5.37e-02 -5.65e-02 -5.82e-02 -5.88e-02 -5.82e-02 -5.65e-02 -5.37e-02 -5.00e-02 -4.55e-02 -4.05e-02 -3.52e-02 -2.97e-02 -2.44e-02 -1.94e-02 -1.50e-02 -1.11e-02 -7.89e-03 -5.34e-03 -3.42e-03 -2.06e-03 -1.14e-03 -5.78e-04 -2.63e-04 -1.06e-04 -3.77e-05 -1.17e-05 -3.15e-06 -7.33e-07 -1.47e-07 -2.54e-08 -3.75e-09 -4.73e-10 -4.62e-11 4.62e-11 
-1.02e-10 1.02e-10 4.78e-10 3.75e-09 2.54e-08 1.47e-07 7.33e-07 3.15e-06 1.17e-05 3.77e-05 1.06e-04 2.63e-04 5.78e-04 1.14e-03 2.06e-03 3.42e-03 5.34e-03 7.89e-03 1.11e-02 1.50e-02 1.94e-02 2.44e-02 2.97e-02 3.52e-02 4.05e-02 4.55e-02 5.00e-02 5.37e-02 5.65e-02 5.82e-02 5.88e-02 5.82e-02 5.65e-02 5.37e-02 5.00e-02 4.55e-02 4.05e-02 3.52e-02 2.97e-02 2.44e-02 1.94e-02 1.50e-02 1.11e-02 7.89e-03 5.34e-03 3.42e-03 2.06e-03 1.14e-03 5.78e-04 2.63e-04 1.06e-04 3.77e-05 1.17e-05 3.15e-06 7.33e-07 1.47e-07 2.54e-08 3.75e-09 4.73e-10 4.62e-11 -4.62e-11 
