0.00e+00 -0.00e+00 -0.00e+00 -0.00e+00 -0.00e+00 -0.00e+00 -0.00e+00 -0.00e+00 -0.00e+00 -0.00e+00 -0.00e+00 -0.00e+00 -0.00e+00 -0.00e+00 -0.00e+00 -0.00e+00 -0.00e+00 -0.00e+00 -0.00e+00 -0.00e+00 -0.00e+00 -0.00e+00 -0.00e+00 -0.00e+00 -0.00e+00 -1.07e-17 -2.21e-16 -1.79e-15 -7.32e-15 -1.64e-14 -2.13e-14 -1.64e-14 -7.32e-15 -1.79e-15 -2.21e-16 -1.07e-17 -0.00e+00 -0.00e+00 -0.00e+00 -0.00e+00 -0.00e+00 -0.00e+00 -0.00e+00 -0.00e+00 -0.00e+00 -0.00e+00 -0.00e+00 -0.00e+00 -0.00e+00 -0.00e+00 -0.00e+00 -0.00e+00 -0.00e+00 -0.00e+00 -0.00e+00 -0.00e+00 -0.00e+00 -0.00e+00 -0.00e+00 -0.00e+00 0.00e+00 
-0.00e+00 0.00e+00 0.00e+00 0.00e+00 0.00e+00 0.00e+00 0.00e+00 0.00e+00 0.00e+00 0.00e+00 0.00e+00 0.00e+00 0.00e+00 0.00e+00 0.00e+00 0.00e+00 0.00e+00 0.00e+00 0.00e+00 0.00e+00 0.00e+00 0.00e+00 0.00e+00 0.00e+00 0.00e+00 1.07e-17 2.21e-16 1.79e-15 7.32e-15 1.64e-14 2.13e-14 1.64e-14 7.32e-15 1.79e-15 2.21e-16 1.07e-17 0.00e+00 0.00e+00 0.00e+00 0.00e+00 0.00e+00 0.00e+00 0.00e+00 0.00e+00 0.00e+00 0.00e+00 0.00e+00 0.00e+00 0.00e+00 0.00e+00 0.00e+00 0.00e+00 0.00e+00 0.00e+00 0.00e+00 0.00e+00 0.00e+00 0.00e+00 0.00e+00 0.00e+00 -0.00e+00 
-0.00e+00 0.00e+00 0.00e+00 0.00e+00 0.00e+00 0.00e+00 0.00e+00 0.00e+00 0.00e+00 0.00e+00 0.00e+00 0.00e+00 0.00e+00 0.00e+00 0.00e+00 0.00e+00 0.00e+00 0.00e+00 0.00e+00 0.00e+00 0.00e+00 0.00e+00 0.00e+00 0.00e+00 4.99e-17 1.25e-15 1.27e-14 6.80e-14 2.12e-13 4.07e-13 5.00e-13 4.07e-13 2.12e-13 6.80e-14 1.27e-14 1.25e-15 4.99e-17 0.00e+00 0.00e+00 0.00e+00 0.00e+00 0.00e+00 0.00e+00 0.00e+00 0.00e+00 0.00e+00 0.00e+00 0.00e+00 0.00e+00 0.00e+00 0.00e+00 0.00e+00 0.00e+00 0.00e+00 0.00e+00 0.00e+00 0.00e+00 0.00e+00 0.00e+00 0.00e+00 -0.00e+00 
-0.00e+00 0.00e+00 0.00e+00 0.00e+00 0.00e+00 0.00e+00 0.00e+00 0.00e+00 0.00e+00 0.00e+00 0.00e+00 0.00e+00 0.00e+00 0.00e+00 0.00e+00 0.00e+00 0.00e+00 0.00e+00 0.00e+00 0.00e+00 0.00e+00 0.00e+00 0.00e+00 1.92e-16 5.61e-15 6.81e-14 4.50e-13 1.80e-12 4.57e-12 7.77e-12 9.22e-12 7.77e-12 4.57e-12 1.80e-12 4.50e-13 6.81e-14 5.61e-15 1.92e-16 0.00e+00 0.00e+00 0.00e+00 0.00e+00 0.00e+00 0.00e+00 0.00e+00 0.00e+00 0.00e+00 0.00e+00 0.00e+00 0.00e+00 0.00e+00 0.00e+00 0.00e+00 0.00e+00 0.00e+00 0.00e+00 0.00e+00 0.00e+00 0.00e+00 0.00e+00 -0.00e+00 
-0.00e+00 0.00e+00 0.00e+00 0.00e+00 0.00e+00 0.00e+00 0.00e+00 0.00e+00 0.00e+00 0.00e+00 0.00e+00 0.00e+00 0.00e+00 0.00e+00 0.00e+00 0.00e+00 0.00e+00 0.00e+00 0.00e+00 0.00e+00 0.00e+00 0.00e+00 6.25e-16 2.08e-14 2.94e-13 2.31e-12 1.12e-11 3.57e-11 7.77e-11 1.21e-10 1.40e-10 1.21e-10 7.77e-11 3.57e-11 1.12e-11 2.31e-12 2.94e-13 2.08e-14 6.25e-16 0.00e+00 0.00e+00 0.00e+00 0.00e+00 0.00e+00 0.00e+00 0.00e+00 0.00e+00 0.00e+00 0.00e+00 0.00e+00 0.00e+00 0.00e+00 0.00e+00 0.00e+00 0.00e+00 0.00e+00 0.00e+00 0.00e+00 0.00e+00 0.00e+00 -0.00e+00 
-0.00e+00 0.00e+00 0.00e+00 0.00e+00 0.00e+00 0.00e+00 0.00e+00 0.00e+00 0.00e+00 0.00e+00 0.00e+00 0.00e+00 0.00e+00 0.00e+00 0.00e+00 0.00e+00 0.00e+00 0.00e+00 0.00e+00 0.00e+00 0.00e+00 1.74e-15 6.51e-14 1.05e-12 9.54e-12 5.46e-11 2.09e-10 5.54e-10 1.07e-09 1.55e-09 1.76e-09 1.55e-09 1.07e-09 5.54e-10 2.09e-10 5.46e-11 9.54e-12 1.05e-12 6.51e-14 1.74e-15 0.00e+00 0.00e+00 0.00e+00 0.00e+00 0.00e+00 0.00e+00 0.00e+00 0.00e+00 0.00e+00 0.00e+00 0.00e+00 0.00e+00 0.00e+00 0.00e+00 0.00e+00 0.00e+00 0.00e+00 0.00e+00 0.00e+00 0.00e+00 -0.00e+00 
-0.00e+00 0.00e+00 0.00e+00 0.00e+00 0.00e+00 0.00e+00 0.00e+00 0.00e+00 0.00e+00 0.00e+00 0.00e+00 0.00e+00 0.00e+00 0.00e+00 0.00e+00 0.00e+00 0.00e+00 0.00e+00 0.00e+00 0.00e+00 4.17e-15 1.73e-13 3.13e-12 3.25e-11 2.14e-10 9.56e-10 3.00e-09 6.89e-09 1.20e-08 1.66e-08 1.84e-08 1.66e-08 1.20e-08 6.89e-09 3.00e-09 9.56e-10 2.14e-10 3.25e-11 3.13e-12 1.73e-13 4.17e-15 0.00e+00 0.00e+00 0.00e+00 0.00e+00 0.00e+00 0.00e+00 0.00e+00 0.00e+00 0.00e+00 0.00e+00 0.00e+00 0.00e+00 0.00e+00 0.00e+00 0.00e+00 0.00e+00 0.00e+00 0.00e+00 0.00e+00 -0.00e+00 
-0.00e+00 0.00e+00 0.00e+00 0.00e+00 0.00e+00 0.00e+00 0.00e+00 0.00e+00 0.00e+00 0.00e+00 0.00e+00 0.00e+00 0.00e+00 0.00e+00 0.00e+00 0.00e+00 0.00e+00 0.00e+00 0.00e+00 8.71e-15 3.99e-13 7.99e-12 9.27e-11 6.93e-10 3.54e-09 1.28e-08 3.42e-08 6.95e-08 1.12e-07 1.48e-07 1.62e-07 1.48e-07 1.12e-07 6.95e-08 3.42e-08 1.28e-08 3.54e-09 6.93e-10 9.27e-11 7.99e-12 3.99e-13 8.71e-15 0.00e+00 0.00e+00 0.00e+00 0.00e+00 0.00e+00 0.00e+00 0.00e+00 0.00e+00 0.00e+00 0.00e+00 0.00e+00 0.00e+00 0.00e+00 0.00e+00 0.00e+00 0.00e+00 0.00e+00 0.00e+00 -0.00e+00 
-0.00e+00 0.00e+00 0.00e+00 0.00e+00 0.00e+00 0.00e+00 0.00e+00 0.00e+00 0.00e+00 0.00e+00 0.00e+00 0.00e+00 0.00e+00 0.00e+00 0.00e+00 0.00e+00 0.00e+00 0.00e+00 1.60e-14 7.97e-13 1.76e-11 2.26e-10 1.88e-09 1.08e-08 4.46e-08 1.35e-07 3.13e-07 5.75e-07 8.69e-07 1.10e-06 1.19e-06 1.10e-06 8.69e-07 5.75e-07 3.13e-07 1.35e-07 4.46e-08 1.08e-08 1.88e-09 2.26e-10 1.76e-11 7.97e-13 1.60e-14 0.00e+00 0.00e+00 0.00e+00 0.00e+00 0.00e+00 0.00e+00 0.00e+00 0.00e+00 0.00e+00 0.00e+00 0.00e+00 0.00e+00 0.00e+00 0.00e+00 0.00e+00 0.00e+00 0.00e+00 -0.00e+00 
-0.00e+00 0.00e+00 0.00e+00 0.00e+00 0.00e+00 0.00e+00 0.00e+00 0.00e+00 0.00e+00 0.00e+00 0.00e+00 0.00e+00 0.00e+00 0.00e+00 0.00e+00 0.00e+00 0.00e+00 2.58e-14 1.39e-12 3.35e-11 4.71e-10 4.35e-09 2.79e-08 1.28e-07 4.36e-07 1.13e-06 2.33e-06 3.93e-06 5.62e-06 6.91e-06 7.39e-06 6.91e-06 5.62e-06 3.93e-06 2.33e-06 1.13e-06 4.36e-07 1.28e-07 2.79e-08 4.35e-09 4.71e-10 3.35e-11 1.39e-12 2.58e-14 0.00e+00 0.00e+00 0.00e+00 0.00e+00 0.00e+00 0.00e+00 0.00e+00 0.00e+00 0.00e+00 0.00e+00 0.00e+00 0.00e+00 0.00e+00 0.00e+00 0.00e+00 0.00e+00 -0.00e+00 
-0.00e+00 0.00e+00 0.00e+00 0.00e+00 0.00e+00 0.00e+00 0.00e+00 0.00e+00 0.00e+00 0.00e+00 0.00e+00 0.00e+00 0.00e+00 0.00e+00 0.00e+00 0.00e+00 3.69e-14 2.14e-12 5.57e-11 8.54e-10 8.63e-09 6.09e-08 3.10e-07 1.17e-06 3.37e-06 7.65e-06 1.42e-05 2.23e-05 3.03e-05 3.62e-05 3.84e-05 3.62e-05 3.03e-05 2.23e-05 1.42e-05 7.65e-06 3.37e-06 1.17e-06 3.10e-07 6.09e-08 8.63e-09 8.54e-10 5.57e-11 2.14e-12 3.69e-14 0.00e+00 0.00e+00 0.00e+00 0.00e+00 0.00e+00 0.00e+00 0.00e+00 0.00e+00 0.00e+00 0.00e+00 0.00e+00 0.00e+00 0.00e+00 0.00e+00 0.00e+00 -0.00e+00 
-0.00e+00 0.00e+00 0.00e+00 0.00e+00 0.00e+00 0.00e+00 0.00e+00 0.00e+00 0.00e+00 0.00e+00 0.00e+00 0.00e+00 0.00e+00 0.00e+00 0.00e+00 4.67e-14 2.91e-12 8.12e-11 1.35e-09 1.48e-08 1.14e-07 6.37e-07 2.65e-06 8.38e-06 2.08e-05 4.18e-05 7.10e-05 1.05e-04 1.36e-04 1.59e-04 1.68e-04 1.59e-04 1.36e-04 1.05e-04 7.10e-05 4.18e-05 2.08e-05 8.38e-06 2.65e-06 6.37e-07 1.14e-07 1.48e-08 1.35e-09 8.12e-11 2.91e-12 4.67e-14 0.00e+00 0.00e+00 0.00e+00 0.00e+00 0.00e+00 0.00e+00 0.00e+00 0.00e+00 0.00e+00 0.00e+00 0.00e+00 0.00e+00 0.00e+00 0.00e+00 -0.00e+00 
-0.00e+00 0.00e+00 0.00e+00 0.00e+00 0.00e+00 0.00e+00 0.00e+00 0.00e+00 0.00e+00 0.00e+00 0.00e+00 0.00e+00 0.00e+00 0.00e+00 5.25e-14 3.49e-12 1.04e-10 1.86e-09 2.21e-08 1.84e-07 1.12e-06 5.09e-06 1.76e-05 4.72e-05 1.02e-04 1.86e-04 2.92e-04 4.09e-04 5.14e-04 5.89e-04 6.15e-04 5.89e-04 5.14e-04 4.09e-04 2.92e-04 1.86e-04 1.02e-04 4.72e-05 1.76e-05 5.09e-06 1.12e-06 1.84e-07 2.21e-08 1.86e-09 1.04e-10 3.49e-12 5.25e-14 0.00e+00 0.00e+00 0.00e+00 0.00e+00 0.00e+00 0.00e+00 0.00e+00 0.00e+00 0.00e+00 0.00e+00 0.00e+00 0.00e+00 0.00e+00 -0.00e+00 
-0.00e+00 0.00e+00 0.00e+00 0.00e+00 0.00e+00 0.00e+00 0.00e+00 0.00e+00 0.00e+00 0.00e+00 0.00e+00 0.00e+00 0.00e+00 5.25e-14 3.70e-12 1.18e-10 2.25e-09 2.87e-08 2.59e-07 1.70e-06 8.39e-06 3.14e-05 9.11e-05 2.11e-04 4.06e-04 6.75e-04 9.98e-04 1.33e-03 1.63e-03 1.83e-03 1.91e-03 1.83e-03 1.63e-03 1.33e-03 9.98e-04 6.75e-04 4.06e-04 2.11e-04 9.11e-05 3.14e-05 8.39e-06 1.70e-06 2.59e-07 2.87e-08 2.25e-09 1.18e-10 3.70e-12 5.25e-14 0.00e+00 0.00e+00 0.00e+00 0.00e+00 0.00e+00 0.00e+00 0.00e+00 0.00e+00 0.00e+00 0.00e+00 0.00e+00 0.00e+00 -0.00e+00 
-0.00e+00 0.00e+00 0.00e+00 0.00e+00 0.00e+00 0.00e+00 0.00e+00 0.00e+00 0.00e+00 0.00e+00 0.00e+00 0.00e+00 4.67e-14 3.48e-12 1.18e-10 2.39e-09 3.26e-08 3.16e-07 2.24e-06 1.19e-05 4.81e-05 1.50e-04 3.71e-04 7.53e-04 1.31e-03 2.03e-03 2.85e-03 3.67e-03 4.39e-03 4.88e-03 5.05e-03 4.88e-03 4.39e-03 3.67e-03 2.85e-03 2.03e-03 1.31e-03 7.53e-04 3.71e-04 1.50e-04 4.81e-05 1.19e-05 2.24e-06 3.16e-07 3.26e-08 2.39e-09 1.18e-10 3.48e-12 4.67e-14 0.00e+00 0.00e+00 0.00e+00 0.00e+00 0.00e+00 0.00e+00 0.00e+00 0.00e+00 0.00e+00 0.00e+00 0.00e+00 -0.00e+00 
-0.00e+00 0.00e+00 0.00e+00 0.00e+00 0.00e+00 0.00e+00 0.00e+00 0.00e+00 0.00e+00 0.00e+00 0.00e+00 3.69e-14 2.90e-12 1.04e-10 2.24e-09 3.25e-08 3.36e-07 2.55e-06 1.46e-05 6.33e-05 2.12e-04 5.58e-04 1.19e-03 2.16e-03 3.49e-03 5.12e-03 6.93e-03 8.73e-03 1.03e-02 1.13e-02 1.17e-02 1.13e-02 1.03e-02 8.73e-03 6.93e-03 5.12e-03 3.49e-03 2.16e-03 1.19e-03 5.58e-04 2.12e-04 6.33e-05 1.46e-05 2.55e-06 3.36e-07 3.25e-08 2.24e-09 1.04e-10 2.90e-12 3.69e-14 0.00e+00 0.00e+00 0.00e+00 0.00e+00 0.00e+00 0.00e+00 0.00e+00 0.00e+00 0.00e+00 0.00e+00 -0.00e+00 
-0.00e+00 0.00e+00 0.00e+00 0.00e+00 0.00e+00 0.00e+00 0.00e+00 0.00e+00 0.00e+00 0.00e+00 2.58e-14 2.13e-12 8.04e-11 1.84e-09 2.83e-08 3.11e-07 2.53e-06 1.55e-05 7.20e-05 2.58e-04 7.23e-04 1.63e-03 3.08e-03 5.15e-03 7.89e-03 1.12e-02 1.48e-02 1.84e-02 2.14e-02 2.34e-02 2.41e-02 2.34e-02 2.14e-02 1.84e-02 1.48e-02 1.12e-02 7.89e-03 5.15e-03 3.08e-03 1.63e-03 7.23e-04 2.58e-04 7.20e-05 1.55e-05 2.53e-06 3.11e-07 2.83e-08 1.84e-09 8.04e-11 2.13e-12 2.58e-14 0.00e+00 0.00e+00 0.00e+00 0.00e+00 0.00e+00 0.00e+00 0.00e+00 0.00e+00 0.00e+00 -0.00e+00 
-0.00e+00 0.00e+00 0.00e+00 0.00e+00 0.00e+00 0.00e+00 0.00e+00 0.00e+00 0.00e+00 1.60e-14 1.38e-12 5.49e-11 1.32e-09 2.15e-08 2.52e-07 2.18e-06 1.42e-05 7.08e-05 2.71e-04 8.10e-04 1.93e-03 3.80e-03 6.61e-03 1.06e-02 1.58e-02 2.20e-02 2.87e-02 3.53e-02 4.08e-02 4.45e-02 4.58e-02 4.45e-02 4.08e-02 3.53e-02 2.87e-02 2.20e-02 1.58e-02 1.06e-02 6.61e-03 3.80e-03 1.93e-03 8.10e-04 2.71e-04 7.08e-05 1.42e-05 2.18e-06 2.52e-07 2.15e-08 1.32e-09 5.49e-11 1.38e-12 1.60e-14 0.00e+00 0.00e+00 0.00e+00 0.00e+00 0.00e+00 0.00e+00 0.00e+00 0.00e+00 -0.00e+00 
-0.00e+00 0.00e+00 0.00e+00 0.00e+00 0.00e+00 0.00e+00 0.00e+00 0.00e+00 8.71e-15 7.90e-13 3.28e-11 8.31e-10 1.43e-08 1.77e-07 1.62e-06 1.13e-05 6.00e-05 2.46e-04 7.85e-04 1.98e-03 4.11e-03 7.46e-03 1.25e-02 1.96e-02 2.89e-02 3.97e-02 5.14e-02 6.26e-02 7.19e-02 7.80e-02 8.02e-02 7.80e-02 7.19e-02 6.26e-02 5.14e-02 3.97e-02 2.89e-02 1.96e-02 1.25e-02 7.46e-03 4.11e-03 1.98e-03 7.85e-04 2.46e-04 6.00e-05 1.13e-05 1.62e-06 1.77e-07 1.43e-08 8.31e-10 3.28e-11 7.90e-13 8.71e-15 0.00e+00 0.00e+00 0.00e+00 0.00e+00 0.00e+00 0.00e+00 0.00e+00 -0.00e+00 
-0.00e+00 0.00e+00 0.00e+00 0.00e+00 0.00e+00 0.00e+00 0.00e+00 4.17e-15 3.94e-13 1.72e-11 4.55e-10 8.23e-09 1.07e-07 1.05e-06 7.73e-06 4.39e-05 1.93e-04 6.58e-04 1.77e-03 3.90e-03 7.44e-03 1.31e-02 2.18e-02 3.38e-02 4.89e-02 6.65e-02 8.48e-02 1.02e-01 1.16e-01 1.26e-01 1.29e-01 1.26e-01 1.16e-01 1.02e-01 8.48e-02 6.65e-02 4.89e-02 3.38e-02 2.18e-02 1.31e-02 7.44e-03 3.90e-03 1.77e-03 6.58e-04 1.93e-04 4.39e-05 7.73e-06 1.05e-06 1.07e-07 8.23e-09 4.55e-10 1.72e-11 3.94e-13 4.17e-15 0.00e+00 0.00e+00 0.00e+00 0.00e+00 0.00e+00 0.00e+00 -0.00e+00 
-0.00e+00 0.00e+00 0.00e+00 0.00e+00 0.00e+00 0.00e+00 1.74e-15 1.71e-13 7.77e-12 2.16e-10 4.10e-09 5.63e-08 5.80e-07 4.55e-06 2.75e-05 1.29e-04 4.75e-04 1.38e-03 3.26e-03 6.60e-03 1.23e-02 2.15e-02 3.52e-02 5.35e-02 7.62e-02 1.02e-01 1.28e-01 1.53e-01 1.73e-01 1.86e-01 1.91e-01 1.86e-01 1.73e-01 1.53e-01 1.28e-01 1.02e-01 7.62e-02 5.35e-02 3.52e-02 2.15e-02 1.23e-02 6.60e-03 3.26e-03 1.38e-03 4.75e-04 1.29e-04 2.75e-05 4.55e-06 5.80e-07 5.63e-08 4.10e-09 2.16e-10 7.77e-12 1.71e-13 1.74e-15 0.00e+00 0.00e+00 0.00e+00 0.00e+00 0.00e+00 -0.00e+00 
-0.00e+00 0.00e+00 0.00e+00 0.00e+00 0.00e+00 6.25e-16 6.39e-14 3.02e-12 8.78e-11 1.75e-09 2.53e-08 2.74e-07 2.29e-06 1.48e-05 7.45e-05 2.95e-04 9.30e-04 2.38e-03 5.19e-03 1.02e-02 1.89e-02 3.26e-02 5.21e-02 7.78e-02 1.09e-01 1.43e-01 1.79e-01 2.11e-01 2.37e-01 2.54e-01 2.60e-01 2.54e-01 2.37e-01 2.11e-01 1.79e-01 1.43e-01 1.09e-01 7.78e-02 5.21e-02 3.26e-02 1.89e-02 1.02e-02 5.19e-03 2.38e-03 9.30e-04 2.95e-04 7.45e-05 1.48e-05 2.29e-06 2.74e-07 2.53e-08 1.75e-09 8.78e-11 3.02e-12 6.39e-14 6.25e-16 0.00e+00 0.00e+00 0.00e+00 0.00e+00 -0.00e+00 
-0.00e+00 0.00e+00 0.00e+00 0.00e+00 1.92e-16 2.04e-14 1.00e-12 3.03e-11 6.31e-10 9.59e-09 1.10e-07 9.71e-07 6.70e-06 3.64e-05 1.56e-04 5.38e-04 1.51e-03 3.58e-03 7.54e-03 1.47e-02 2.67e-02 4.50e-02 7.07e-02 1.04e-01 1.43e-01 1.86e-01 2.29e-01 2.68e-01 3.00e-01 3.21e-01 3.28e-01 3.21e-01 3.00e-01 2.68e-01 2.29e-01 1.86e-01 1.43e-01 1.04e-01 7.07e-02 4.50e-02 2.67e-02 1.47e-02 7.54e-03 3.58e-03 1.51e-03 5.38e-04 1.56e-04 3.64e-05 6.70e-06 9.71e-07 1.10e-07 9.59e-09 6.31e-10 3.03e-11 1.00e-12 2.04e-14 1.92e-16 0.00e+00 0.00e+00 0.00e+00 -0.00e+00 
-0.00e+00 0.00e+00 0.00e+00 4.99e-17 5.47e-15 2.79e-13 8.77e-12 1.91e-10 3.04e-09 3.68e-08 3.45e-07 2.55e-06 1.49e-05 7.00e-05 2.65e-04 8.23e-04 2.15e-03 4.88e-03 1.01e-02 1.93e-02 3.44e-02 5.71e-02 8.84e-02 1.28e-01 1.73e-01 2.22e-01 2.71e-01 3.17e-01 3.54e-01 3.80e-01 3.89e-01 3.80e-01 3.54e-01 3.17e-01 2.71e-01 2.22e-01 1.73e-01 1.28e-01 8.84e-02 5.71e-02 3.44e-02 1.93e-02 1.01e-02 4.88e-03 2.15e-03 8.23e-04 2.65e-04 7.00e-05 1.49e-05 2.55e-06 3.45e-07 3.68e-08 3.04e-09 1.91e-10 8.77e-12 2.79e-13 5.47e-15 4.99e-17 0.00e+00 0.00e+00 -0.00e+00 
-0.00e+00 0.00e+00 1.07e-17 1.21e-15 6.37e-14 2.08e-12 4.72e-11 7.89e-10 1.01e-08 1.01e-07 7.98e-07 5.07e-06 2.61e-05 1.10e-04 3.79e-04 1.10e-03 2.73e-03 6.03e-03 1.22e-02 2.31e-02 4.07e-02 6.64e-02 1.01e-01 1.44e-01 1.93e-01 2.46e-01 2.99e-01 3.50e-01 3.95e-01 4.28e-01 4.41e-01 4.28e-01 3.95e-01 3.50e-01 2.99e-01 2.46e-01 1.93e-01 1.44e-01 1.01e-01 6.64e-02 4.07e-02 2.31e-02 1.22e-02 6.03e-03 2.73e-03 1.10e-03 3.79e-04 1.10e-04 2.61e-05 5.07e-06 7.98e-07 1.01e-07 1.01e-08 7.89e-10 4.72e-11 2.08e-12 6.37e-14 1.21e-15 1.07e-17 0.00e+00 -0.00e+00 
-3.69e-18 3.69e-18 2.14e-16 1.16e-14 3.94e-13 9.31e-12 1.63e-10 2.21e-09 2.35e-08 2.01e-07 1.40e-06 7.94e-06 3.71e-05 1.44e-04 4.66e-04 1.29e-03 3.10e-03 6.72e-03 1.35e-02 2.52e-02 4.35e-02 7.00e-02 1.05e-01 1.48e-01 1.97e-01 2.51e-01 3.07e-01 3.66e-01 4.25e-01 4.74e-01 4.95e-01 4.74e-01 4.25e-01 3.66e-01 3.07e-01 2.51e-01 1.97e-01 1.48e-01 1.05e-01 7.00e-02 4.35e-02 2.52e-02 1.35e-02 6.72e-03 3.10e-03 1.29e-03 4.66e-04 1.44e-04 3.71e-05 7.94e-06 1.40e-06 2.01e-07 2.35e-08 2.21e-09 1.63e-10 9.31e-12 3.94e-13 1.16e-14 2.14e-16 1.84e-18 -1.84e-18 
-5.83e-17 5.83e-17 1.63e-15 5.70e-14 1.40e-12 2.59e-11 3.72e-10 4.26e-09 3.96e-08 3.02e-07 1.91e-06 9.99e-06 4.37e-05 1.60e-04 4.95e-04 1.32e-03 3.12e-03 6.68e-03 1.32e-02 2.44e-02 4.18e-02 6.65e-02 9.87e-02 1.38e-01 1.83e-01 2.34e-01 2.93e-01 3.64e-01 4.46e-01 5.30e-01 5.77e-01 5.30e-01 4.46e-01 3.64e-01 2.93e-01 2.34e-01 1.83e-01 1.38e-01 9.87e-02 6.65e-02 4.18e-02 2.44e-02 1.32e-02 6.68e-03 3.12e-03 1.32e-03 4.95e-04 1.60e-04 4.37e-05 9.99e-06 1.91e-06 3.02e-07 3.96e-08 4.26e-09 3.72e-10 2.59e-11 1.40e-12 5.70e-14 1.63e-15 2.89e-17 -2.89e-17 
-3.25e-16 3.25e-16 5.86e-15 1.50e-13 2.92e-12 4.49e-11 5.58e-10 5.71e-09 4.84e-08 3.42e-07 2.03e-06 1.00e-05 4.19e-05 1.48e-04 4.44e-04 1.16e-03 2.69e-03 5.71e-03 1.12e-02 2.05e-02 3.48e-02 5.49e-02 8.09e-02 1.13e-01 1.50e-01 1.95e-01 2.54e-01 3.36e-01 4.57e-01 6.16e-01 7.49e-01 6.16e-01 4.57e-01 3.36e-01 2.54e-01 1.95e-01 1.50e-01 1.13e-01 8.09e-02 5.49e-02 3.48e-02 2.05e-02 1.12e-02 5.71e-03 2.69e-03 1.16e-03 4.44e-04 1.48e-04 4.19e-05 1.00e-05 2.03e-06 3.42e-07 4.84e-08 5.71e-09 5.58e-10 4.49e-11 2.92e-12 1.50e-13 5.85e-15 1.60e-16 -1.60e-16 
-7.37e-16 7.37e-16 9.86e-15 2.04e-13 3.41e-12 4.67e-11 5.33e-10 5.09e-09 4.08e-08 2.76e-07 1.57e-06 7.51e-06 3.04e-05 1.05e-04 3.09e-04 7.94e-04 1.83e-03 3.86e-03 7.56e-03 1.37e-02 2.31e-02 3.63e-02 5.33e-02 7.41e-02 9.96e-02 1.33e-01 1.81e-01 2.65e-01 4.25e-01 7.32e-01 1.19e+00 7.32e-01 4.25e-01 2.65e-01 1.81e-01 1.33e-01 9.96e-02 7.41e-02 5.33e-02 3.63e-02 2.31e-02 1.37e-02 7.56e-03 3.86e-03 1.83e-03 7.94e-04 3.09e-04 1.05e-04 3.04e-05 7.51e-06 1.57e-06 2.76e-07 4.08e-08 5.09e-09 5.33e-10 4.67e-11 3.41e-12 2.04e-13 9.85e-15 3.59e-16 -3.59e-16 
-4.72e-16 4.72e-16 5.29e-15 9.88e-14 1.55e-12 2.03e-11 2.23e-10 2.06e-09 1.61e-08 1.06e-07 5.91e-07 2.79e-06 1.11e-05 3.78e-05 1.11e-04 2.84e-04 6.50e-04 1.36e-03 2.66e-03 4.83e-03 8.13e-03 1.27e-02 1.85e-02 2.59e-02 3.51e-02 4.78e-02 6.95e-02 1.17e-01 2.49e-01 7.04e-01 2.54e+00 7.04e-01 2.49e-01 1.17e-01 6.95e-02 4.78e-02 3.51e-02 2.59e-02 1.85e-02 1.27e-02 8.13e-03 4.83e-03 2.66e-03 1.36e-03 6.50e-04 2.84e-04 1.11e-04 3.78e-05 1.11e-05 2.79e-06 5.91e-07 1.06e-07 1.61e-08 2.06e-09 2.23e-10 2.03e-11 1.55e-12 9.88e-14 5.28e-15 2.27e-16 -2.27e-16 
4.72e-16 -4.72e-16 -5.29e-15 -9.88e-14 -1.55e-12 -2.03e-11 -2.23e-10 -2.06e-09 -1.61e-08 -1.06e-07 -5.91e-07 -2.79e-06 -1.11e-05 -3.78e-05 -1.11e-04 -2.84e-04 -6.50e-04 -1.36e-03 -2.66e-03 -4.83e-03 -8.13e-03 -1.27e-02 -1.85e-02 -2.59e-02 -3.51e-02 -4.78e-02 -6.95e-02 -1.17e-01 -2.49e-01 -7.04e-01 -2.54e+00 -7.04e-01 -2.49e-01 -1.17e-01 -6.95e-02 -4.78e-02 -3.51e-02 -2.59e-02 -1.85e-02 -1.27e-02 -8.13e-03 -4.83e-03 -2.66e-03 -1.36e-03 -6.50e-04 -2.84e-04 -1.11e-04 -3.78e-05 -1.11e-05 -2.79e-06 -5.91e-07 -1.06e-07 -1.61e-08 -2.06e-09 -2.23e-10 -2.03e-11 -1.55e-12 -9.88e-14 -5.28e-15 -2.27e-16 2.27e-16 
7.37e-16 -7.37e-16 -9.86e-15 -2.04e-13 -3.41e-12 -4.67e-11 -5.33e-10 -5.09e-09 -4.08e-08 -2.76e-07 -1.57e-06 -7.51e-06 -3.04e-05 -1.05e-04 -3.09e-04 -7.94e-04 -1.83e-03 -3.86e-03 -7.56e-03 -1.37e-02 -2.31e-02 -3.63e-02 -5.33e-02 -7.41e-02 -9.96e-02 -1.33e-01 -1.81e-01 -2.65e-01 -4.25e-01 -7.32e-01 -1.19e+00 -7.32e-01 -4.25e-01 -2.65e-01 -1.81e-01 -1.33e-01 -9.96e-02 -7.41e-02 -5.33e-02 -3.63e-02 -2.31e-02 -1.37e-02 -7.56e-03 -3.86e-03 -1.83e-03 -7.94e-04 -3.09e-04 -1.05e-04 -3.04e-05 -7.51e-06 -1.57e-06 -2.76e-07 -4.08e-08 -5.09e-09 -5.33e-10 -4.67e-11 -3.41e-12 -2.04e-13 -9.85e-15 -3.59e-16 3.59e-16 
3.25e-16 -3.25e-16 -5.86e-15 -1.50e-13 -2.92e-12 -4.49e-11 -5.58e-10 -5.71e-09 -4.84e-08 -3.42e-07 -2.03e-06 -1.00e-05 -4.19e-05 -1.48e-04 -4.44e-04 -1.16e-03 -2.69e-03 -5.71e-03 -1.12e-02 -2.05e-02 -3.48e-02 -5.49e-02 -8.09e-02 -1.13e-01 -1.50e-01 -1.95e-01 -2.54e-01 -3.36e-01 -4.57e-01 -6.16e-01 -7.49e-01 -6.16e-01 -4.57e-01 -3.36e-01 -2.54e-01 -1.95e-01 -1.50e-01 -1.13e-01 -8.09e-02 -5.49e-02 -3.48e-02 -2.05e-02 -1.12e-02 -5.71e-03 -2.69e-03 -1.16e-03 -4.44e-04 -1.48e-04 -4.19e-05 -1.00e-05 -2.03e-06 -3.42e-07 -4.84e-08 -5.71e-09 -5.58e-10 -4.49e-11 -2.92e-12 -1.50e-13 -5.85e-15 -1.60e-16 1.60e-16 
5.83e-17 -5.83e-17 -1.63e-15 -5.70e-14 -1.40e-12 -2.59e-11 -3.72e-10 -4.26e-09 -3.96e-08 -3.02e-07 -1.91e-06 -9.99e-06 -4.37e-05 -1.60e-04 -4.95e-04 -1.32e-03 -3.12e-03 -6.68e-03 -1.32e-02 -2.44e-02 -4.18e-02 -6.65e-02 -9.87e-02 -1.38e-01 -1.83e-01 -2.34e-01 -2.93e-01 -3.64e-01 -4.46e-01 -5.30e-01 -5.77e-01 -5.30e-01 -4.46e-01 -3.64e-01 -2.93e-01 -2.34e-01 -1.83e-01 -1.38e-01 -9.87e-02 -6.65e-02 -4.18e-02 -2.44e-02 -1.32e-02 -6.68e-03 -3.12e-03 -1.32e-03 -4.95e-04 -1.60e-04 -4.37e-05 -9.99e-06 -1.91e-06 -3.02e-07 -3.96e-08 -4.26e-09 -3.72e-10 -2.59e-11 -1.40e-12 -5.70e-14 -1.63e-15 -2.89e-17 2.89e-17 
3.69e-18 -3.69e-18 -2.14e-16 -1.16e-14 -3.94e-13 -9.31e-12 -1.63e-10 -2.21e-09 -2.35e-08 -2.01e-07 -1.40e-06 -7.94e-06 -3.71e-05 -1.44e-04 -4.66e-04 -1.29e-03 -3.10e-03 -6.72e-03 -1.35e-02 -2.52e-02 -4.35e-02 -7.00e-02 -1.05e-01 -1.48e-01 -1.97e-01 -2.51e-01 -3.07e-01 -3.66e-01 -4.25e-01 -4.74e-01 -4.95e-01 -4.74e-01 -4.25e-01 -3.66e-01 -3.07e-01 -2.51e-01 -1.97e-01 -1.48e-01 -1.05e-01 -7.00e-02 -4.35e-02 -2.52e-02 -1.35e-02 -6.72e-03 -3.10e-03 -1.29e-03 -4.66e-04 -1.44e-04 -3.71e-05 -7.94e-06 -1.40e-06 -2.01e-07 -2.35e-08 -2.21e-09 -1.63e-10 -9.31e-12 -3.94e-13 -1.16e-14 -2.14e-16 -1.84e-18 1.84e-18 
-0.00e+00 0.00e+00 -1.07e-17 -1.21e-15 -6.37e-14 -2.08e-12 -4.72e-11 -7.89e-10 -1.01e-08 -1.01e-07 -7.98e-07 -5.07e-06 -2.61e-05 -1.10e-04 -3.79e-04 -1.10e-03 -2.73e-03 -6.03e-03 -1.22e-02 -2.31e-02 -4.07e-02 -6.64e-02 -1.01e-01 -1.44e-01 -1.93e-01 -2.46e-01 -2.99e-01 -3.50e-01 -3.95e-01 -4.28e-01 -4.41e-01 -4.28e-01 -3.95e-01 -3.50e-01 -2.99e-01 -2.46e-01 -1.93e-01 -1.44e-01 -1.01e-01 -6.64e-02 -4.07e-02 -2.31e-02 -1.22e-02 -6.03e-03 -2.73e-03 -1.10e-03 -3.79e-04 -1.10e-04 -2.61e-05 -5.07e-06 -7.98e-07 -1.01e-07 -1.01e-08 -7.89e-10 -4.72e-11 -2.08e-12 -6.37e-14 -1.21e-15 -1.07e-17 0.00e+00 -0.00e+00 
-0.00e+00 0.00e+00 0.00e+00 -4.99e-17 -5.47e-15 -2.79e-13 -8.77e-12 -1.91e-10 -3.04e-09 -3.68e-08 -3.45e-07 -2.55e-06 -1.49e-05 -7.00e-05 -2.65e-04 -8.23e-04 -2.15e-03 -4.88e-03 -1.01e-02 -1.93e-02 -3.44e-02 -5.71e-02 -8.84e-02 -1.28e-01 -1.73e-01 -2.22e-01 -2.71e-01 -3.17e-01 -3.54e-01 -3.80e-01 -3.89e-01 -3.80e-01 -3.54e-01 -3.17e-01 -2.71e-01 -2.22e-01 -1.73e-01 -1.28e-01 -8.84e-02 -5.71e-02 -3.44e-02 -1.93e-02 -1.01e-02 -4.88e-03 -2.15e-03 -8.23e-04 -2.65e-04 -7.00e-05 -1.49e-05 -2.55e-06 -3.45e-07 -3.68e-08 -3.04e-09 -1.91e-10 -8.77e-12 -2.79e-13 -5.47e-15 -4.99e-17 0.00e+00 0.00e+00 -0.00e+00 
-0.00e+00 0.00e+00 0.00e+00 0.00e+00 -1.92e-16 -2.04e-14 -1.00e-12 -3.03e-11 -6.31e-10 -9.59e-09 -1.10e-07 -9.71e-07 -6.70e-06 -3.64e-05 -1.56e-04 -5.38e-04 -1.51e-03 -3.58e-03 -7.54e-03 -1.47e-02 -2.67e-02 -4.50e-02 -7.07e-02 -1.04e-01 -1.43e-01 -1.86e-01 -2.29e-01 -2.68e-01 -3.00e-01 -3.21e-01 -3.28e-01 -3.21e-01 -3.00e-01 -2.68e-01 -2.29e-01 -1.86e-01 -1.43e-01 -1.04e-01 -7.07e-02 -4.50e-02 -2.67e-02 -1.47e-02 -7.54e-03 -3.58e-03 -1.51e-03 -5.38e-04 -1.56e-04 -3.64e-05 -6.70e-06 -9.71e-07 -1.10e-07 -9.59e-09 -6.31e-10 -3.03e-11 -1.00e-12 -2.04e-14 -1.92e-16 0.00e+00 0.00e+00 0.00e+00 -0.00e+00 
-0.00e+00 0.00e+00 0.00e+00 0.00e+00 0.00e+00 -6.25e-16 -6.39e-14 -3.02e-12 -8.78e-11 -1.75e-09 -2.53e-08 -2.74e-07 -2.29e-06 -1.48e-05 -7.45e-05 -2.95e-04 -9.30e-04 -2.38e-03 -5.19e-03 -1.02e-02 -1.89e-02 -3.26e-02 -5.21e-02 -7.78e-02 -1.09e-01 -1.43e-01 -1.79e-01 -2.11e-01 -2.37e-01 -2.54e-01 -2.60e-01 -2.54e-01 -2.37e-01 -2.11e-01 -1.79e-01 -1.43e-01 -1.09e-01 -7.78e-02 -5.21e-02 -3.26e-02 -1.89e-02 -1.02e-02 -5.19e-03 -2.38e-03 -9.30e-04 -2.95e-04 -7.45e-05 -1.48e-05 -2.29e-06 -2.74e-07 -2.53e-08 -1.75e-09 -8.78e-11 -3.02e-12 -6.39e-14 -6.25e-16 0.00e+00 0.00e+00 0.00e+00 0.00e+00 -0.00e+00 
-0.00e+00 0.00e+00 0.00e+00 0.00e+00 0.00e+00 0.00e+00 -1.74e-15 -1.71e-13 -7.77e-12 -2.16e-10 -4.10e-09 -5.63e-08 -5.80e-07 -4.55e-06 -2.75e-05 -1.29e-04 -4.75e-04 -1.38e-03 -3.26e-03 -6.60e-03 -1.23e-02 -2.15e-02 -3.52e-02 -5.35e-02 -7.62e-02 -1.02e-01 -1.28e-01 -1.53e-01 -1.73e-01 -1.86e-01 -1.91e-01 -1.86e-01 -1.73e-01 -1.53e-01 -1.28e-01 -1.02e-01 -7.62e-02 -5.35e-02 -3.52e-02 -2.15e-02 -1.23e-02 -6.60e-03 -3.26e-03 -1.38e-03 -4.75e-04 -1.29e-04 -2.75e-05 -4.55e-06 -5.80e-07 -5.63e-08 -4.10e-09 -2.16e-10 -7.77e-12 -1.71e-13 -1.74e-15 0.00e+00 0.00e+00 0.00e+00 0.00e+00 0.00e+00 -0.00e+00 
-0.00e+00 0.00e+00 0.00e+00 0.00e+00 0.00e+00 0.00e+00 0.00e+00 -4.17e-15 -3.94e-13 -1.72e-11 -4.55e-10 -8.23e-09 -1.07e-07 -1.05e-06 -7.73e-06 -4.39e-05 -1.93e-04 -6.58e-04 -1.77e-03 -3.90e-03 -7.44e-03 -1.31e-02 -2.18e-02 -3.38e-02 -4.89e-02 -6.65e-02 -8.48e-02 -1.02e-01 -1.16e-01 -1.26e-01 -1.29e-01 -1.26e-01 -1.16e-01 -1.02e-01 -8.48e-02 -6.65e-02 -4.89e-02 -3.38e-02 -2.18e-02 -1.31e-02 -7.44e-03 -3.90e-03 -1.77e-03 -6.58e-04 -1.93e-04 -4.39e-05 -7.73e-06 -1.05e-06 -1.07e-07 -8.23e-09 -4.55e-10 -1.72e-11 -3.94e-13 -4.17e-15 0.00e+00 0.00e+00 0.00e+00 0.00e+00 0.00e+00 0.00e+00 -0.00e+00 
-0.00e+00 0.00e+00 0.00e+00 0.00e+00 0.00e+00 0.00e+00 0.00e+00 0.00e+00 -8.71e-15 -7.90e-13 -3.28e-11 -8.31e-10 -1.43e-08 -1.77e-07 -1.62e-06 -1.13e-05 -6.00e-05 -2.46e-04 -7.85e-04 -1.98e-03 -4.11e-03 -7.46e-03 -1.25e-02 -1.96e-02 -2.89e-02 -3.97e-02 -5.14e-02 -6.26e-02 -7.19e-02 -7.80e-02 -8.02e-02 -7.80e-02 -7.19e-02 -6.26e-02 -5.14e-02 -3.97e-02 -2.89e-02 -1.96e-02 -1.25e-02 -7.46e-03 -4.11e-03 -1.98e-03 -7.85e-04 -2.46e-04 -6.00e-05 -1.13e-05 -1.62e-06 -1.77e-07 -1.43e-08 -8.31e-10 -3.28e-11 -7.90e-13 -8.71e-15 0.00e+00 0.00e+00 0.00e+00 0.00e+00 0.00e+00 0.00e+00 0.00e+00 -0.00e+00 
-0.00e+00 0.00e+00 0.00e+00 0.00e+00 0.00e+00 0.00e+00 0.00e+00 0.00e+00 0.00e+00 -1.60e-14 -1.38e-12 -5.49e-11 -1.32e-09 -2.15e-08 -2.52e-07 -2.18e-06 -1.42e-05 -7.08e-05 -2.71e-04 -8.10e-04 -1.93e-03 -3.80e-03 -6.61e-03 -1.06e-02 -1.58e-02 -2.20e-02 -2.87e-02 -3.53e-02 -4.08e-02 -4.45e-02 -4.58e-02 -4.45e-02 -4.08e-02 -3.53e-02 -2.87e-02 -2.20e-02 -1.58e-02 -1.06e-02 -6.61e-03 -3.80e-03 -1.93e-03 -8.10e-04 -2.71e-04 -7.08e-05 -1.42e-05 -2.18e-06 -2.52e-07 -2.15e-08 -1.32e-09 -5.49e-11 -1.38e-12 -1.60e-14 0.00e+00 0.00e+00 0.00e+00 0.00e+00 0.00e+00 0.00e+00 0.00e+00 0.00e+00 -0.00e+00 
-0.00e+00 0.00e+00 0.00e+00 0.00e+00 0.00e+00 0.00e+00 0.00e+00 0.00e+00 0.00e+00 0.00e+00 -2.58e-14 -2.13e-12 -8.04e-11 -1.84e-09 -2.83e-08 -3.11e-07 -2.53e-06 -1.55e-05 -7.20e-05 -2.58e-04 -7.23e-04 -1.63e-03 -3.08e-03 -5.15e-03 -7.89e-03 -1.12e-02 -1.48e-02 -1.84e-02 -2.14e-02 -2.34e-02 -2.41e-02 -2.34e-02 -2.14e-02 -1.84e-02 -1.48e-02 -1.12e-02 -7.89e-03 -5.15e-03 -3.08e-03 -1.63e-03 -7.23e-04 -2.58e-04 -7.20e-05 -1.55e-05 -2.53e-06 -3.11e-07 -2.83e-08 -1.84e-09 -8.04e-11 -2.13e-12 -2.58e-14 0.00e+00 0.00e+00 0.00e+00 0.00e+00 0.00e+00 0.00e+00 0.00e+00 0.00e+00 0.00e+00 -0.00e+00 
-0.00e+00 0.00e+00 0.00e+00 0.00e+00 0.00e+00 0.00e+00 0.00e+00 0.00e+00 0.00e+00 0.00e+00 0.00e+00 -3.69e-14 -2.90e-12 -1.04e-10 -2.24e-09 -3.25e-08 -3.36e-07 -2.55e-06 -1.46e-05 -6.33e-05 -2.12e-04 -5.58e-04 -1.19e-03 -2.16e-03 -3.49e-03 -5.12e-03 -6.93e-03 -8.73e-03 -1.03e-02 -1.13e-02 -1.17e-02 -1.13e-02 -1.03e-02 -8.73e-03 -6.93e-03 -5.12e-03 -3.49e-03 -2.16e-03 -1.19e-03 -5.58e-04 -2.12e-04 -6.33e-05 -1.46e-05 -2.55e-06 -3.36e-07 -3.25e-08 -2.24e-09 -1.04e-10 -2.90e-12 -3.69e-14 0.00e+00 0.00e+00 0.00e+00 0.00e+00 0.00e+00 0.00e+00 0.00e+00 0.00e+00 0.00e+00 0.00e+00 -0.00e+00 
-0.00e+00 0.00e+00 0.00e+00 0.00e+00 0.00e+00 0.00e+00 0.00e+00 0.00e+00 0.00e+00 0.00e+00 0.00e+00 0.00e+00 -4.67e-14 -3.48e-12 -1.18e-10 -2.39e-09 -3.26e-08 -3.16e-07 -2.24e-06 -1.19e-05 -4.81e-05 -1.50e-04 -3.71e-04 -7.53e-04 -1.31e-03 -2.03e-03 -2.85e-03 -3.67e-03 -4.39e-03 -4.88e-03 -5.05e-03 -4.88e-03 -4.39e-03 -3.67e-03 -2.85e-03 -2.03e-03 -1.31e-03 -7.53e-04 -3.71e-04 -1.50e-04 -4.81e-05 -1.19e-05 -2.24e-06 -3.16e-07 -3.26e-08 -2.39e-09 -1.18e-10 -3.48e-12 -4.67e-14 0.00e+00 0.00e+00 0.00e+00 0.00e+00 0.00e+00 0.00e+00 0.00e+00 0.00e+00 0.00e+00 0.00e+00 0.00e+00 -0.00e+00 
-0.00e+00 0.00e+00 0.00e+00 0.00e+00 0.00e+00 0.00e+00 0.00e+00 0.00e+00 0.00e+00 0.00e+00 0.00e+00 0.00e+00 0.00e+00 -5.25e-14 -3.70e-12 -1.18e-10 -2.25e-09 -2.87e-08 -2.59e-07 -1.70e-06 -8.39e-06 -3.14e-05 -9.11e-05 -2.11e-04 -4.06e-04 -6.75e-04 -9.98e-04 -1.33e-03 -1.63e-03 -1.83e-03 -1.91e-03 -1.83e-03 -1.63e-03 -1.33e-03 -9.98e-04 -6.75e-04 -4.06e-04 -2.11e-04 -9.11e-05 -3.14e-05 -8.39e-06 -1.70e-06 -2.59e-07 -2.87e-08 -2.25e-09 -1.18e-10 -3.70e-12 -5.25e-14 0.00e+00 0.00e+00 0.00e+00 0.00e+00 0.00e+00 0.00e+00 0.00e+00 0.00e+00 0.00e+00 0.00e+00 0.00e+00 0.00e+00 -0.00e+00 
-0.00e+00 0.00e+00 0.00e+00 0.00e+00 0.00e+00 0.00e+00 0.00e+00 0.00e+00 0.00e+00 0.00e+00 0.00e+00 0.00e+00 0.00e+00 0.00e+00 -5.25e-14 -3.49e-12 -1.04e-10 -1.86e-09 -2.21e-08 -1.84e-07 -1.12e-06 -5.09e-06 -1.76e-05 -4.72e-05 -1.02e-04 -1.86e-04 -2.92e-04 -4.09e-04 -5.14e-04 -5.89e-04 -6.15e-04 -5.89e-04 -5.14e-04 -4.09e-04 -2.92e-04 -1.86e-04 -1.02e-04 -4.72e-05 -1.76e-05 -5.09e-06 -1.12e-06 -1.84e-07 -2.21e-08 -1.86e-09 -1.04e-10 -3.49e-12 -5.25e-14 0.00e+00 0.00e+00 0.00e+00 0.00e+00 0.00e+00 0.00e+00 0.00e+00 0.00e+00 0.00e+00 0.00e+00 0.00e+00 0.00e+00 0.00e+00 -0.00e+00 
-0.00e+00 0.00e+00 0.00e+00 0.00e+00 0.00e+00 0.00e+00 0.00e+00 0.00e+00 0.00e+00 0.00e+00 0.00e+00 0.00e+00 0.00e+00 0.00e+00 0.00e+00 -4.67e-14 -2.91e-12 -8.12e-11 -1.35e-09 -1.48e-08 -1.14e-07 -6.37e-07 -2.65e-06 -8.38e-06 -2.08e-05 -4.18e-05 -7.10e-05 -1.05e-04 -1.36e-04 -1.59e-04 -1.68e-04 -1.59e-04 -1.36e-04 -1.05e-04 -7.10e-05 -4.18e-05 -2.08e-05 -8.38e-06 -2.65e-06 -6.37e-07 -1.14e-07 -1.48e-08 -1.35e-09 -8.12e-11 -2.91e-12 -4.67e-14 0.00e+00 0.00e+00 0.00e+00 0.00e+00 0.00e+00 0.00e+00 0.00e+00 0.00e+00 0.00e+00 0.00e+00 0.00e+00 0.00e+00 0.00e+00 0.00e+00 -0.00e+00 
-0.00e+00 0.00e+00 0.00e+00 0.00e+00 0.00e+00 0.00e+00 0.00e+00 0.00e+00 0.00e+00 0.00e+00 0.00e+00 0.00e+00 0.00e+00 0.00e+00 0.00e+00 0.00e+00 -3.69e-14 -2.14e-12 -5.57e-11 -8.54e-10 -8.63e-09 -6.09e-08 -3.10e-07 -1.17e-06 -3.37e-06 -7.65e-06 -1.42e-05 -2.23e-05 -3.03e-05 -3.62e-05 -3.84e-05 -3.62e-05 -3.03e-05 -2.23e-05 -1.42e-05 -7.65e-06 -3.37e-06 -1.17e-06 -3.10e-07 -6.09e-08 -8.63e-09 -8.54e-10 -5.57e-11 -2.14e-12 -3.69e-14 0.00e+00 0.00e+00 0.00e+00 0.00e+00 0.00e+00 0.00e+00 0.00e+00 0.00e+00 0.00e+00 0.00e+00 0.00e+00 0.00e+00 0.00e+00 0.00e+00 0.00e+00 -0.00e+00 
-0.00e+00 0.00e+00 0.00e+00 0.00e+00 0.00e+00 0.00e+00 0.00e+00 0.00e+00 0.00e+00 0.00e+00 0.00e+00 0.00e+00 0.00e+00 0.00e+00 0.00e+00 0.00e+00 0.00e+00 -2.58e-14 -1.39e-12 -3.35e-11 -4.71e-10 -4.35e-09 -2.79e-08 -1.28e-07 -4.36e-07 -1.13e-06 -2.33e-06 -3.93e-06 -5.62e-06 -6.91e-06 -7.39e-06 -6.91e-06 -5.62e-06 -3.93e-06 -2.33e-06 -1.13e-06 -4.36e-07 -1.28e-07 -2.79e-08 -4.35e-09 -4.71e-10 -3.35e-11 -1.39e-12 -2.58e-14 0.00e+00 0.00e+00 0.00e+00 0.00e+00 0.00e+00 0.00e+00 0.00e+00 0.00e+00 0.00e+00 0.00e+00 0.00e+00 0.00e+00 0.00e+00 0.00e+00 0.00e+00 0.00e+00 -0.00e+00 
-0.00e+00 0.00e+00 0.00e+00 0.00e+00 0.00e+00 0.00e+00 0.00e+00 0.00e+00 0.00e+00 0.00e+00 0.00e+00 0.00e+00 0.00e+00 0.00e+00 0.00e+00 0.00e+00 0.00e+00 0.00e+00 -1.60e-14 -7.97e-13 -1.76e-11 -2.26e-10 -1.88e-09 -1.08e-08 -4.46e-08 -1.35e-07 -3.13e-07 -5.75e-07 -8.69e-07 -1.10e-06 -1.19e-06 -1.10e-06 -8.69e-07 -5.75e-07 -3.13e-07 -1.35e-07 -4.46e-08 -1.08e-08 -1.88e-09 -2.26e-10 -1.76e-11 -7.97e-13 -1.60e-14 0.00e+00 0.00e+00 0.00e+00 0.00e+00 0.00e+00 0.00e+00 0.00e+00 0.00e+00 0.00e+00 0.00e+00 0.00e+00 0.00e+00 0.00e+00 0.00e+00 0.00e+00 0.00e+00 0.00e+00 -0.00e+00 
-0.00e+00 0.00e+00 0.00e+00 0.00e+00 0.00e+00 0.00e+00 0.00e+00 0.00e+00 0.00e+00 0.00e+00 0.00e+00 0.00e+00 0.00e+00 0.00e+00 0.00e+00 0.00e+00 0.00e+00 0.00e+00 0.00e+00 -8.71e-15 -3.99e-13 -7.99e-12 -9.27e-11 -6.93e-10 -3.54e-09 -1.28e-08 -3.42e-08 -6.95e-08 -1.12e-07 -1.48e-07 -1.62e-07 -1.48e-07 -1.12e-07 -6.95e-08 -3.42e-08 -1.28e-08 -3.54e-09 -6.93e-10 -9.27e-11 -7.99e-12 -3.99e-13 -8.71e-15 0.00e+00 0.00e+00 0.00e+00 0.00e+00 0.00e+00 0.00e+00 0.00e+00 0.00e+00 0.00e+00 0.00e+00 0.00e+00 0.00e+00 0.00e+00 0.00e+00 0.00e+00 0.00e+00 0.00e+00 0.00e+00 -0.00e+00 
-0.00e+00 0.00e+00 0.00e+00 0.00e+00 0.00e+00 0.00e+00 0.00e+00 0.00e+00 0.00e+00 0.00e+00 0.00e+00 0.00e+00 0.00e+00 0.00e+00 0.00e+00 0.00e+00 0.00e+00 0.00e+00 0.00e+00 0.00e+00 -4.17e-15 -1.73e-13 -3.13e-12 -3.25e-11 -2.14e-10 -9.56e-10 -3.00e-09 -6.89e-09 -1.20e-08 -1.66e-08 -1.84e-08 -1.66e-08 -1.20e-08 -6.89e-09 -3.00e-09 -9.56e-10 -2.14e-10 -3.25e-11 -3.13e-12 -1.73e-13 -4.17e-15 0.00e+00 0.00e+00 0.00e+00 0.00e+00 0.00e+00 0.00e+00 0.00e+00 0.00e+00 0.00e+00 0.00e+00 0.00e+00 0.00e+00 0.00e+00 0.00e+00 0.00e+00 0.00e+00 0.00e+00 0.00e+00 0.00e+00 -0.00e+00 
-0.00e+00 0.00e+00 0.00e+00 0.00e+00 0.00e+00 0.00e+00 0.00e+00 0.00e+00 0.00e+00 0.00e+00 0.00e+00 0.00e+00 0.00e+00 0.00e+00 0.00e+00 0.00e+00 0.00e+00 0.00e+00 0.00e+00 0.00e+00 0.00e+00 -1.74e-15 -6.51e-14 -1.05e-12 -9.54e-12 -5.46e-11 -2.09e-10 -5.54e-10 -1.07e-09 -1.55e-09 -1.76e-09 -1.55e-09 -1.07e-09 -5.54e-10 -2.09e-10 -5.46e-11 -9.54e-12 -1.05e-12 -6.51e-14 -1.74e-15 0.00e+00 0.00e+00 0.00e+00 0.00e+00 0.00e+00 0.00e+00 0.00e+00 0.00e+00 0.00e+00 0.00e+00 0.00e+00 0.00e+00 0.00e+00 0.00e+00 0.00e+00 0.00e+00 0.00e+00 0.00e+00 0.00e+00 0.00e+00 -0.00e+00 
-0.00e+00 0.00e+00 0.00e+00 0.00e+00 0.00e+00 0.00e+00 0.00e+00 0.00e+00 0.00e+00 0.00e+00 0.00e+00 0.00e+00 0.00e+00 0.00e+00 0.00e+00 0.00e+00 0.00e+00 0.00e+00 0.00e+00 0.00e+00 0.00e+00 0.00e+00 -6.25e-16 -2.08e-14 -2.94e-13 -2.31e-12 -1.12e-11 -3.57e-11 -7.77e-11 -1.21e-10 -1.40e-10 -1.21e-10 -7.77e-11 -3.57e-11 -1.12e-11 -2.31e-12 -2.94e-13 -2.08e-14 -6.25e-16 0.00e+00 0.00e+00 0.00e+00 0.00e+00 0.00e+00 0.00e+00 0.00e+00 0.00e+00 0.00e+00 0.00e+00 0.00e+00 0.00e+00 0.00e+00 0.00e+00 0.00e+00 0.00e+00 0.00e+00 0.00e+00 0.00e+00 0.00e+00 0.00e+00 -0.00e+00 
-0.00e+00 0.00e+00 0.00e+00 0.00e+00 0.00e+00 0.00e+00 0.00e+00 0.00e+00 0.00e+00 0.00e+00 0.00e+00 0.00e+00 0.00e+00 0.00e+00 0.00e+00 0.00e+00 0.00e+00 0.00e+00 0.00e+00 0.00e+00 0.00e+00 0.00e+00 0.00e+00 -1.92e-16 -5.61e-15 -6.81e-14 -4.50e-13 -1.80e-12 -4.57e-12 -7.77e-12 -9.22e-12 -7.77e-12 -4.57e-12 -1.80e-12 -4.50e-13 -6.81e-14 -5.61e-15 -1.92e-16 0.00e+00 0.00e+00 0.00e+00 0.00e+00 0.00e+00 0.00e+00 0.00e+00 0.00e+00 0.00e+00 0.00e+00 0.00e+00 0.00e+00 0.00e+00 0.00e+00 0.00e+00 0.00e+00 0.00e+00 0.00e+00 0.00e+00 0.00e+00 0.00e+00 0.00e+00 -0.00e+00 
-0.00e+00 0.00e+00 0.00e+00 0.00e+00 0.00e+00 0.00e+00 0.00e+00 0.00e+00 0.00e+00 0.00e+00 0.00e+00 0.00e+00 0.00e+00 0.00e+00 0.00e+00 0.00e+00 0.00e+00 0.00e+00 0.00e+00 0.00e+00 0.00e+00 0.00e+00 0.00e+00 0.00e+00 -4.99e-17 -1.25e-15 -1.27e-14 -6.80e-14 -2.12e-13 -4.07e-13 -5.00e-13 -4.07e-13 -2.12e-13 -6.80e-14 -1.27e-14 -1.25e-15 -4.99e-17 0.00e+00 0.00e+00 0.00e+00 0.00e+00 0.00e+00 0.00e+00 0.00e+00 0.00e+00 0.00e+00 0.00e+00 0.00e+00 0.00e+00 0.00e+00 0.00e+00 0.00e+00 0.00e+00 0.00e+00 0.00e+00 0.00e+00 0.00e+00 0.00e+00 0.00e+00 0.00e+00 -0.00e+00 
-0.00e+00 0.00e+00 0.00e+00 0.00e+00 0.00e+00 0.00e+00 0.00e+00 0.00e+00 0.00e+00 0.00e+00 0.00e+00 0.00e+00 0.00e+00 0.00e+00 0.00e+00 0.00e+00 0.00e+00 0.00e+00 0.00e+00 0.00e+00 0.00e+00 0.00e+00 0.00e+00 0.00e+00 0.00e+00 -1.07e-17 -2.23e-16 -1.82e-15 -7.51e-15 -1.70e-14 -2.21e-14 -1.70e-14 -7.51e-15 -1.82e-15 -2.23e-16 -1.07e-17 0.00e+00 0.00e+00 0.00e+00 0.00e+00 0.00e+00 0.00e+00 0.00e+00 0.00e+00 0.00e+00 0.00e+00 0.00e+00 0.00e+00 0.00e+00 0.00e+00 0.00e+00 0.00e+00 0.00e+00 0.00e+00 0.00e+00 0.00e+00 0.00e+00 0.00e+00 0.00e+00 0.00e+00 -0.00e+00 
-0.00e+00 0.00e+00 0.00e+00 0.00e+00 0.00e+00 0.00e+00 0.00e+00 0.00e+00 0.00e+00 0.00e+00 0.00e+00 0.00e+00 0.00e+00 0.00e+00 0.00e+00 0.00e+00 0.00e+00 0.00e+00 0.00e+00 0.00e+00 0.00e+00 0.00e+00 0.00e+00 0.00e+00 0.00e+00 0.00e+00 -3.69e-18 -6.15e-17 -3.81e-16 -1.10e-15 -1.55e-15 -1.10e-15 -3.81e-16 -6.15e-17 -3.69e-18 0.00e+00 0.00e+00 0.00e+00 0.00e+00 0.00e+00 0.00e+00 0.00e+00 0.00e+00 0.00e+00 0.00e+00 0.00e+00 0.00e+00 0.00e+00 0.00e+00 0.00e+00 0.00e+00 0.00e+00 0.00e+00 0.00e+00 0.00e+00 0.00e+00 0.00e+00 0.00e+00 0.00e+00 0.00e+00 -0.00e+00 
0.00e+00 -0.00e+00 -0.00e+00 -0.00e+00 -0.00e+00 -0.00e+00 -0.00e+00 -0.00e+00 -0.00e+00 -0.00e+00 -0.00e+00 -0.00e+00 -0.00e+00 -0.00e+00 -0.00e+00 -0.00e+00 -0.00e+00 -0.00e+00 -0.00e+00 -0.00e+00 -0.00e+00 -0.00e+00 -0.00e+00 -0.00e+00 -0.00e+00 -0.00e+00 3.69e-18 6.15e-17 3.81e-16 1.10e-15 1.55e-15 1.10e-15 3.81e-16 6.15e-17 3.69e-18 -0.00e+00 -0.00e+00 -0.00e+00 -0.00e+00 -0.00e+00 -0.00e+00 -0.00e+00 -0.00e+00 -0.00e+00 -0.00e+00 -0.00e+00 -0.00e+00 -0.00e+00 -0.00e+00 -0.00e+00 -0.00e+00 -0.00e+00 -0.00e+00 -0.00e+00 -0.00e+00 -0.00e+00 -0.00e+00 -0.00e+00 -0.00e+00 -0.00e+00 0.00e+00 
