1.70e-05 -1.70e-05 -3.02e-05 -6.74e-05 -1.06e-04 -9.41e-05 -1.42e-05 7.43e-05 1.27e-04 1.61e-04 1.62e-04 1.46e-04 1.31e-04 1.09e-04 1.03e-04 9.36e-05 1.03e-04 1.09e-04 1.31e-04 1.46e-04 1.62e-04 1.61e-04 1.27e-04 7.43e-05 -1.42e-05 -9.41e-05 -1.06e-04 -6.70e-05 -2.81e-05 -6.63e-06 6.63e-06 
-1.70e-05 1.70e-05 3.02e-05 6.74e-05 1.06e-04 9.41e-05 1.42e-05 -7.43e-05 -1.27e-04 -1.61e-04 -1.62e-04 -1.46e-04 -1.31e-04 -1.09e-04 -1.03e-04 -9.36e-05 -1.03e-04 -1.09e-04 -1.31e-04 -1.46e-04 -1.62e-04 -1.61e-04 -1.27e-04 -7.43e-05 1.42e-05 9.41e-05 1.06e-04 6.70e-05 2.81e-05 6.63e-06 -6.63e-06 
-7.13e-05 7.13e-05 1.08e-04 1.94e-04 2.40e-04 1.48e-04 -3.34e-05 -1.62e-04 -2.35e-04 -2.76e-04 -2.55e-04 -2.37e-04 -2.04e-04 -1.78e-04 -1.65e-04 -1.55e-04 -1.65e-04 -1.78e-04 -2.04e-04 -2.37e-04 -2.55e-04 -2.76e-04 -2.35e-04 -1.62e-04 -3.34e-05 1.48e-04 2.39e-04 1.92e-04 9.73e-05 2.63e-05 -2.63e-05 
-1.72e-04 1.72e-04 2.11e-04 2.56e-04 1.82e-04 1.15e-05 -6.90e-05 -6.01e-05 -9.17e-05 -8.46e-05 -8.05e-05 -1.11e-04 -9.64e-05 -1.30e-04 -1.11e-04 -1.36e-04 -1.11e-04 -1.30e-04 -9.64e-05 -1.11e-04 -8.05e-05 -8.46e-05 -9.17e-05 -6.01e-05 -6.90e-05 1.13e-05 1.80e-04 2.48e-04 1.75e-04 5.74e-05 -5.74e-05 
-2.93e-04 2.93e-04 2.81e-04 1.90e-04 1.95e-05 -2.65e-05 8.40e-05 8.80e-05 4.46e-05 5.77e-05 -3.71e-05 -5.15e-05 -9.46e-05 -1.22e-04 -1.20e-04 -1.43e-04 -1.20e-04 -1.22e-04 -9.46e-05 -5.15e-05 -3.71e-05 5.77e-05 4.46e-05 8.80e-05 8.38e-05 -2.74e-05 1.41e-05 1.65e-04 1.97e-04 8.21e-05 -8.21e-05 
-3.48e-04 3.48e-04 2.69e-04 8.71e-05 6.67e-06 1.17e-04 1.32e-04 1.62e-05 5.01e-05 3.79e-06 -3.98e-05 1.97e-05 -5.26e-05 2.34e-05 -4.43e-05 2.28e-05 -4.43e-05 2.34e-05 -5.26e-05 1.97e-05 -3.98e-05 3.79e-06 5.01e-05 1.62e-05 1.31e-04 1.14e-04 -7.93e-06 3.32e-05 1.22e-04 6.96e-05 -6.96e-05 
-3.05e-04 3.05e-04 2.16e-04 8.74e-05 9.63e-05 1.00e-04 -1.52e-05 2.84e-05 9.16e-05 2.19e-05 1.35e-04 8.46e-05 1.12e-04 1.18e-04 9.13e-05 1.26e-04 9.13e-05 1.18e-04 1.12e-04 8.46e-05 1.35e-04 2.19e-05 9.16e-05 2.82e-05 -1.67e-05 9.28e-05 6.63e-05 -2.16e-06 2.38e-05 2.57e-05 -2.57e-05 
-2.33e-04 2.33e-04 1.80e-04 1.08e-04 7.62e-05 3.28e-05 6.67e-05 1.30e-04 4.80e-05 9.44e-05 1.01e-04 2.82e-05 1.12e-04 1.81e-05 1.11e-04 2.22e-05 1.11e-04 1.81e-05 1.12e-04 2.82e-05 1.01e-04 9.44e-05 4.79e-05 1.29e-04 6.34e-05 1.84e-05 2.86e-05 -9.66e-06 -2.62e-05 -8.40e-06 8.40e-06 
-1.68e-04 1.68e-04 1.35e-04 9.31e-05 1.00e-04 1.13e-04 6.71e-05 -2.60e-06 4.38e-05 7.83e-05 2.74e-05 1.10e-04 8.71e-05 1.31e-04 1.30e-04 1.41e-04 1.30e-04 1.31e-04 8.71e-05 1.10e-04 2.74e-05 7.83e-05 4.36e-05 -3.83e-06 6.12e-05 9.16e-05 3.82e-05 -3.82e-05 -6.34e-05 -2.78e-05 2.78e-05 
-1.00e-04 1.00e-04 9.87e-05 1.20e-04 1.24e-04 2.96e-05 -1.40e-05 9.94e-05 1.06e-04 5.53e-05 1.23e-04 1.03e-04 1.33e-04 1.35e-04 1.45e-04 1.51e-04 1.45e-04 1.35e-04 1.33e-04 1.03e-04 1.23e-04 5.52e-05 1.06e-04 9.74e-05 -2.25e-05 1.95e-06 5.45e-05 -1.12e-05 -7.41e-05 -4.03e-05 4.03e-05 
-6.47e-05 6.47e-05 8.03e-05 9.84e-05 6.77e-05 5.32e-05 1.13e-04 6.20e-05 -1.10e-05 7.10e-05 5.06e-05 8.75e-05 1.05e-04 1.17e-04 1.66e-04 1.47e-04 1.66e-04 1.17e-04 1.05e-04 8.75e-05 5.05e-05 7.09e-05 -1.16e-05 5.94e-05 1.03e-04 2.29e-05 -2.21e-06 -2.02e-05 -5.81e-05 -3.49e-05 3.49e-05 
-3.61e-05 3.61e-05 5.10e-05 8.39e-05 9.87e-05 5.56e-05 -1.66e-05 1.04e-05 9.39e-05 7.15e-05 1.02e-04 1.19e-04 1.25e-04 2.08e-04 2.04e-04 2.69e-04 2.04e-04 2.08e-04 1.25e-04 1.19e-04 1.02e-04 7.14e-05 9.32e-05 7.45e-06 -2.71e-05 2.66e-05 3.66e-05 -1.40e-05 -5.41e-05 -3.04e-05 3.04e-05 
-1.99e-05 1.99e-05 4.18e-05 6.79e-05 3.44e-05 6.83e-06 8.28e-05 8.93e-05 -4.27e-06 3.98e-05 4.11e-05 5.31e-05 1.36e-04 1.54e-04 2.58e-04 2.92e-04 2.58e-04 1.54e-04 1.36e-04 5.31e-05 4.11e-05 3.96e-05 -4.92e-06 8.66e-05 7.37e-05 -1.71e-05 -1.43e-05 -4.21e-06 -2.93e-05 -2.06e-05 2.06e-05 
-1.19e-05 1.19e-05 1.87e-05 3.17e-05 5.03e-05 5.22e-05 -1.55e-05 -4.24e-05 5.07e-05 4.98e-05 5.97e-05 1.09e-04 1.06e-04 2.10e-04 3.26e-04 5.81e-04 3.26e-04 2.10e-04 1.06e-04 1.09e-04 5.96e-05 4.97e-05 5.02e-05 -4.43e-05 -2.16e-05 3.65e-05 1.95e-05 -1.21e-05 -2.35e-05 -1.21e-05 1.21e-05 
-1.50e-06 1.50e-06 1.05e-05 2.05e-05 -4.12e-06 -2.69e-05 4.02e-05 7.48e-05 -1.40e-05 -3.41e-06 2.60e-06 -1.65e-05 4.86e-05 8.25e-05 3.38e-04 1.20e-03 3.38e-04 8.25e-05 4.86e-05 -1.65e-05 2.59e-06 -3.44e-06 -1.42e-05 7.42e-05 3.80e-05 -3.24e-05 -1.47e-05 5.67e-06 -2.64e-06 -4.31e-06 4.31e-06 
1.50e-06 -1.50e-06 -1.05e-05 -2.05e-05 4.12e-06 2.69e-05 -4.02e-05 -7.48e-05 1.40e-05 3.41e-06 -2.60e-06 1.65e-05 -4.86e-05 -8.25e-05 -3.38e-04 -1.20e-03 -3.38e-04 -8.25e-05 -4.86e-05 1.65e-05 -2.59e-06 3.44e-06 1.42e-05 -7.42e-05 -3.80e-05 3.24e-05 1.47e-05 -5.67e-06 2.64e-06 4.31e-06 -4.31e-06 
1.19e-05 -1.19e-05 -1.87e-05 -3.17e-05 -5.03e-05 -5.22e-05 1.55e-05 4.24e-05 -5.07e-05 -4.98e-05 -5.97e-05 -1.09e-04 -1.06e-04 -2.10e-04 -3.26e-04 -5.81e-04 -3.26e-04 -2.10e-04 -1.06e-04 -1.09e-04 -5.96e-05 -4.97e-05 -5.02e-05 4.43e-05 2.16e-05 -3.65e-05 -1.95e-05 1.21e-05 2.35e-05 1.21e-05 -1.21e-05 
1.99e-05 -1.99e-05 -4.18e-05 -6.79e-05 -3.44e-05 -6.83e-06 -8.28e-05 -8.93e-05 4.27e-06 -3.98e-05 -4.11e-05 -5.31e-05 -1.36e-04 -1.54e-04 -2.58e-04 -2.92e-04 -2.58e-04 -1.54e-04 -1.36e-04 -5.31e-05 -4.11e-05 -3.96e-05 4.92e-06 -8.66e-05 -7.37e-05 1.71e-05 1.43e-05 4.21e-06 2.93e-05 2.06e-05 -2.06e-05 
3.61e-05 -3.61e-05 -5.10e-05 -8.39e-05 -9.87e-05 -5.56e-05 1.66e-05 -1.04e-05 -9.39e-05 -7.15e-05 -1.02e-04 -1.19e-04 -1.25e-04 -2.08e-04 -2.04e-04 -2.69e-04 -2.04e-04 -2.08e-04 -1.25e-04 -1.19e-04 -1.02e-04 -7.14e-05 -9.32e-05 -7.45e-06 2.71e-05 -2.66e-05 -3.66e-05 1.40e-05 5.41e-05 3.04e-05 -3.04e-05 
6.47e-05 -6.47e-05 -8.03e-05 -9.84e-05 -6.77e-05 -5.32e-05 -1.13e-04 -6.20e-05 1.10e-05 -7.10e-05 -5.06e-05 -8.75e-05 -1.05e-04 -1.17e-04 -1.66e-04 -1.47e-04 -1.66e-04 -1.17e-04 -1.05e-04 -8.75e-05 -5.05e-05 -7.09e-05 1.16e-05 -5.94e-05 -1.03e-04 -2.29e-05 2.21e-06 2.02e-05 5.81e-05 3.49e-05 -3.49e-05 
1.00e-04 -1.00e-04 -9.87e-05 -1.20e-04 -1.24e-04 -2.96e-05 1.40e-05 -9.94e-05 -1.06e-04 -5.53e-05 -1.23e-04 -1.03e-04 -1.34e-04 -1.35e-04 -1.45e-04 -1.51e-04 -1.45e-04 -1.35e-04 -1.34e-04 -1.03e-04 -1.23e-04 -5.52e-05 -1.06e-04 -9.74e-05 2.25e-05 -1.95e-06 -5.45e-05 1.12e-05 7.41e-05 4.03e-05 -4.03e-05 
1.68e-04 -1.68e-04 -1.35e-04 -9.31e-05 -1.00e-04 -1.13e-04 -6.71e-05 2.57e-06 -4.39e-05 -7.86e-05 -2.80e-05 -1.11e-04 -8.87e-05 -1.33e-04 -1.33e-04 -1.44e-04 -1.33e-04 -1.33e-04 -8.87e-05 -1.11e-04 -2.80e-05 -7.86e-05 -4.37e-05 3.80e-06 -6.12e-05 -9.16e-05 -3.82e-05 3.82e-05 6.34e-05 2.78e-05 -2.78e-05 
2.33e-04 -2.33e-04 -1.80e-04 -1.08e-04 -7.62e-05 -3.28e-05 -6.67e-05 -1.30e-04 -4.88e-05 -9.62e-05 -1.05e-04 -3.37e-05 -1.19e-04 -2.79e-05 -1.22e-04 -3.40e-05 -1.22e-04 -2.79e-05 -1.19e-04 -3.37e-05 -1.05e-04 -9.62e-05 -4.87e-05 -1.30e-04 -6.34e-05 -1.85e-05 -2.86e-05 9.66e-06 2.62e-05 8.40e-06 -8.40e-06 
3.05e-04 -3.05e-04 -2.16e-04 -8.74e-05 -9.63e-05 -1.00e-04 1.47e-05 -3.01e-05 -9.61e-05 -3.10e-05 -1.51e-04 -1.08e-04 -1.42e-04 -1.55e-04 -1.32e-04 -1.68e-04 -1.32e-04 -1.55e-04 -1.42e-04 -1.08e-04 -1.51e-04 -3.10e-05 -9.60e-05 -2.99e-05 1.61e-05 -9.29e-05 -6.63e-05 2.16e-06 -2.38e-05 -2.57e-05 2.57e-05 
3.48e-04 -3.48e-04 -2.69e-04 -8.71e-05 -6.88e-06 -1.18e-04 -1.35e-04 -2.58e-05 -7.07e-05 -4.04e-05 -1.59e-05 -9.57e-05 -4.20e-05 -1.33e-04 -7.48e-05 -1.45e-04 -7.48e-05 -1.33e-04 -4.20e-05 -9.57e-05 -1.59e-05 -4.04e-05 -7.07e-05 -2.57e-05 -1.35e-04 -1.15e-04 7.72e-06 -3.32e-05 -1.22e-04 -6.96e-05 6.96e-05 
2.93e-04 -2.93e-04 -2.81e-04 -1.90e-04 -2.10e-05 2.04e-05 -1.02e-04 -1.28e-04 -1.18e-04 -1.71e-04 -1.19e-04 -1.44e-04 -1.34e-04 -1.31e-04 -1.48e-04 -1.30e-04 -1.48e-04 -1.31e-04 -1.34e-04 -1.44e-04 -1.19e-04 -1.71e-04 -1.18e-04 -1.28e-04 -1.01e-04 2.13e-05 -1.57e-05 -1.65e-04 -1.97e-04 -8.21e-05 8.21e-05 
1.72e-04 -1.72e-04 -2.11e-04 -2.58e-04 -1.91e-04 -3.97e-05 1.43e-06 -6.71e-05 -1.05e-04 -1.82e-04 -2.47e-04 -2.65e-04 -3.16e-04 -3.06e-04 -3.38e-04 -3.17e-04 -3.38e-04 -3.06e-04 -3.16e-04 -2.65e-04 -2.47e-04 -1.82e-04 -1.05e-04 -6.71e-05 1.45e-06 -3.95e-05 -1.89e-04 -2.50e-04 -1.75e-04 -5.75e-05 5.75e-05 
7.22e-05 -7.22e-05 -1.11e-04 -2.06e-04 -2.79e-04 -2.47e-04 -1.58e-04 -1.32e-04 -1.49e-04 -1.74e-04 -2.37e-04 -2.75e-04 -3.15e-04 -3.40e-04 -3.51e-04 -3.60e-04 -3.51e-04 -3.40e-04 -3.15e-04 -2.75e-04 -2.37e-04 -1.74e-04 -1.49e-04 -1.32e-04 -1.58e-04 -2.47e-04 -2.79e-04 -2.04e-04 -1.00e-04 -2.67e-05 2.67e-05 
2.27e-05 -2.27e-05 -4.41e-05 -1.15e-04 -2.32e-04 -3.47e-04 -4.00e-04 -3.98e-04 -3.80e-04 -3.44e-04 -3.11e-04 -2.88e-04 -2.64e-04 -2.55e-04 -2.44e-04 -2.45e-04 -2.44e-04 -2.55e-04 -2.64e-04 -2.88e-04 -3.11e-04 -3.44e-04 -3.80e-04 -3.98e-04 -4.00e-04 -3.47e-04 -2.32e-04 -1.15e-04 -4.14e-05 -9.03e-06 9.03e-06 
9.77e-06 -9.77e-06 -2.30e-05 -7.57e-05 -1.91e-04 -3.55e-04 -4.94e-04 -5.45e-04 -5.29e-04 -4.73e-04 -3.92e-04 -3.23e-04 -2.62e-04 -2.21e-04 -1.96e-04 -1.88e-04 -1.96e-04 -2.21e-04 -2.62e-04 -3.23e-04 -3.92e-04 -4.73e-04 -5.29e-04 -5.45e-04 -4.94e-04 -3.55e-04 -1.91e-04 -7.55e-05 -2.21e-05 -4.08e-06 4.08e-06 
-9.77e-06 9.77e-06 2.30e-05 7.57e-05 1.91e-04 3.55e-04 4.94e-04 5.45e-04 5.29e-04 4.73e-04 3.92e-04 3.23e-04 2.62e-04 2.21e-04 1.96e-04 1.88e-04 1.96e-04 2.21e-04 2.62e-04 3.23e-04 3.92e-04 4.73e-04 5.29e-04 5.45e-04 4.94e-04 3.55e-04 1.91e-04 7.55e-05 2.21e-05 4.08e-06 -4.08e-06 
