0.00e+00 -0.00e+00 -0.00e+00 -0.00e+00 -0.00e+00 -0.00e+00 -0.00e+00 -0.00e+00 -0.00e+00 -0.00e+00 -0.00e+00 -0.00e+00 -0.00e+00 -0.00e+00 -0.00e+00 -0.00e+00 -0.00e+00 -0.00e+00 -0.00e+00 -0.00e+00 -0.00e+00 -0.00e+00 -0.00e+00 -0.00e+00 -0.00e+00 -0.00e+00 -0.00e+00 -3.24e-18 -4.03e-17 -1.68e-16 -2.76e-16 -1.68e-16 -4.03e-17 -3.24e-18 -0.00e+00 -0.00e+00 -0.00e+00 -0.00e+00 -0.00e+00 -0.00e+00 -0.00e+00 -0.00e+00 -0.00e+00 -0.00e+00 -0.00e+00 -0.00e+00 -0.00e+00 -0.00e+00 -0.00e+00 -0.00e+00 -0.00e+00 -0.00e+00 -0.00e+00 -0.00e+00 -0.00e+00 -0.00e+00 -0.00e+00 -0.00e+00 -0.00e+00 -0.00e+00 0.00e+00 
-0.00e+00 0.00e+00 0.00e+00 0.00e+00 0.00e+00 0.00e+00 0.00e+00 0.00e+00 0.00e+00 0.00e+00 0.00e+00 0.00e+00 0.00e+00 0.00e+00 0.00e+00 0.00e+00 0.00e+00 0.00e+00 0.00e+00 0.00e+00 0.00e+00 0.00e+00 0.00e+00 0.00e+00 0.00e+00 0.00e+00 0.00e+00 3.24e-18 4.03e-17 1.68e-16 2.76e-16 1.68e-16 4.03e-17 3.24e-18 0.00e+00 0.00e+00 0.00e+00 0.00e+00 0.00e+00 0.00e+00 0.00e+00 0.00e+00 0.00e+00 0.00e+00 0.00e+00 0.00e+00 0.00e+00 0.00e+00 0.00e+00 0.00e+00 0.00e+00 0.00e+00 0.00e+00 0.00e+00 0.00e+00 0.00e+00 0.00e+00 0.00e+00 0.00e+00 0.00e+00 -0.00e+00 
-0.00e+00 0.00e+00 0.00e+00 0.00e+00 0.00e+00 0.00e+00 0.00e+00 0.00e+00 0.00e+00 0.00e+00 0.00e+00 0.00e+00 0.00e+00 0.00e+00 0.00e+00 0.00e+00 0.00e+00 0.00e+00 0.00e+00 0.00e+00 0.00e+00 0.00e+00 0.00e+00 0.00e+00 0.00e+00 0.00e+00 2.27e-17 3.79e-16 2.35e-15 6.75e-15 9.51e-15 6.75e-15 2.35e-15 3.79e-16 2.27e-17 0.00e+00 0.00e+00 0.00e+00 0.00e+00 0.00e+00 0.00e+00 0.00e+00 0.00e+00 0.00e+00 0.00e+00 0.00e+00 0.00e+00 0.00e+00 0.00e+00 0.00e+00 0.00e+00 0.00e+00 0.00e+00 0.00e+00 0.00e+00 0.00e+00 0.00e+00 0.00e+00 0.00e+00 0.00e+00 -0.00e+00 
-0.00e+00 0.00e+00 0.00e+00 0.00e+00 0.00e+00 0.00e+00 0.00e+00 0.00e+00 0.00e+00 0.00e+00 0.00e+00 0.00e+00 0.00e+00 0.00e+00 0.00e+00 0.00e+00 0.00e+00 0.00e+00 0.00e+00 0.00e+00 0.00e+00 0.00e+00 0.00e+00 0.00e+00 0.00e+00 1.22e-16 2.56e-15 2.09e-14 8.60e-14 1.93e-13 2.50e-13 1.93e-13 8.60e-14 2.09e-14 2.56e-15 1.22e-16 0.00e+00 0.00e+00 0.00e+00 0.00e+00 0.00e+00 0.00e+00 0.00e+00 0.00e+00 0.00e+00 0.00e+00 0.00e+00 0.00e+00 0.00e+00 0.00e+00 0.00e+00 0.00e+00 0.00e+00 0.00e+00 0.00e+00 0.00e+00 0.00e+00 0.00e+00 0.00e+00 0.00e+00 -0.00e+00 
-0.00e+00 0.00e+00 0.00e+00 0.00e+00 0.00e+00 0.00e+00 0.00e+00 0.00e+00 0.00e+00 0.00e+00 0.00e+00 0.00e+00 0.00e+00 0.00e+00 0.00e+00 0.00e+00 0.00e+00 0.00e+00 0.00e+00 0.00e+00 0.00e+00 0.00e+00 0.00e+00 0.00e+00 5.30e-16 1.33e-14 1.35e-13 7.22e-13 2.24e-12 4.26e-12 5.23e-12 4.26e-12 2.24e-12 7.22e-13 1.35e-13 1.33e-14 5.30e-16 0.00e+00 0.00e+00 0.00e+00 0.00e+00 0.00e+00 0.00e+00 0.00e+00 0.00e+00 0.00e+00 0.00e+00 0.00e+00 0.00e+00 0.00e+00 0.00e+00 0.00e+00 0.00e+00 0.00e+00 0.00e+00 0.00e+00 0.00e+00 0.00e+00 0.00e+00 0.00e+00 -0.00e+00 
-0.00e+00 0.00e+00 0.00e+00 0.00e+00 0.00e+00 0.00e+00 0.00e+00 0.00e+00 0.00e+00 0.00e+00 0.00e+00 0.00e+00 0.00e+00 0.00e+00 0.00e+00 0.00e+00 0.00e+00 0.00e+00 0.00e+00 0.00e+00 0.00e+00 0.00e+00 0.00e+00 1.89e-15 5.54e-14 6.72e-13 4.43e-12 1.75e-11 4.43e-11 7.47e-11 8.84e-11 7.47e-11 4.43e-11 1.75e-11 4.43e-12 6.72e-13 5.54e-14 1.89e-15 0.00e+00 0.00e+00 0.00e+00 0.00e+00 0.00e+00 0.00e+00 0.00e+00 0.00e+00 0.00e+00 0.00e+00 0.00e+00 0.00e+00 0.00e+00 0.00e+00 0.00e+00 0.00e+00 0.00e+00 0.00e+00 0.00e+00 0.00e+00 0.00e+00 0.00e+00 -0.00e+00 
-0.00e+00 0.00e+00 0.00e+00 0.00e+00 0.00e+00 0.00e+00 0.00e+00 0.00e+00 0.00e+00 0.00e+00 0.00e+00 0.00e+00 0.00e+00 0.00e+00 0.00e+00 0.00e+00 0.00e+00 0.00e+00 0.00e+00 0.00e+00 0.00e+00 0.00e+00 5.68e-15 1.90e-13 2.68e-12 2.10e-11 1.01e-10 3.19e-10 6.86e-10 1.06e-09 1.22e-09 1.06e-09 6.86e-10 3.19e-10 1.01e-10 2.10e-11 2.68e-12 1.90e-13 5.68e-15 0.00e+00 0.00e+00 0.00e+00 0.00e+00 0.00e+00 0.00e+00 0.00e+00 0.00e+00 0.00e+00 0.00e+00 0.00e+00 0.00e+00 0.00e+00 0.00e+00 0.00e+00 0.00e+00 0.00e+00 0.00e+00 0.00e+00 0.00e+00 0.00e+00 -0.00e+00 
-0.00e+00 0.00e+00 0.00e+00 0.00e+00 0.00e+00 0.00e+00 0.00e+00 0.00e+00 0.00e+00 0.00e+00 0.00e+00 0.00e+00 0.00e+00 0.00e+00 0.00e+00 0.00e+00 0.00e+00 0.00e+00 0.00e+00 0.00e+00 0.00e+00 1.45e-14 5.45e-13 8.78e-12 7.96e-11 4.53e-10 1.71e-09 4.49e-09 8.53e-09 1.23e-08 1.39e-08 1.23e-08 8.53e-09 4.49e-09 1.71e-09 4.53e-10 7.96e-11 8.78e-12 5.45e-13 1.45e-14 0.00e+00 0.00e+00 0.00e+00 0.00e+00 0.00e+00 0.00e+00 0.00e+00 0.00e+00 0.00e+00 0.00e+00 0.00e+00 0.00e+00 0.00e+00 0.00e+00 0.00e+00 0.00e+00 0.00e+00 0.00e+00 0.00e+00 0.00e+00 -0.00e+00 
-0.00e+00 0.00e+00 0.00e+00 0.00e+00 0.00e+00 0.00e+00 0.00e+00 0.00e+00 0.00e+00 0.00e+00 0.00e+00 0.00e+00 0.00e+00 0.00e+00 0.00e+00 0.00e+00 0.00e+00 0.00e+00 0.00e+00 0.00e+00 3.20e-14 1.33e-12 2.41e-11 2.48e-10 1.63e-09 7.18e-09 2.22e-08 5.01e-08 8.64e-08 1.18e-07 1.31e-07 1.18e-07 8.64e-08 5.01e-08 2.22e-08 7.18e-09 1.63e-09 2.48e-10 2.41e-11 1.33e-12 3.20e-14 0.00e+00 0.00e+00 0.00e+00 0.00e+00 0.00e+00 0.00e+00 0.00e+00 0.00e+00 0.00e+00 0.00e+00 0.00e+00 0.00e+00 0.00e+00 0.00e+00 0.00e+00 0.00e+00 0.00e+00 0.00e+00 0.00e+00 -0.00e+00 
-0.00e+00 0.00e+00 0.00e+00 0.00e+00 0.00e+00 0.00e+00 0.00e+00 0.00e+00 0.00e+00 0.00e+00 0.00e+00 0.00e+00 0.00e+00 0.00e+00 0.00e+00 0.00e+00 0.00e+00 0.00e+00 0.00e+00 6.10e-14 2.80e-12 5.61e-11 6.48e-10 4.81e-09 2.43e-08 8.65e-08 2.26e-07 4.51e-07 7.18e-07 9.38e-07 1.02e-06 9.38e-07 7.18e-07 4.51e-07 2.26e-07 8.65e-08 2.43e-08 4.81e-09 6.48e-10 5.61e-11 2.80e-12 6.10e-14 0.00e+00 0.00e+00 0.00e+00 0.00e+00 0.00e+00 0.00e+00 0.00e+00 0.00e+00 0.00e+00 0.00e+00 0.00e+00 0.00e+00 0.00e+00 0.00e+00 0.00e+00 0.00e+00 0.00e+00 0.00e+00 -0.00e+00 
-0.00e+00 0.00e+00 0.00e+00 0.00e+00 0.00e+00 0.00e+00 0.00e+00 0.00e+00 0.00e+00 0.00e+00 0.00e+00 0.00e+00 0.00e+00 0.00e+00 0.00e+00 0.00e+00 0.00e+00 0.00e+00 1.02e-13 5.08e-12 1.12e-10 1.43e-09 1.19e-08 6.75e-08 2.73e-07 8.10e-07 1.83e-06 3.30e-06 4.92e-06 6.19e-06 6.67e-06 6.19e-06 4.92e-06 3.30e-06 1.83e-06 8.10e-07 2.73e-07 6.75e-08 1.19e-08 1.43e-09 1.12e-10 5.08e-12 1.02e-13 0.00e+00 0.00e+00 0.00e+00 0.00e+00 0.00e+00 0.00e+00 0.00e+00 0.00e+00 0.00e+00 0.00e+00 0.00e+00 0.00e+00 0.00e+00 0.00e+00 0.00e+00 0.00e+00 0.00e+00 -0.00e+00 
-0.00e+00 0.00e+00 0.00e+00 0.00e+00 0.00e+00 0.00e+00 0.00e+00 0.00e+00 0.00e+00 0.00e+00 0.00e+00 0.00e+00 0.00e+00 0.00e+00 0.00e+00 0.00e+00 0.00e+00 1.49e-13 8.04e-12 1.93e-10 2.71e-09 2.48e-08 1.57e-07 7.09e-07 2.36e-06 5.97e-06 1.20e-05 1.98e-05 2.78e-05 3.39e-05 3.62e-05 3.39e-05 2.78e-05 1.98e-05 1.20e-05 5.97e-06 2.36e-06 7.09e-07 1.57e-07 2.48e-08 2.71e-09 1.93e-10 8.04e-12 1.49e-13 0.00e+00 0.00e+00 0.00e+00 0.00e+00 0.00e+00 0.00e+00 0.00e+00 0.00e+00 0.00e+00 0.00e+00 0.00e+00 0.00e+00 0.00e+00 0.00e+00 0.00e+00 0.00e+00 -0.00e+00 
-0.00e+00 0.00e+00 0.00e+00 0.00e+00 0.00e+00 0.00e+00 0.00e+00 0.00e+00 0.00e+00 0.00e+00 0.00e+00 0.00e+00 0.00e+00 0.00e+00 0.00e+00 0.00e+00 1.91e-13 1.11e-11 2.89e-10 4.41e-09 4.43e-08 3.08e-07 1.54e-06 5.69e-06 1.59e-05 3.50e-05 6.32e-05 9.71e-05 1.30e-04 1.54e-04 1.63e-04 1.54e-04 1.30e-04 9.71e-05 6.32e-05 3.50e-05 1.59e-05 5.69e-06 1.54e-06 3.08e-07 4.43e-08 4.41e-09 2.89e-10 1.11e-11 1.91e-13 0.00e+00 0.00e+00 0.00e+00 0.00e+00 0.00e+00 0.00e+00 0.00e+00 0.00e+00 0.00e+00 0.00e+00 0.00e+00 0.00e+00 0.00e+00 0.00e+00 0.00e+00 -0.00e+00 
-0.00e+00 0.00e+00 0.00e+00 0.00e+00 0.00e+00 0.00e+00 0.00e+00 0.00e+00 0.00e+00 0.00e+00 0.00e+00 0.00e+00 0.00e+00 0.00e+00 0.00e+00 2.17e-13 1.35e-11 3.77e-10 6.23e-09 6.79e-08 5.17e-07 2.84e-06 1.15e-05 3.53e-05 8.45e-05 1.65e-04 2.72e-04 3.92e-04 5.05e-04 5.85e-04 6.14e-04 5.85e-04 5.05e-04 3.92e-04 2.72e-04 1.65e-04 8.45e-05 3.53e-05 1.15e-05 2.84e-06 5.17e-07 6.79e-08 6.23e-09 3.77e-10 1.35e-11 2.17e-13 0.00e+00 0.00e+00 0.00e+00 0.00e+00 0.00e+00 0.00e+00 0.00e+00 0.00e+00 0.00e+00 0.00e+00 0.00e+00 0.00e+00 0.00e+00 0.00e+00 -0.00e+00 
-0.00e+00 0.00e+00 0.00e+00 0.00e+00 0.00e+00 0.00e+00 0.00e+00 0.00e+00 0.00e+00 0.00e+00 0.00e+00 0.00e+00 0.00e+00 0.00e+00 2.17e-13 1.44e-11 4.30e-10 7.64e-09 9.00e-08 7.43e-07 4.44e-06 1.97e-05 6.57e-05 1.70e-04 3.55e-04 6.22e-04 9.55e-04 1.31e-03 1.63e-03 1.85e-03 1.93e-03 1.85e-03 1.63e-03 1.31e-03 9.55e-04 6.22e-04 3.55e-04 1.70e-04 6.57e-05 1.97e-05 4.44e-06 7.43e-07 9.00e-08 7.64e-09 4.30e-10 1.44e-11 2.17e-13 0.00e+00 0.00e+00 0.00e+00 0.00e+00 0.00e+00 0.00e+00 0.00e+00 0.00e+00 0.00e+00 0.00e+00 0.00e+00 0.00e+00 0.00e+00 -0.00e+00 
-0.00e+00 0.00e+00 0.00e+00 0.00e+00 0.00e+00 0.00e+00 0.00e+00 0.00e+00 0.00e+00 0.00e+00 0.00e+00 0.00e+00 0.00e+00 1.91e-13 1.35e-11 4.29e-10 8.15e-09 1.03e-07 9.19e-07 5.95e-06 2.86e-05 1.04e-04 2.89e-04 6.42e-04 1.19e-03 1.92e-03 2.78e-03 3.67e-03 4.45e-03 4.99e-03 5.18e-03 4.99e-03 4.45e-03 3.67e-03 2.78e-03 1.92e-03 1.19e-03 6.42e-04 2.89e-04 1.04e-04 2.86e-05 5.95e-06 9.19e-07 1.03e-07 8.15e-09 4.29e-10 1.35e-11 1.91e-13 0.00e+00 0.00e+00 0.00e+00 0.00e+00 0.00e+00 0.00e+00 0.00e+00 0.00e+00 0.00e+00 0.00e+00 0.00e+00 0.00e+00 -0.00e+00 
-0.00e+00 0.00e+00 0.00e+00 0.00e+00 0.00e+00 0.00e+00 0.00e+00 0.00e+00 0.00e+00 0.00e+00 0.00e+00 0.00e+00 1.49e-13 1.11e-11 3.74e-10 7.58e-09 1.03e-07 9.82e-07 6.85e-06 3.55e-05 1.39e-04 4.16e-04 9.84e-04 1.91e-03 3.23e-03 4.91e-03 6.83e-03 8.78e-03 1.05e-02 1.16e-02 1.20e-02 1.16e-02 1.05e-02 8.78e-03 6.83e-03 4.91e-03 3.23e-03 1.91e-03 9.84e-04 4.16e-04 1.39e-04 3.55e-05 6.85e-06 9.82e-07 1.03e-07 7.58e-09 3.74e-10 1.11e-11 1.49e-13 0.00e+00 0.00e+00 0.00e+00 0.00e+00 0.00e+00 0.00e+00 0.00e+00 0.00e+00 0.00e+00 0.00e+00 0.00e+00 -0.00e+00 
-0.00e+00 0.00e+00 0.00e+00 0.00e+00 0.00e+00 0.00e+00 0.00e+00 0.00e+00 0.00e+00 0.00e+00 0.00e+00 1.02e-13 8.00e-12 2.86e-10 6.14e-09 8.85e-08 9.05e-07 6.77e-06 3.78e-05 1.59e-04 5.12e-04 1.29e-03 2.63e-03 4.63e-03 7.36e-03 1.08e-02 1.47e-02 1.86e-02 2.20e-02 2.43e-02 2.51e-02 2.43e-02 2.20e-02 1.86e-02 1.47e-02 1.08e-02 7.36e-03 4.63e-03 2.63e-03 1.29e-03 5.12e-04 1.59e-04 3.78e-05 6.77e-06 9.05e-07 8.85e-08 6.14e-09 2.86e-10 8.00e-12 1.02e-13 0.00e+00 0.00e+00 0.00e+00 0.00e+00 0.00e+00 0.00e+00 0.00e+00 0.00e+00 0.00e+00 0.00e+00 -0.00e+00 
-0.00e+00 0.00e+00 0.00e+00 0.00e+00 0.00e+00 0.00e+00 0.00e+00 0.00e+00 0.00e+00 0.00e+00 6.10e-14 5.04e-12 1.90e-10 4.31e-09 6.60e-08 7.19e-07 5.75e-06 3.44e-05 1.56e-04 5.37e-04 1.44e-03 3.11e-03 5.72e-03 9.52e-03 1.47e-02 2.12e-02 2.85e-02 3.58e-02 4.21e-02 4.64e-02 4.79e-02 4.64e-02 4.21e-02 3.58e-02 2.85e-02 2.12e-02 1.47e-02 9.52e-03 5.72e-03 3.11e-03 1.44e-03 5.37e-04 1.56e-04 3.44e-05 5.75e-06 7.19e-07 6.60e-08 4.31e-09 1.90e-10 5.04e-12 6.10e-14 0.00e+00 0.00e+00 0.00e+00 0.00e+00 0.00e+00 0.00e+00 0.00e+00 0.00e+00 0.00e+00 -0.00e+00 
-0.00e+00 0.00e+00 0.00e+00 0.00e+00 0.00e+00 0.00e+00 0.00e+00 0.00e+00 0.00e+00 3.20e-14 2.77e-12 1.10e-10 2.62e-09 4.25e-08 4.92e-07 4.19e-06 2.68e-05 1.30e-04 4.83e-04 1.39e-03 3.18e-03 6.15e-03 1.07e-02 1.76e-02 2.70e-02 3.85e-02 5.13e-02 6.39e-02 7.47e-02 8.19e-02 8.45e-02 8.19e-02 7.47e-02 6.39e-02 5.13e-02 3.85e-02 2.70e-02 1.76e-02 1.07e-02 6.15e-03 3.18e-03 1.39e-03 4.83e-04 1.30e-04 2.68e-05 4.19e-06 4.92e-07 4.25e-08 2.62e-09 1.10e-10 2.77e-12 3.20e-14 0.00e+00 0.00e+00 0.00e+00 0.00e+00 0.00e+00 0.00e+00 0.00e+00 0.00e+00 -0.00e+00 
-0.00e+00 0.00e+00 0.00e+00 0.00e+00 0.00e+00 0.00e+00 0.00e+00 0.00e+00 1.45e-14 1.32e-12 5.46e-11 1.37e-09 2.35e-08 2.88e-07 2.61e-06 1.78e-05 9.28e-05 3.70e-04 1.15e-03 2.81e-03 5.78e-03 1.07e-02 1.86e-02 3.03e-02 4.57e-02 6.44e-02 8.48e-02 1.05e-01 1.22e-01 1.33e-01 1.37e-01 1.33e-01 1.22e-01 1.05e-01 8.48e-02 6.44e-02 4.57e-02 3.03e-02 1.86e-02 1.07e-02 5.78e-03 2.81e-03 1.15e-03 3.70e-04 9.28e-05 1.78e-05 2.61e-06 2.88e-07 2.35e-08 1.37e-09 5.46e-11 1.32e-12 1.45e-14 0.00e+00 0.00e+00 0.00e+00 0.00e+00 0.00e+00 0.00e+00 0.00e+00 -0.00e+00 
-0.00e+00 0.00e+00 0.00e+00 0.00e+00 0.00e+00 0.00e+00 0.00e+00 5.68e-15 5.37e-13 2.33e-11 6.15e-10 1.11e-08 1.43e-07 1.38e-06 1.00e-05 5.61e-05 2.41e-04 8.09e-04 2.15e-03 4.76e-03 9.36e-03 1.73e-02 2.98e-02 4.77e-02 7.09e-02 9.87e-02 1.29e-01 1.58e-01 1.82e-01 1.98e-01 2.04e-01 1.98e-01 1.82e-01 1.58e-01 1.29e-01 9.87e-02 7.09e-02 4.77e-02 2.98e-02 1.73e-02 9.36e-03 4.76e-03 2.15e-03 8.09e-04 2.41e-04 5.61e-05 1.00e-05 1.38e-06 1.43e-07 1.11e-08 6.15e-10 2.33e-11 5.37e-13 5.68e-15 0.00e+00 0.00e+00 0.00e+00 0.00e+00 0.00e+00 0.00e+00 -0.00e+00 
-0.00e+00 0.00e+00 0.00e+00 0.00e+00 0.00e+00 0.00e+00 1.89e-15 1.86e-13 8.42e-12 2.33e-10 4.39e-09 6.00e-08 6.12e-07 4.76e-06 2.86e-05 1.33e-04 4.86e-04 1.42e-03 3.41e-03 7.21e-03 1.41e-02 2.58e-02 4.36e-02 6.85e-02 1.01e-01 1.39e-01 1.79e-01 2.18e-01 2.51e-01 2.73e-01 2.81e-01 2.73e-01 2.51e-01 2.18e-01 1.79e-01 1.39e-01 1.01e-01 6.85e-02 4.36e-02 2.58e-02 1.41e-02 7.21e-03 3.41e-03 1.42e-03 4.86e-04 1.33e-04 2.86e-05 4.76e-06 6.12e-07 6.00e-08 4.39e-09 2.33e-10 8.42e-12 1.86e-13 1.89e-15 0.00e+00 0.00e+00 0.00e+00 0.00e+00 0.00e+00 -0.00e+00 
-0.00e+00 0.00e+00 0.00e+00 0.00e+00 0.00e+00 5.30e-16 5.40e-14 2.54e-12 7.34e-11 1.45e-09 2.09e-08 2.26e-07 1.88e-06 1.21e-05 6.13e-05 2.46e-04 7.92e-04 2.11e-03 4.84e-03 1.01e-02 1.94e-02 3.48e-02 5.80e-02 9.03e-02 1.31e-01 1.79e-01 2.29e-01 2.78e-01 3.21e-01 3.50e-01 3.60e-01 3.50e-01 3.21e-01 2.78e-01 2.29e-01 1.79e-01 1.31e-01 9.03e-02 5.80e-02 3.48e-02 1.94e-02 1.01e-02 4.84e-03 2.11e-03 7.92e-04 2.46e-04 6.13e-05 1.21e-05 1.88e-06 2.26e-07 2.09e-08 1.45e-09 7.34e-11 2.54e-12 5.40e-14 5.30e-16 0.00e+00 0.00e+00 0.00e+00 0.00e+00 -0.00e+00 
-0.00e+00 0.00e+00 0.00e+00 0.00e+00 1.22e-16 1.29e-14 6.29e-13 1.89e-11 3.92e-10 5.95e-09 6.82e-08 6.05e-07 4.22e-06 2.33e-05 1.03e-04 3.71e-04 1.10e-03 2.78e-03 6.21e-03 1.27e-02 2.42e-02 4.29e-02 7.07e-02 1.08e-01 1.56e-01 2.11e-01 2.70e-01 3.30e-01 3.83e-01 4.21e-01 4.36e-01 4.21e-01 3.83e-01 3.30e-01 2.70e-01 2.11e-01 1.56e-01 1.08e-01 7.07e-02 4.29e-02 2.42e-02 1.27e-02 6.21e-03 2.78e-03 1.10e-03 3.71e-04 1.03e-04 2.33e-05 4.22e-06 6.05e-07 6.82e-08 5.95e-09 3.92e-10 1.89e-11 6.29e-13 1.29e-14 1.22e-16 0.00e+00 0.00e+00 0.00e+00 -0.00e+00 
-0.00e+00 0.00e+00 0.00e+00 2.27e-17 2.46e-15 1.24e-13 3.88e-12 8.41e-11 1.34e-09 1.64e-08 1.56e-07 1.18e-06 7.17e-06 3.54e-05 1.43e-04 4.75e-04 1.34e-03 3.26e-03 7.13e-03 1.44e-02 2.72e-02 4.77e-02 7.76e-02 1.18e-01 1.69e-01 2.28e-01 2.94e-01 3.64e-01 4.32e-01 4.88e-01 5.13e-01 4.88e-01 4.32e-01 3.64e-01 2.94e-01 2.28e-01 1.69e-01 1.18e-01 7.76e-02 4.77e-02 2.72e-02 1.44e-02 7.13e-03 3.26e-03 1.34e-03 4.75e-04 1.43e-04 3.54e-05 7.17e-06 1.18e-06 1.56e-07 1.64e-08 1.34e-09 8.41e-11 3.88e-12 1.24e-13 2.46e-15 2.27e-17 0.00e+00 0.00e+00 -0.00e+00 
-0.00e+00 0.00e+00 3.24e-18 3.60e-16 1.87e-14 6.06e-13 1.37e-11 2.31e-10 3.01e-09 3.09e-08 2.56e-07 1.73e-06 9.54e-06 4.34e-05 1.64e-04 5.20e-04 1.41e-03 3.36e-03 7.27e-03 1.46e-02 2.72e-02 4.71e-02 7.62e-02 1.15e-01 1.64e-01 2.24e-01 2.93e-01 3.75e-01 4.68e-01 5.60e-01 6.11e-01 5.60e-01 4.68e-01 3.75e-01 2.93e-01 2.24e-01 1.64e-01 1.15e-01 7.62e-02 4.71e-02 2.72e-02 1.46e-02 7.27e-03 3.36e-03 1.41e-03 5.20e-04 1.64e-04 4.34e-05 9.54e-06 1.73e-06 2.56e-07 3.09e-08 3.01e-09 2.31e-10 1.37e-11 6.06e-13 1.87e-14 3.60e-16 3.24e-18 0.00e+00 -0.00e+00 
-6.70e-19 6.70e-19 3.77e-17 2.00e-15 6.71e-14 1.59e-12 2.83e-11 3.96e-10 4.44e-09 4.07e-08 3.07e-07 1.92e-06 9.95e-06 4.29e-05 1.55e-04 4.75e-04 1.26e-03 2.96e-03 6.34e-03 1.26e-02 2.34e-02 4.03e-02 6.47e-02 9.75e-02 1.40e-01 1.93e-01 2.61e-01 3.54e-01 4.85e-01 6.54e-01 7.92e-01 6.54e-01 4.85e-01 3.54e-01 2.61e-01 1.93e-01 1.40e-01 9.75e-02 6.47e-02 4.03e-02 2.34e-02 1.26e-02 6.34e-03 2.96e-03 1.26e-03 4.75e-04 1.55e-04 4.29e-05 9.95e-06 1.92e-06 3.07e-07 4.07e-08 4.44e-09 3.96e-10 2.83e-11 1.59e-12 6.71e-14 2.00e-15 3.77e-17 3.35e-19 -3.35e-19 
-4.98e-18 4.98e-18 1.33e-16 4.54e-15 1.12e-13 2.13e-12 3.25e-11 4.06e-10 4.19e-09 3.59e-08 2.56e-07 1.53e-06 7.60e-06 3.17e-05 1.12e-04 3.35e-04 8.74e-04 2.03e-03 4.34e-03 8.62e-03 1.59e-02 2.72e-02 4.35e-02 6.58e-02 9.47e-02 1.33e-01 1.89e-01 2.81e-01 4.51e-01 7.70e-01 1.24e+00 7.70e-01 4.51e-01 2.81e-01 1.89e-01 1.33e-01 9.47e-02 6.58e-02 4.35e-02 2.72e-02 1.59e-02 8.62e-03 4.34e-03 2.03e-03 8.74e-04 3.35e-04 1.12e-04 3.17e-05 7.60e-06 1.53e-06 2.56e-07 3.59e-08 4.19e-09 4.06e-10 3.25e-11 2.13e-12 1.12e-13 4.54e-15 1.33e-16 2.47e-18 -2.47e-18 
-7.00e-18 7.00e-18 1.14e-16 2.88e-15 5.94e-14 1.02e-12 1.47e-11 1.75e-10 1.74e-09 1.44e-08 1.00e-07 5.83e-07 2.85e-06 1.17e-05 4.07e-05 1.21e-04 3.13e-04 7.28e-04 1.55e-03 3.05e-03 5.61e-03 9.66e-03 1.54e-02 2.32e-02 3.37e-02 4.85e-02 7.28e-02 1.24e-01 2.61e-01 7.31e-01 2.63e+00 7.31e-01 2.61e-01 1.24e-01 7.28e-02 4.85e-02 3.37e-02 2.32e-02 1.54e-02 9.66e-03 5.61e-03 3.05e-03 1.55e-03 7.28e-04 3.13e-04 1.21e-04 4.07e-05 1.17e-05 2.85e-06 5.83e-07 1.00e-07 1.44e-08 1.74e-09 1.75e-10 1.47e-11 1.02e-12 5.94e-14 2.88e-15 1.14e-16 3.43e-18 -3.43e-18 
7.00e-18 -7.00e-18 -1.14e-16 -2.88e-15 -5.94e-14 -1.02e-12 -1.47e-11 -1.75e-10 -1.74e-09 -1.44e-08 -1.00e-07 -5.83e-07 -2.85e-06 -1.17e-05 -4.07e-05 -1.21e-04 -3.13e-04 -7.28e-04 -1.55e-03 -3.05e-03 -5.61e-03 -9.66e-03 -1.54e-02 -2.32e-02 -3.37e-02 -4.85e-02 -7.28e-02 -1.24e-01 -2.61e-01 -7.31e-01 -2.63e+00 -7.31e-01 -2.61e-01 -1.24e-01 -7.28e-02 -4.85e-02 -3.37e-02 -2.32e-02 -1.54e-02 -9.66e-03 -5.61e-03 -3.05e-03 -1.55e-03 -7.28e-04 -3.13e-04 -1.21e-04 -4.07e-05 -1.17e-05 -2.85e-06 -5.83e-07 -1.00e-07 -1.44e-08 -1.74e-09 -1.75e-10 -1.47e-11 -1.02e-12 -5.94e-14 -2.88e-15 -1.14e-16 -3.43e-18 3.43e-18 
4.98e-18 -4.98e-18 -1.33e-16 -4.54e-15 -1.12e-13 -2.13e-12 -3.25e-11 -4.06e-10 -4.19e-09 -3.59e-08 -2.56e-07 -1.53e-06 -7.60e-06 -3.17e-05 -1.12e-04 -3.35e-04 -8.74e-04 -2.03e-03 -4.34e-03 -8.62e-03 -1.59e-02 -2.72e-02 -4.35e-02 -6.58e-02 -9.47e-02 -1.33e-01 -1.89e-01 -2.81e-01 -4.51e-01 -7.70e-01 -1.24e+00 -7.70e-01 -4.51e-01 -2.81e-01 -1.89e-01 -1.33e-01 -9.47e-02 -6.58e-02 -4.35e-02 -2.72e-02 -1.59e-02 -8.62e-03 -4.34e-03 -2.03e-03 -8.74e-04 -3.35e-04 -1.12e-04 -3.17e-05 -7.60e-06 -1.53e-06 -2.56e-07 -3.59e-08 -4.19e-09 -4.06e-10 -3.25e-11 -2.13e-12 -1.12e-13 -4.54e-15 -1.33e-16 -2.47e-18 2.47e-18 
6.70e-19 -6.70e-19 -3.77e-17 -2.00e-15 -6.71e-14 -1.59e-12 -2.83e-11 -3.96e-10 -4.44e-09 -4.07e-08 -3.07e-07 -1.92e-06 -9.95e-06 -4.29e-05 -1.55e-04 -4.75e-04 -1.26e-03 -2.96e-03 -6.34e-03 -1.26e-02 -2.34e-02 -4.03e-02 -6.47e-02 -9.75e-02 -1.40e-01 -1.93e-01 -2.61e-01 -3.54e-01 -4.85e-01 -6.54e-01 -7.92e-01 -6.54e-01 -4.85e-01 -3.54e-01 -2.61e-01 -1.93e-01 -1.40e-01 -9.75e-02 -6.47e-02 -4.03e-02 -2.34e-02 -1.26e-02 -6.34e-03 -2.96e-03 -1.26e-03 -4.75e-04 -1.55e-04 -4.29e-05 -9.95e-06 -1.92e-06 -3.07e-07 -4.07e-08 -4.44e-09 -3.96e-10 -2.83e-11 -1.59e-12 -6.71e-14 -2.00e-15 -3.77e-17 -3.35e-19 3.35e-19 
-0.00e+00 0.00e+00 -3.24e-18 -3.60e-16 -1.87e-14 -6.06e-13 -1.37e-11 -2.31e-10 -3.01e-09 -3.09e-08 -2.56e-07 -1.73e-06 -9.54e-06 -4.34e-05 -1.64e-04 -5.20e-04 -1.41e-03 -3.36e-03 -7.27e-03 -1.46e-02 -2.72e-02 -4.71e-02 -7.62e-02 -1.15e-01 -1.64e-01 -2.24e-01 -2.93e-01 -3.75e-01 -4.68e-01 -5.60e-01 -6.11e-01 -5.60e-01 -4.68e-01 -3.75e-01 -2.93e-01 -2.24e-01 -1.64e-01 -1.15e-01 -7.62e-02 -4.71e-02 -2.72e-02 -1.46e-02 -7.27e-03 -3.36e-03 -1.41e-03 -5.20e-04 -1.64e-04 -4.34e-05 -9.54e-06 -1.73e-06 -2.56e-07 -3.09e-08 -3.01e-09 -2.31e-10 -1.37e-11 -6.06e-13 -1.87e-14 -3.60e-16 -3.24e-18 0.00e+00 -0.00e+00 
-0.00e+00 0.00e+00 0.00e+00 -2.27e-17 -2.46e-15 -1.24e-13 -3.88e-12 -8.41e-11 -1.34e-09 -1.64e-08 -1.56e-07 -1.18e-06 -7.17e-06 -3.54e-05 -1.43e-04 -4.75e-04 -1.34e-03 -3.26e-03 -7.13e-03 -1.44e-02 -2.72e-02 -4.77e-02 -7.76e-02 -1.18e-01 -1.69e-01 -2.28e-01 -2.94e-01 -3.64e-01 -4.32e-01 -4.88e-01 -5.13e-01 -4.88e-01 -4.32e-01 -3.64e-01 -2.94e-01 -2.28e-01 -1.69e-01 -1.18e-01 -7.76e-02 -4.77e-02 -2.72e-02 -1.44e-02 -7.13e-03 -3.26e-03 -1.34e-03 -4.75e-04 -1.43e-04 -3.54e-05 -7.17e-06 -1.18e-06 -1.56e-07 -1.64e-08 -1.34e-09 -8.41e-11 -3.88e-12 -1.24e-13 -2.46e-15 -2.27e-17 0.00e+00 0.00e+00 -0.00e+00 
-0.00e+00 0.00e+00 0.00e+00 0.00e+00 -1.22e-16 -1.29e-14 -6.29e-13 -1.89e-11 -3.92e-10 -5.95e-09 -6.82e-08 -6.05e-07 -4.22e-06 -2.33e-05 -1.03e-04 -3.71e-04 -1.10e-03 -2.78e-03 -6.21e-03 -1.27e-02 -2.42e-02 -4.29e-02 -7.07e-02 -1.08e-01 -1.56e-01 -2.11e-01 -2.70e-01 -3.30e-01 -3.83e-01 -4.21e-01 -4.36e-01 -4.21e-01 -3.83e-01 -3.30e-01 -2.70e-01 -2.11e-01 -1.56e-01 -1.08e-01 -7.07e-02 -4.29e-02 -2.42e-02 -1.27e-02 -6.21e-03 -2.78e-03 -1.10e-03 -3.71e-04 -1.03e-04 -2.33e-05 -4.22e-06 -6.05e-07 -6.82e-08 -5.95e-09 -3.92e-10 -1.89e-11 -6.29e-13 -1.29e-14 -1.22e-16 0.00e+00 0.00e+00 0.00e+00 -0.00e+00 
-0.00e+00 0.00e+00 0.00e+00 0.00e+00 0.00e+00 -5.30e-16 -5.40e-14 -2.54e-12 -7.34e-11 -1.45e-09 -2.09e-08 -2.26e-07 -1.88e-06 -1.21e-05 -6.13e-05 -2.46e-04 -7.92e-04 -2.11e-03 -4.84e-03 -1.01e-02 -1.94e-02 -3.48e-02 -5.80e-02 -9.03e-02 -1.31e-01 -1.79e-01 -2.29e-01 -2.78e-01 -3.21e-01 -3.50e-01 -3.60e-01 -3.50e-01 -3.21e-01 -2.78e-01 -2.29e-01 -1.79e-01 -1.31e-01 -9.03e-02 -5.80e-02 -3.48e-02 -1.94e-02 -1.01e-02 -4.84e-03 -2.11e-03 -7.92e-04 -2.46e-04 -6.13e-05 -1.21e-05 -1.88e-06 -2.26e-07 -2.09e-08 -1.45e-09 -7.34e-11 -2.54e-12 -5.40e-14 -5.30e-16 0.00e+00 0.00e+00 0.00e+00 0.00e+00 -0.00e+00 
-0.00e+00 0.00e+00 0.00e+00 0.00e+00 0.00e+00 0.00e+00 -1.89e-15 -1.86e-13 -8.42e-12 -2.33e-10 -4.39e-09 -6.00e-08 -6.12e-07 -4.76e-06 -2.86e-05 -1.33e-04 -4.86e-04 -1.42e-03 -3.41e-03 -7.21e-03 -1.41e-02 -2.58e-02 -4.36e-02 -6.85e-02 -1.01e-01 -1.39e-01 -1.79e-01 -2.18e-01 -2.51e-01 -2.73e-01 -2.81e-01 -2.73e-01 -2.51e-01 -2.18e-01 -1.79e-01 -1.39e-01 -1.01e-01 -6.85e-02 -4.36e-02 -2.58e-02 -1.41e-02 -7.21e-03 -3.41e-03 -1.42e-03 -4.86e-04 -1.33e-04 -2.86e-05 -4.76e-06 -6.12e-07 -6.00e-08 -4.39e-09 -2.33e-10 -8.42e-12 -1.86e-13 -1.89e-15 0.00e+00 0.00e+00 0.00e+00 0.00e+00 0.00e+00 -0.00e+00 
-0.00e+00 0.00e+00 0.00e+00 0.00e+00 0.00e+00 0.00e+00 0.00e+00 -5.68e-15 -5.37e-13 -2.33e-11 -6.15e-10 -1.11e-08 -1.43e-07 -1.38e-06 -1.00e-05 -5.61e-05 -2.41e-04 -8.09e-04 -2.15e-03 -4.76e-03 -9.36e-03 -1.73e-02 -2.98e-02 -4.77e-02 -7.09e-02 -9.87e-02 -1.29e-01 -1.58e-01 -1.82e-01 -1.98e-01 -2.04e-01 -1.98e-01 -1.82e-01 -1.58e-01 -1.29e-01 -9.87e-02 -7.09e-02 -4.77e-02 -2.98e-02 -1.73e-02 -9.36e-03 -4.76e-03 -2.15e-03 -8.09e-04 -2.41e-04 -5.61e-05 -1.00e-05 -1.38e-06 -1.43e-07 -1.11e-08 -6.15e-10 -2.33e-11 -5.37e-13 -5.68e-15 0.00e+00 0.00e+00 0.00e+00 0.00e+00 0.00e+00 0.00e+00 -0.00e+00 
-0.00e+00 0.00e+00 0.00e+00 0.00e+00 0.00e+00 0.00e+00 0.00e+00 0.00e+00 -1.45e-14 -1.32e-12 -5.46e-11 -1.37e-09 -2.35e-08 -2.88e-07 -2.61e-06 -1.78e-05 -9.28e-05 -3.70e-04 -1.15e-03 -2.81e-03 -5.78e-03 -1.07e-02 -1.86e-02 -3.03e-02 -4.57e-02 -6.44e-02 -8.48e-02 -1.05e-01 -1.22e-01 -1.33e-01 -1.37e-01 -1.33e-01 -1.22e-01 -1.05e-01 -8.48e-02 -6.44e-02 -4.57e-02 -3.03e-02 -1.86e-02 -1.07e-02 -5.78e-03 -2.81e-03 -1.15e-03 -3.70e-04 -9.28e-05 -1.78e-05 -2.61e-06 -2.88e-07 -2.35e-08 -1.37e-09 -5.46e-11 -1.32e-12 -1.45e-14 0.00e+00 0.00e+00 0.00e+00 0.00e+00 0.00e+00 0.00e+00 0.00e+00 -0.00e+00 
-0.00e+00 0.00e+00 0.00e+00 0.00e+00 0.00e+00 0.00e+00 0.00e+00 0.00e+00 0.00e+00 -3.20e-14 -2.77e-12 -1.10e-10 -2.62e-09 -4.25e-08 -4.92e-07 -4.19e-06 -2.68e-05 -1.30e-04 -4.83e-04 -1.39e-03 -3.18e-03 -6.15e-03 -1.07e-02 -1.76e-02 -2.70e-02 -3.85e-02 -5.13e-02 -6.39e-02 -7.47e-02 -8.19e-02 -8.45e-02 -8.19e-02 -7.47e-02 -6.39e-02 -5.13e-02 -3.85e-02 -2.70e-02 -1.76e-02 -1.07e-02 -6.15e-03 -3.18e-03 -1.39e-03 -4.83e-04 -1.30e-04 -2.68e-05 -4.19e-06 -4.92e-07 -4.25e-08 -2.62e-09 -1.10e-10 -2.77e-12 -3.20e-14 0.00e+00 0.00e+00 0.00e+00 0.00e+00 0.00e+00 0.00e+00 0.00e+00 0.00e+00 -0.00e+00 
-0.00e+00 0.00e+00 0.00e+00 0.00e+00 0.00e+00 0.00e+00 0.00e+00 0.00e+00 0.00e+00 0.00e+00 -6.10e-14 -5.04e-12 -1.90e-10 -4.31e-09 -6.60e-08 -7.19e-07 -5.75e-06 -3.44e-05 -1.56e-04 -5.37e-04 -1.44e-03 -3.11e-03 -5.72e-03 -9.52e-03 -1.47e-02 -2.12e-02 -2.85e-02 -3.58e-02 -4.21e-02 -4.64e-02 -4.79e-02 -4.64e-02 -4.21e-02 -3.58e-02 -2.85e-02 -2.12e-02 -1.47e-02 -9.52e-03 -5.72e-03 -3.11e-03 -1.44e-03 -5.37e-04 -1.56e-04 -3.44e-05 -5.75e-06 -7.19e-07 -6.60e-08 -4.31e-09 -1.90e-10 -5.04e-12 -6.10e-14 0.00e+00 0.00e+00 0.00e+00 0.00e+00 0.00e+00 0.00e+00 0.00e+00 0.00e+00 0.00e+00 -0.00e+00 
-0.00e+00 0.00e+00 0.00e+00 0.00e+00 0.00e+00 0.00e+00 0.00e+00 0.00e+00 0.00e+00 0.00e+00 0.00e+00 -1.02e-13 -8.00e-12 -2.86e-10 -6.14e-09 -8.85e-08 -9.05e-07 -6.77e-06 -3.78e-05 -1.59e-04 -5.12e-04 -1.29e-03 -2.63e-03 -4.63e-03 -7.36e-03 -1.08e-02 -1.47e-02 -1.86e-02 -2.20e-02 -2.43e-02 -2.51e-02 -2.43e-02 -2.20e-02 -1.86e-02 -1.47e-02 -1.08e-02 -7.36e-03 -4.63e-03 -2.63e-03 -1.29e-03 -5.12e-04 -1.59e-04 -3.78e-05 -6.77e-06 -9.05e-07 -8.85e-08 -6.14e-09 -2.86e-10 -8.00e-12 -1.02e-13 0.00e+00 0.00e+00 0.00e+00 0.00e+00 0.00e+00 0.00e+00 0.00e+00 0.00e+00 0.00e+00 0.00e+00 -0.00e+00 
-0.00e+00 0.00e+00 0.00e+00 0.00e+00 0.00e+00 0.00e+00 0.00e+00 0.00e+00 0.00e+00 0.00e+00 0.00e+00 0.00e+00 -1.49e-13 -1.11e-11 -3.74e-10 -7.58e-09 -1.03e-07 -9.82e-07 -6.85e-06 -3.55e-05 -1.39e-04 -4.16e-04 -9.84e-04 -1.91e-03 -3.23e-03 -4.91e-03 -6.83e-03 -8.78e-03 -1.05e-02 -1.16e-02 -1.20e-02 -1.16e-02 -1.05e-02 -8.78e-03 -6.83e-03 -4.91e-03 -3.23e-03 -1.91e-03 -9.84e-04 -4.16e-04 -1.39e-04 -3.55e-05 -6.85e-06 -9.82e-07 -1.03e-07 -7.58e-09 -3.74e-10 -1.11e-11 -1.49e-13 0.00e+00 0.00e+00 0.00e+00 0.00e+00 0.00e+00 0.00e+00 0.00e+00 0.00e+00 0.00e+00 0.00e+00 0.00e+00 -0.00e+00 
-0.00e+00 0.00e+00 0.00e+00 0.00e+00 0.00e+00 0.00e+00 0.00e+00 0.00e+00 0.00e+00 0.00e+00 0.00e+00 0.00e+00 0.00e+00 -1.91e-13 -1.35e-11 -4.29e-10 -8.15e-09 -1.03e-07 -9.19e-07 -5.95e-06 -2.86e-05 -1.04e-04 -2.89e-04 -6.42e-04 -1.19e-03 -1.92e-03 -2.78e-03 -3.67e-03 -4.45e-03 -4.99e-03 -5.18e-03 -4.99e-03 -4.45e-03 -3.67e-03 -2.78e-03 -1.92e-03 -1.19e-03 -6.42e-04 -2.89e-04 -1.04e-04 -2.86e-05 -5.95e-06 -9.19e-07 -1.03e-07 -8.15e-09 -4.29e-10 -1.35e-11 -1.91e-13 0.00e+00 0.00e+00 0.00e+00 0.00e+00 0.00e+00 0.00e+00 0.00e+00 0.00e+00 0.00e+00 0.00e+00 0.00e+00 0.00e+00 -0.00e+00 
-0.00e+00 0.00e+00 0.00e+00 0.00e+00 0.00e+00 0.00e+00 0.00e+00 0.00e+00 0.00e+00 0.00e+00 0.00e+00 0.00e+00 0.00e+00 0.00e+00 -2.17e-13 -1.44e-11 -4.30e-10 -7.64e-09 -9.00e-08 -7.43e-07 -4.44e-06 -1.97e-05 -6.57e-05 -1.70e-04 -3.55e-04 -6.22e-04 -9.55e-04 -1.31e-03 -1.63e-03 -1.85e-03 -1.93e-03 -1.85e-03 -1.63e-03 -1.31e-03 -9.55e-04 -6.22e-04 -3.55e-04 -1.70e-04 -6.57e-05 -1.97e-05 -4.44e-06 -7.43e-07 -9.00e-08 -7.64e-09 -4.30e-10 -1.44e-11 -2.17e-13 0.00e+00 0.00e+00 0.00e+00 0.00e+00 0.00e+00 0.00e+00 0.00e+00 0.00e+00 0.00e+00 0.00e+00 0.00e+00 0.00e+00 0.00e+00 -0.00e+00 
-0.00e+00 0.00e+00 0.00e+00 0.00e+00 0.00e+00 0.00e+00 0.00e+00 0.00e+00 0.00e+00 0.00e+00 0.00e+00 0.00e+00 0.00e+00 0.00e+00 0.00e+00 -2.17e-13 -1.35e-11 -3.77e-10 -6.23e-09 -6.79e-08 -5.17e-07 -2.84e-06 -1.15e-05 -3.53e-05 -8.45e-05 -1.65e-04 -2.72e-04 -3.92e-04 -5.05e-04 -5.85e-04 -6.14e-04 -5.85e-04 -5.05e-04 -3.92e-04 -2.72e-04 -1.65e-04 -8.45e-05 -3.53e-05 -1.15e-05 -2.84e-06 -5.17e-07 -6.79e-08 -6.23e-09 -3.77e-10 -1.35e-11 -2.17e-13 0.00e+00 0.00e+00 0.00e+00 0.00e+00 0.00e+00 0.00e+00 0.00e+00 0.00e+00 0.00e+00 0.00e+00 0.00e+00 0.00e+00 0.00e+00 0.00e+00 -0.00e+00 
-0.00e+00 0.00e+00 0.00e+00 0.00e+00 0.00e+00 0.00e+00 0.00e+00 0.00e+00 0.00e+00 0.00e+00 0.00e+00 0.00e+00 0.00e+00 0.00e+00 0.00e+00 0.00e+00 -1.91e-13 -1.11e-11 -2.89e-10 -4.41e-09 -4.43e-08 -3.08e-07 -1.54e-06 -5.69e-06 -1.59e-05 -3.50e-05 -6.32e-05 -9.71e-05 -1.30e-04 -1.54e-04 -1.63e-04 -1.54e-04 -1.30e-04 -9.71e-05 -6.32e-05 -3.50e-05 -1.59e-05 -5.69e-06 -1.54e-06 -3.08e-07 -4.43e-08 -4.41e-09 -2.89e-10 -1.11e-11 -1.91e-13 0.00e+00 0.00e+00 0.00e+00 0.00e+00 0.00e+00 0.00e+00 0.00e+00 0.00e+00 0.00e+00 0.00e+00 0.00e+00 0.00e+00 0.00e+00 0.00e+00 0.00e+00 -0.00e+00 
-0.00e+00 0.00e+00 0.00e+00 0.00e+00 0.00e+00 0.00e+00 0.00e+00 0.00e+00 0.00e+00 0.00e+00 0.00e+00 0.00e+00 0.00e+00 0.00e+00 0.00e+00 0.00e+00 0.00e+00 -1.49e-13 -8.04e-12 -1.93e-10 -2.71e-09 -2.48e-08 -1.57e-07 -7.09e-07 -2.36e-06 -5.97e-06 -1.20e-05 -1.98e-05 -2.78e-05 -3.39e-05 -3.62e-05 -3.39e-05 -2.78e-05 -1.98e-05 -1.20e-05 -5.97e-06 -2.36e-06 -7.09e-07 -1.57e-07 -2.48e-08 -2.71e-09 -1.93e-10 -8.04e-12 -1.49e-13 0.00e+00 0.00e+00 0.00e+00 0.00e+00 0.00e+00 0.00e+00 0.00e+00 0.00e+00 0.00e+00 0.00e+00 0.00e+00 0.00e+00 0.00e+00 0.00e+00 0.00e+00 0.00e+00 -0.00e+00 
-0.00e+00 0.00e+00 0.00e+00 0.00e+00 0.00e+00 0.00e+00 0.00e+00 0.00e+00 0.00e+00 0.00e+00 0.00e+00 0.00e+00 0.00e+00 0.00e+00 0.00e+00 0.00e+00 0.00e+00 0.00e+00 -1.02e-13 -5.08e-12 -1.12e-10 -1.43e-09 -1.19e-08 -6.75e-08 -2.73e-07 -8.10e-07 -1.83e-06 -3.30e-06 -4.92e-06 -6.19e-06 -6.67e-06 -6.19e-06 -4.92e-06 -3.30e-06 -1.83e-06 -8.10e-07 -2.73e-07 -6.75e-08 -1.19e-08 -1.43e-09 -1.12e-10 -5.08e-12 -1.02e-13 0.00e+00 0.00e+00 0.00e+00 0.00e+00 0.00e+00 0.00e+00 0.00e+00 0.00e+00 0.00e+00 0.00e+00 0.00e+00 0.00e+00 0.00e+00 0.00e+00 0.00e+00 0.00e+00 0.00e+00 -0.00e+00 
-0.00e+00 0.00e+00 0.00e+00 0.00e+00 0.00e+00 0.00e+00 0.00e+00 0.00e+00 0.00e+00 0.00e+00 0.00e+00 0.00e+00 0.00e+00 0.00e+00 0.00e+00 0.00e+00 0.00e+00 0.00e+00 0.00e+00 -6.10e-14 -2.80e-12 -5.61e-11 -6.48e-10 -4.81e-09 -2.43e-08 -8.65e-08 -2.26e-07 -4.51e-07 -7.18e-07 -9.38e-07 -1.02e-06 -9.38e-07 -7.18e-07 -4.51e-07 -2.26e-07 -8.65e-08 -2.43e-08 -4.81e-09 -6.48e-10 -5.61e-11 -2.80e-12 -6.10e-14 0.00e+00 0.00e+00 0.00e+00 0.00e+00 0.00e+00 0.00e+00 0.00e+00 0.00e+00 0.00e+00 0.00e+00 0.00e+00 0.00e+00 0.00e+00 0.00e+00 0.00e+00 0.00e+00 0.00e+00 0.00e+00 -0.00e+00 
-0.00e+00 0.00e+00 0.00e+00 0.00e+00 0.00e+00 0.00e+00 0.00e+00 0.00e+00 0.00e+00 0.00e+00 0.00e+00 0.00e+00 0.00e+00 0.00e+00 0.00e+00 0.00e+00 0.00e+00 0.00e+00 0.00e+00 0.00e+00 -3.20e-14 -1.33e-12 -2.41e-11 -2.48e-10 -1.63e-09 -7.18e-09 -2.22e-08 -5.01e-08 -8.64e-08 -1.18e-07 -1.31e-07 -1.18e-07 -8.64e-08 -5.01e-08 -2.22e-08 -7.18e-09 -1.63e-09 -2.48e-10 -2.41e-11 -1.33e-12 -3.20e-14 0.00e+00 0.00e+00 0.00e+00 0.00e+00 0.00e+00 0.00e+00 0.00e+00 0.00e+00 0.00e+00 0.00e+00 0.00e+00 0.00e+00 0.00e+00 0.00e+00 0.00e+00 0.00e+00 0.00e+00 0.00e+00 0.00e+00 -0.00e+00 
-0.00e+00 0.00e+00 0.00e+00 0.00e+00 0.00e+00 0.00e+00 0.00e+00 0.00e+00 0.00e+00 0.00e+00 0.00e+00 0.00e+00 0.00e+00 0.00e+00 0.00e+00 0.00e+00 0.00e+00 0.00e+00 0.00e+00 0.00e+00 0.00e+00 -1.45e-14 -5.45e-13 -8.78e-12 -7.96e-11 -4.53e-10 -1.71e-09 -4.49e-09 -8.53e-09 -1.23e-08 -1.39e-08 -1.23e-08 -8.53e-09 -4.49e-09 -1.71e-09 -4.53e-10 -7.96e-11 -8.78e-12 -5.45e-13 -1.45e-14 0.00e+00 0.00e+00 0.00e+00 0.00e+00 0.00e+00 0.00e+00 0.00e+00 0.00e+00 0.00e+00 0.00e+00 0.00e+00 0.00e+00 0.00e+00 0.00e+00 0.00e+00 0.00e+00 0.00e+00 0.00e+00 0.00e+00 0.00e+00 -0.00e+00 
-0.00e+00 0.00e+00 0.00e+00 0.00e+00 0.00e+00 0.00e+00 0.00e+00 0.00e+00 0.00e+00 0.00e+00 0.00e+00 0.00e+00 0.00e+00 0.00e+00 0.00e+00 0.00e+00 0.00e+00 0.00e+00 0.00e+00 0.00e+00 0.00e+00 0.00e+00 -5.68e-15 -1.90e-13 -2.68e-12 -2.10e-11 -1.01e-10 -3.19e-10 -6.86e-10 -1.06e-09 -1.22e-09 -1.06e-09 -6.86e-10 -3.19e-10 -1.01e-10 -2.10e-11 -2.68e-12 -1.90e-13 -5.68e-15 0.00e+00 0.00e+00 0.00e+00 0.00e+00 0.00e+00 0.00e+00 0.00e+00 0.00e+00 0.00e+00 0.00e+00 0.00e+00 0.00e+00 0.00e+00 0.00e+00 0.00e+00 0.00e+00 0.00e+00 0.00e+00 0.00e+00 0.00e+00 0.00e+00 -0.00e+00 
-0.00e+00 0.00e+00 0.00e+00 0.00e+00 0.00e+00 0.00e+00 0.00e+00 0.00e+00 0.00e+00 0.00e+00 0.00e+00 0.00e+00 0.00e+00 0.00e+00 0.00e+00 0.00e+00 0.00e+00 0.00e+00 0.00e+00 0.00e+00 0.00e+00 0.00e+00 0.00e+00 -1.89e-15 -5.54e-14 -6.72e-13 -4.43e-12 -1.75e-11 -4.43e-11 -7.47e-11 -8.84e-11 -7.47e-11 -4.43e-11 -1.75e-11 -4.43e-12 -6.72e-13 -5.54e-14 -1.89e-15 0.00e+00 0.00e+00 0.00e+00 0.00e+00 0.00e+00 0.00e+00 0.00e+00 0.00e+00 0.00e+00 0.00e+00 0.00e+00 0.00e+00 0.00e+00 0.00e+00 0.00e+00 0.00e+00 0.00e+00 0.00e+00 0.00e+00 0.00e+00 0.00e+00 0.00e+00 -0.00e+00 
-0.00e+00 0.00e+00 0.00e+00 0.00e+00 0.00e+00 0.00e+00 0.00e+00 0.00e+00 0.00e+00 0.00e+00 0.00e+00 0.00e+00 0.00e+00 0.00e+00 0.00e+00 0.00e+00 0.00e+00 0.00e+00 0.00e+00 0.00e+00 0.00e+00 0.00e+00 0.00e+00 0.00e+00 -5.30e-16 -1.33e-14 -1.35e-13 -7.22e-13 -2.24e-12 -4.26e-12 -5.23e-12 -4.26e-12 -2.24e-12 -7.22e-13 -1.35e-13 -1.33e-14 -5.30e-16 0.00e+00 0.00e+00 0.00e+00 0.00e+00 0.00e+00 0.00e+00 0.00e+00 0.00e+00 0.00e+00 0.00e+00 0.00e+00 0.00e+00 0.00e+00 0.00e+00 0.00e+00 0.00e+00 0.00e+00 0.00e+00 0.00e+00 0.00e+00 0.00e+00 0.00e+00 0.00e+00 -0.00e+00 
-0.00e+00 0.00e+00 0.00e+00 0.00e+00 0.00e+00 0.00e+00 0.00e+00 0.00e+00 0.00e+00 0.00e+00 0.00e+00 0.00e+00 0.00e+00 0.00e+00 0.00e+00 0.00e+00 0.00e+00 0.00e+00 0.00e+00 0.00e+00 0.00e+00 0.00e+00 0.00e+00 0.00e+00 0.00e+00 -1.22e-16 -2.56e-15 -2.09e-14 -8.60e-14 -1.93e-13 -2.50e-13 -1.93e-13 -8.60e-14 -2.09e-14 -2.56e-15 -1.22e-16 0.00e+00 0.00e+00 0.00e+00 0.00e+00 0.00e+00 0.00e+00 0.00e+00 0.00e+00 0.00e+00 0.00e+00 0.00e+00 0.00e+00 0.00e+00 0.00e+00 0.00e+00 0.00e+00 0.00e+00 0.00e+00 0.00e+00 0.00e+00 0.00e+00 0.00e+00 0.00e+00 0.00e+00 -0.00e+00 
-0.00e+00 0.00e+00 0.00e+00 0.00e+00 0.00e+00 0.00e+00 0.00e+00 0.00e+00 0.00e+00 0.00e+00 0.00e+00 0.00e+00 0.00e+00 0.00e+00 0.00e+00 0.00e+00 0.00e+00 0.00e+00 0.00e+00 0.00e+00 0.00e+00 0.00e+00 0.00e+00 0.00e+00 0.00e+00 0.00e+00 -2.27e-17 -3.79e-16 -2.35e-15 -6.75e-15 -9.51e-15 -6.75e-15 -2.35e-15 -3.79e-16 -2.27e-17 0.00e+00 0.00e+00 0.00e+00 0.00e+00 0.00e+00 0.00e+00 0.00e+00 0.00e+00 0.00e+00 0.00e+00 0.00e+00 0.00e+00 0.00e+00 0.00e+00 0.00e+00 0.00e+00 0.00e+00 0.00e+00 0.00e+00 0.00e+00 0.00e+00 0.00e+00 0.00e+00 0.00e+00 0.00e+00 -0.00e+00 
-0.00e+00 0.00e+00 0.00e+00 0.00e+00 0.00e+00 0.00e+00 0.00e+00 0.00e+00 0.00e+00 0.00e+00 0.00e+00 0.00e+00 0.00e+00 0.00e+00 0.00e+00 0.00e+00 0.00e+00 0.00e+00 0.00e+00 0.00e+00 0.00e+00 0.00e+00 0.00e+00 0.00e+00 0.00e+00 0.00e+00 0.00e+00 -3.24e-18 -4.06e-17 -1.71e-16 -2.82e-16 -1.71e-16 -4.06e-17 -3.24e-18 0.00e+00 0.00e+00 0.00e+00 0.00e+00 0.00e+00 0.00e+00 0.00e+00 0.00e+00 0.00e+00 0.00e+00 0.00e+00 0.00e+00 0.00e+00 0.00e+00 0.00e+00 0.00e+00 0.00e+00 0.00e+00 0.00e+00 0.00e+00 0.00e+00 0.00e+00 0.00e+00 0.00e+00 0.00e+00 0.00e+00 -0.00e+00 
-0.00e+00 0.00e+00 0.00e+00 0.00e+00 0.00e+00 0.00e+00 0.00e+00 0.00e+00 0.00e+00 0.00e+00 0.00e+00 0.00e+00 0.00e+00 0.00e+00 0.00e+00 0.00e+00 0.00e+00 0.00e+00 0.00e+00 0.00e+00 0.00e+00 0.00e+00 0.00e+00 0.00e+00 0.00e+00 0.00e+00 0.00e+00 0.00e+00 -6.70e-19 -5.60e-18 -1.25e-17 -5.60e-18 -6.70e-19 0.00e+00 0.00e+00 0.00e+00 0.00e+00 0.00e+00 0.00e+00 0.00e+00 0.00e+00 0.00e+00 0.00e+00 0.00e+00 0.00e+00 0.00e+00 0.00e+00 0.00e+00 0.00e+00 0.00e+00 0.00e+00 0.00e+00 0.00e+00 0.00e+00 0.00e+00 0.00e+00 0.00e+00 0.00e+00 0.00e+00 0.00e+00 -0.00e+00 
0.00e+00 -0.00e+00 -0.00e+00 -0.00e+00 -0.00e+00 -0.00e+00 -0.00e+00 -0.00e+00 -0.00e+00 -0.00e+00 -0.00e+00 -0.00e+00 -0.00e+00 -0.00e+00 -0.00e+00 -0.00e+00 -0.00e+00 -0.00e+00 -0.00e+00 -0.00e+00 -0.00e+00 -0.00e+00 -0.00e+00 -0.00e+00 -0.00e+00 -0.00e+00 -0.00e+00 -0.00e+00 6.70e-19 5.60e-18 1.25e-17 5.60e-18 6.70e-19 -0.00e+00 -0.00e+00 -0.00e+00 -0.00e+00 -0.00e+00 -0.00e+00 -0.00e+00 -0.00e+00 -0.00e+00 -0.00e+00 -0.00e+00 -0.00e+00 -0.00e+00 -0.00e+00 -0.00e+00 -0.00e+00 -0.00e+00 -0.00e+00 -0.00e+00 -0.00e+00 -0.00e+00 -0.00e+00 -0.00e+00 -0.00e+00 -0.00e+00 -0.00e+00 -0.00e+00 0.00e+00 
