6.12e-06 -6.12e-06 -1.34e-05 -3.88e-05 -8.20e-05 -1.14e-04 -8.99e-05 -1.57e-05 5.54e-05 1.11e-04 1.50e-04 1.61e-04 1.66e-04 1.61e-04 1.58e-04 1.55e-04 1.58e-04 1.61e-04 1.66e-04 1.61e-04 1.50e-04 1.11e-04 5.54e-05 -1.57e-05 -8.99e-05 -1.14e-04 -8.20e-05 -3.88e-05 -1.27e-05 -2.52e-06 2.52e-06 
-6.12e-06 6.12e-06 1.34e-05 3.88e-05 8.20e-05 1.14e-04 8.99e-05 1.57e-05 -5.54e-05 -1.11e-04 -1.50e-04 -1.61e-04 -1.66e-04 -1.61e-04 -1.58e-04 -1.55e-04 -1.58e-04 -1.61e-04 -1.66e-04 -1.61e-04 -1.50e-04 -1.11e-04 -5.54e-05 1.57e-05 8.99e-05 1.14e-04 8.20e-05 3.88e-05 1.27e-05 2.52e-06 -2.52e-06 
-3.02e-05 3.02e-05 5.57e-05 1.32e-04 2.25e-04 2.43e-04 1.31e-04 -2.39e-05 -1.35e-04 -2.24e-04 -2.65e-04 -2.71e-04 -2.75e-04 -2.55e-04 -2.56e-04 -2.44e-04 -2.56e-04 -2.55e-04 -2.75e-04 -2.71e-04 -2.65e-04 -2.24e-04 -1.35e-04 -2.39e-05 1.31e-04 2.43e-04 2.25e-04 1.31e-04 5.20e-05 1.19e-05 -1.19e-05 
-9.01e-05 9.01e-05 1.33e-04 2.27e-04 2.60e-04 1.48e-04 -3.20e-06 -4.95e-05 -7.17e-05 -9.83e-05 -7.35e-05 -9.21e-05 -8.31e-05 -9.01e-05 -9.26e-05 -9.10e-05 -9.26e-05 -9.01e-05 -8.31e-05 -9.21e-05 -7.35e-05 -9.83e-05 -7.17e-05 -4.95e-05 -3.21e-06 1.48e-04 2.60e-04 2.24e-04 1.19e-04 3.30e-05 -3.30e-05 
-1.92e-04 1.92e-04 2.24e-04 2.42e-04 1.30e-04 -2.10e-05 1.10e-06 8.64e-05 6.37e-05 8.94e-05 7.31e-05 1.60e-05 2.42e-05 -3.98e-05 -1.34e-05 -5.80e-05 -1.34e-05 -3.98e-05 2.42e-05 1.60e-05 7.31e-05 8.94e-05 6.37e-05 8.64e-05 1.08e-06 -2.12e-05 1.28e-04 2.32e-04 1.82e-04 6.27e-05 -6.27e-05 
-2.89e-04 2.89e-04 2.65e-04 1.53e-04 1.45e-06 2.35e-05 1.53e-04 1.00e-04 5.52e-05 8.55e-05 -1.54e-05 2.40e-05 -1.56e-05 -8.76e-06 -4.92e-06 -1.66e-05 -4.92e-06 -8.76e-06 -1.56e-05 2.40e-05 -1.54e-05 8.55e-05 5.52e-05 1.00e-04 1.53e-04 2.25e-05 -4.36e-06 1.27e-04 1.78e-04 7.83e-05 -7.83e-05 
-3.14e-04 3.14e-04 2.40e-04 8.54e-05 3.91e-05 1.24e-04 7.16e-05 -2.23e-05 7.23e-05 3.01e-05 4.67e-05 1.26e-04 5.86e-05 1.61e-04 7.39e-05 1.67e-04 7.39e-05 1.61e-04 5.86e-05 1.26e-04 4.67e-05 3.01e-05 7.23e-05 -2.23e-05 7.11e-05 1.21e-04 2.49e-05 3.38e-05 1.03e-04 5.98e-05 -5.98e-05 
-2.74e-04 2.74e-04 2.03e-04 9.24e-05 7.02e-05 4.74e-05 2.28e-06 9.69e-05 1.10e-04 5.64e-05 1.62e-04 7.11e-05 1.24e-04 9.43e-05 9.94e-05 1.04e-04 9.94e-05 9.43e-05 1.24e-04 7.11e-05 1.62e-04 5.64e-05 1.10e-04 9.67e-05 1.02e-06 4.08e-05 4.40e-05 1.45e-05 3.50e-05 2.63e-05 -2.63e-05 
-2.22e-04 2.22e-04 1.67e-04 7.76e-05 5.10e-05 7.68e-05 1.07e-04 6.49e-05 1.09e-05 8.38e-05 4.80e-05 4.50e-05 1.04e-04 5.93e-05 1.38e-04 7.32e-05 1.38e-04 5.93e-05 1.04e-04 4.50e-05 4.80e-05 8.38e-05 1.08e-05 6.44e-05 1.05e-04 6.55e-05 1.30e-05 -1.85e-05 -8.72e-06 2.58e-06 -2.58e-06 
-1.60e-04 1.60e-04 1.21e-04 7.98e-05 1.05e-04 8.83e-05 -1.27e-05 3.91e-06 1.10e-04 7.42e-05 8.70e-05 1.41e-04 1.24e-04 1.78e-04 1.53e-04 1.92e-04 1.53e-04 1.78e-04 1.24e-04 1.41e-04 8.70e-05 7.42e-05 1.10e-04 3.06e-06 -1.68e-05 7.26e-05 5.82e-05 -2.36e-05 -4.51e-05 -1.69e-05 1.69e-05 
-1.07e-04 1.07e-04 9.58e-05 9.03e-05 7.16e-05 1.45e-05 5.40e-05 1.33e-04 4.16e-05 3.85e-05 9.23e-05 6.02e-05 1.28e-04 9.49e-05 1.65e-04 1.28e-04 1.65e-04 9.49e-05 1.28e-04 6.02e-05 9.23e-05 3.85e-05 4.14e-05 1.32e-04 4.86e-05 -3.86e-06 2.23e-05 -9.03e-06 -4.62e-05 -2.46e-05 2.46e-05 
-7.25e-05 7.25e-05 6.66e-05 6.27e-05 7.17e-05 7.99e-05 4.03e-05 -2.68e-05 2.65e-05 8.56e-05 6.85e-05 1.36e-04 1.20e-04 1.97e-04 2.21e-04 2.58e-04 2.21e-04 1.97e-04 1.20e-04 1.36e-04 6.85e-05 8.56e-05 2.62e-05 -2.82e-05 3.45e-05 6.14e-05 2.58e-05 -2.27e-05 -4.59e-05 -2.29e-05 2.29e-05 
-3.97e-05 3.97e-05 4.55e-05 6.52e-05 5.82e-05 -5.72e-06 1.12e-06 1.04e-04 7.34e-05 2.87e-05 8.26e-05 4.95e-05 1.27e-04 1.74e-04 2.51e-04 3.11e-04 2.51e-04 1.74e-04 1.27e-04 4.95e-05 8.25e-05 2.86e-05 7.31e-05 1.02e-04 -4.10e-06 -2.15e-05 2.12e-05 -8.01e-09 -3.45e-05 -2.04e-05 2.04e-05 
-2.52e-05 2.52e-05 2.74e-05 2.65e-05 2.39e-05 5.04e-05 5.42e-05 -3.29e-05 -2.78e-05 5.07e-05 2.65e-05 9.64e-05 1.20e-04 1.98e-04 3.38e-04 5.61e-04 3.38e-04 1.98e-04 1.20e-04 9.64e-05 2.65e-05 5.06e-05 -2.80e-05 -3.39e-05 5.06e-05 3.98e-05 2.23e-08 -1.38e-05 -2.01e-05 -1.08e-05 1.08e-05 
-4.51e-06 4.51e-06 7.50e-06 2.01e-05 2.18e-05 -2.29e-05 -3.47e-05 5.84e-05 6.27e-05 -1.91e-06 3.72e-05 3.56e-09 3.71e-05 9.64e-05 3.20e-04 1.22e-03 3.20e-04 9.64e-05 3.71e-05 3.25e-09 3.72e-05 -1.92e-06 6.26e-05 5.81e-05 -3.60e-05 -2.66e-05 1.35e-05 6.25e-06 -8.44e-06 -5.41e-06 5.41e-06 
4.51e-06 -4.51e-06 -7.50e-06 -2.01e-05 -2.18e-05 2.29e-05 3.47e-05 -5.84e-05 -6.27e-05 1.91e-06 -3.72e-05 -3.56e-09 -3.71e-05 -9.64e-05 -3.20e-04 -1.22e-03 -3.20e-04 -9.64e-05 -3.71e-05 -3.25e-09 -3.72e-05 1.92e-06 -6.26e-05 -5.81e-05 3.60e-05 2.66e-05 -1.35e-05 -6.25e-06 8.44e-06 5.41e-06 -5.41e-06 
2.52e-05 -2.52e-05 -2.74e-05 -2.65e-05 -2.39e-05 -5.04e-05 -5.42e-05 3.29e-05 2.78e-05 -5.07e-05 -2.65e-05 -9.64e-05 -1.20e-04 -1.98e-04 -3.38e-04 -5.61e-04 -3.38e-04 -1.98e-04 -1.20e-04 -9.64e-05 -2.65e-05 -5.06e-05 2.80e-05 3.39e-05 -5.06e-05 -3.98e-05 -2.23e-08 1.38e-05 2.01e-05 1.08e-05 -1.08e-05 
3.97e-05 -3.97e-05 -4.55e-05 -6.52e-05 -5.82e-05 5.72e-06 -1.12e-06 -1.04e-04 -7.34e-05 -2.87e-05 -8.26e-05 -4.95e-05 -1.27e-04 -1.74e-04 -2.51e-04 -3.11e-04 -2.51e-04 -1.74e-04 -1.27e-04 -4.95e-05 -8.25e-05 -2.86e-05 -7.31e-05 -1.02e-04 4.10e-06 2.15e-05 -2.12e-05 8.01e-09 3.45e-05 2.04e-05 -2.04e-05 
7.25e-05 -7.25e-05 -6.66e-05 -6.27e-05 -7.17e-05 -7.99e-05 -4.03e-05 2.68e-05 -2.65e-05 -8.56e-05 -6.85e-05 -1.36e-04 -1.20e-04 -1.97e-04 -2.21e-04 -2.58e-04 -2.21e-04 -1.97e-04 -1.20e-04 -1.36e-04 -6.85e-05 -8.56e-05 -2.62e-05 2.82e-05 -3.45e-05 -6.14e-05 -2.58e-05 2.27e-05 4.59e-05 2.29e-05 -2.29e-05 
1.07e-04 -1.07e-04 -9.58e-05 -9.03e-05 -7.16e-05 -1.45e-05 -5.40e-05 -1.33e-04 -4.16e-05 -3.85e-05 -9.23e-05 -6.02e-05 -1.28e-04 -9.49e-05 -1.65e-04 -1.28e-04 -1.65e-04 -9.49e-05 -1.28e-04 -6.02e-05 -9.23e-05 -3.85e-05 -4.14e-05 -1.32e-04 -4.86e-05 3.86e-06 -2.23e-05 9.03e-06 4.62e-05 2.46e-05 -2.46e-05 
1.60e-04 -1.60e-04 -1.21e-04 -7.98e-05 -1.05e-04 -8.83e-05 1.27e-05 -3.91e-06 -1.10e-04 -7.42e-05 -8.70e-05 -1.41e-04 -1.24e-04 -1.78e-04 -1.54e-04 -1.93e-04 -1.54e-04 -1.78e-04 -1.24e-04 -1.41e-04 -8.70e-05 -7.42e-05 -1.10e-04 -3.06e-06 1.68e-05 -7.26e-05 -5.82e-05 2.36e-05 4.51e-05 1.69e-05 -1.69e-05 
2.22e-04 -2.22e-04 -1.67e-04 -7.76e-05 -5.10e-05 -7.68e-05 -1.07e-04 -6.49e-05 -1.09e-05 -8.39e-05 -4.82e-05 -4.53e-05 -1.05e-04 -6.02e-05 -1.39e-04 -7.43e-05 -1.39e-04 -6.02e-05 -1.05e-04 -4.53e-05 -4.82e-05 -8.39e-05 -1.08e-05 -6.45e-05 -1.05e-04 -6.55e-05 -1.30e-05 1.85e-05 8.72e-06 -2.58e-06 2.58e-06 
2.74e-04 -2.74e-04 -2.03e-04 -9.24e-05 -7.02e-05 -4.74e-05 -2.29e-06 -9.69e-05 -1.11e-04 -5.70e-05 -1.64e-04 -7.35e-05 -1.28e-04 -9.88e-05 -1.05e-04 -1.09e-04 -1.05e-04 -9.88e-05 -1.28e-04 -7.35e-05 -1.64e-04 -5.70e-05 -1.11e-04 -9.68e-05 -1.03e-06 -4.08e-05 -4.40e-05 -1.45e-05 -3.50e-05 -2.63e-05 2.63e-05 
3.14e-04 -3.14e-04 -2.40e-04 -8.54e-05 -3.91e-05 -1.24e-04 -7.17e-05 2.17e-05 -7.39e-05 -3.39e-05 -5.37e-05 -1.37e-04 -7.41e-05 -1.80e-04 -9.59e-05 -1.90e-04 -9.59e-05 -1.80e-04 -7.41e-05 -1.37e-04 -5.37e-05 -3.39e-05 -7.39e-05 2.18e-05 -7.13e-05 -1.22e-04 -2.49e-05 -3.38e-05 -1.03e-04 -5.98e-05 5.98e-05 
2.89e-04 -2.89e-04 -2.65e-04 -1.53e-04 -1.50e-06 -2.38e-05 -1.54e-04 -1.04e-04 -6.41e-05 -1.03e-04 -1.38e-05 -6.63e-05 -3.94e-05 -5.68e-05 -6.76e-05 -5.83e-05 -6.76e-05 -5.68e-05 -3.94e-05 -6.63e-05 -1.38e-05 -1.03e-04 -6.41e-05 -1.04e-04 -1.54e-04 -2.28e-05 4.32e-06 -1.27e-04 -1.78e-04 -7.83e-05 7.83e-05 
1.92e-04 -1.92e-04 -2.24e-04 -2.42e-04 -1.31e-04 1.90e-05 -7.88e-06 -1.04e-04 -1.01e-04 -1.54e-04 -1.68e-04 -1.42e-04 -1.78e-04 -1.35e-04 -1.75e-04 -1.35e-04 -1.75e-04 -1.35e-04 -1.78e-04 -1.42e-04 -1.68e-04 -1.54e-04 -1.01e-04 -1.04e-04 -7.86e-06 1.93e-05 -1.29e-04 -2.32e-04 -1.82e-04 -6.27e-05 6.27e-05 
9.01e-05 -9.01e-05 -1.33e-04 -2.27e-04 -2.63e-04 -1.59e-04 -2.82e-05 -1.93e-05 -4.88e-05 -8.03e-05 -1.62e-04 -1.93e-04 -2.42e-04 -2.63e-04 -2.77e-04 -2.84e-04 -2.77e-04 -2.63e-04 -2.42e-04 -1.93e-04 -1.62e-04 -8.03e-05 -4.88e-05 -1.93e-05 -2.82e-05 -1.59e-04 -2.63e-04 -2.24e-04 -1.19e-04 -3.30e-05 3.30e-05 
3.04e-05 -3.04e-05 -5.64e-05 -1.35e-04 -2.41e-04 -2.90e-04 -2.39e-04 -1.70e-04 -1.50e-04 -1.40e-04 -1.62e-04 -1.99e-04 -2.22e-04 -2.56e-04 -2.63e-04 -2.77e-04 -2.63e-04 -2.56e-04 -2.22e-04 -1.99e-04 -1.62e-04 -1.40e-04 -1.50e-04 -1.70e-04 -2.39e-04 -2.90e-04 -2.40e-04 -1.35e-04 -5.27e-05 -1.20e-05 1.20e-05 
7.64e-06 -7.64e-06 -1.79e-05 -5.80e-05 -1.44e-04 -2.63e-04 -3.63e-04 -4.06e-04 -4.14e-04 -4.03e-04 -3.75e-04 -3.53e-04 -3.30e-04 -3.16e-04 -3.07e-04 -3.04e-04 -3.07e-04 -3.16e-04 -3.30e-04 -3.53e-04 -3.75e-04 -4.03e-04 -4.14e-04 -4.06e-04 -3.63e-04 -2.63e-04 -1.44e-04 -5.79e-05 -1.72e-05 -3.19e-06 3.19e-06 
2.70e-06 -2.70e-06 -7.74e-06 -3.16e-05 -9.75e-05 -2.23e-04 -3.80e-04 -4.99e-04 -5.52e-04 -5.57e-04 -5.23e-04 -4.74e-04 -4.28e-04 -3.88e-04 -3.66e-04 -3.55e-04 -3.66e-04 -3.88e-04 -4.28e-04 -4.74e-04 -5.23e-04 -5.57e-04 -5.52e-04 -4.99e-04 -3.80e-04 -2.23e-04 -9.75e-05 -3.15e-05 -7.55e-06 -1.17e-06 1.17e-06 
-2.70e-06 2.70e-06 7.74e-06 3.16e-05 9.75e-05 2.23e-04 3.80e-04 4.99e-04 5.52e-04 5.57e-04 5.23e-04 4.74e-04 4.28e-04 3.88e-04 3.66e-04 3.55e-04 3.66e-04 3.88e-04 4.28e-04 4.74e-04 5.23e-04 5.57e-04 5.52e-04 4.99e-04 3.80e-04 2.23e-04 9.75e-05 3.15e-05 7.55e-06 1.17e-06 -1.17e-06 
