0.00e+00 -0.00e+00 -0.00e+00 -0.00e+00 -0.00e+00 -0.00e+00 -0.00e+00 -0.00e+00 -0.00e+00 -0.00e+00 -7.02e-19 -5.71e-17 -2.15e-15 -4.95e-14 -7.83e-13 -9.03e-12 -7.88e-11 -5.33e-10 -2.85e-09 -1.22e-08 -4.24e-08 -1.22e-07 -2.95e-07 -6.12e-07 -1.11e-06 -1.80e-06 -2.62e-06 -3.48e-06 -4.23e-06 -4.76e-06 -4.94e-06 -4.76e-06 -4.23e-06 -3.48e-06 -2.62e-06 -1.80e-06 -1.11e-06 -6.12e-07 -2.95e-07 -1.22e-07 -4.24e-08 -1.22e-08 -2.85e-09 -5.33e-10 -7.88e-11 -9.03e-12 -7.83e-13 -4.95e-14 -2.15e-15 -5.71e-17 -7.02e-19 -0.00e+00 -0.00e+00 -0.00e+00 -0.00e+00 -0.00e+00 -0.00e+00 -0.00e+00 -0.00e+00 -0.00e+00 0.00e+00 
-0.00e+00 0.00e+00 0.00e+00 0.00e+00 0.00e+00 0.00e+00 0.00e+00 0.00e+00 0.00e+00 0.00e+00 7.02e-19 5.71e-17 2.15e-15 4.95e-14 7.83e-13 9.03e-12 7.88e-11 5.33e-10 2.85e-09 1.22e-08 4.24e-08 1.22e-07 2.95e-07 6.12e-07 1.11e-06 1.80e-06 2.62e-06 3.48e-06 4.23e-06 4.76e-06 4.94e-06 4.76e-06 4.23e-06 3.48e-06 2.62e-06 1.80e-06 1.11e-06 6.12e-07 2.95e-07 1.22e-07 4.24e-08 1.22e-08 2.85e-09 5.33e-10 7.88e-11 9.03e-12 7.83e-13 4.95e-14 2.15e-15 5.71e-17 7.02e-19 0.00e+00 0.00e+00 0.00e+00 0.00e+00 0.00e+00 0.00e+00 0.00e+00 0.00e+00 0.00e+00 -0.00e+00 
-0.00e+00 0.00e+00 0.00e+00 0.00e+00 0.00e+00 0.00e+00 0.00e+00 0.00e+00 0.00e+00 9.36e-19 8.06e-17 3.22e-15 7.89e-14 1.33e-12 1.65e-11 1.55e-10 1.13e-09 6.53e-09 3.03e-08 1.14e-07 3.56e-07 9.30e-07 2.07e-06 4.02e-06 6.93e-06 1.07e-05 1.51e-05 1.96e-05 2.35e-05 2.62e-05 2.71e-05 2.62e-05 2.35e-05 1.96e-05 1.51e-05 1.07e-05 6.93e-06 4.02e-06 2.07e-06 9.30e-07 3.56e-07 1.14e-07 3.03e-08 6.53e-09 1.13e-09 1.55e-10 1.65e-11 1.33e-12 7.89e-14 3.22e-15 8.06e-17 9.36e-19 0.00e+00 0.00e+00 0.00e+00 0.00e+00 0.00e+00 0.00e+00 0.00e+00 0.00e+00 -0.00e+00 
-0.00e+00 0.00e+00 0.00e+00 0.00e+00 0.00e+00 0.00e+00 0.00e+00 0.00e+00 1.15e-18 1.04e-16 4.34e-15 1.12e-13 2.00e-12 2.61e-11 2.59e-10 2.01e-09 1.23e-08 6.10e-08 2.45e-07 8.10e-07 2.24e-06 5.27e-06 1.07e-05 1.94e-05 3.14e-05 4.64e-05 6.30e-05 7.94e-05 9.34e-05 1.03e-04 1.06e-04 1.03e-04 9.34e-05 7.94e-05 6.30e-05 4.64e-05 3.14e-05 1.94e-05 1.07e-05 5.27e-06 2.24e-06 8.10e-07 2.45e-07 6.10e-08 1.23e-08 2.01e-09 2.59e-10 2.61e-11 2.00e-12 1.12e-13 4.34e-15 1.04e-16 1.15e-18 0.00e+00 0.00e+00 0.00e+00 0.00e+00 0.00e+00 0.00e+00 0.00e+00 -0.00e+00 
-0.00e+00 0.00e+00 0.00e+00 0.00e+00 0.00e+00 0.00e+00 0.00e+00 1.30e-18 1.22e-16 5.37e-15 1.45e-13 2.72e-12 3.75e-11 3.94e-10 3.23e-09 2.10e-08 1.10e-07 4.69e-07 1.64e-06 4.80e-06 1.19e-05 2.53e-05 4.75e-05 7.99e-05 1.23e-04 1.73e-04 2.27e-04 2.79e-04 3.22e-04 3.51e-04 3.61e-04 3.51e-04 3.22e-04 2.79e-04 2.27e-04 1.73e-04 1.23e-04 7.99e-05 4.75e-05 2.53e-05 1.19e-05 4.80e-06 1.64e-06 4.69e-07 1.10e-07 2.10e-08 3.23e-09 3.94e-10 3.75e-11 2.72e-12 1.45e-13 5.37e-15 1.22e-16 1.30e-18 0.00e+00 0.00e+00 0.00e+00 0.00e+00 0.00e+00 0.00e+00 -0.00e+00 
-0.00e+00 0.00e+00 0.00e+00 0.00e+00 0.00e+00 0.00e+00 1.35e-18 1.33e-16 6.10e-15 1.73e-13 3.40e-12 4.92e-11 5.44e-10 4.70e-09 3.24e-08 1.79e-07 8.08e-07 2.99e-06 9.19e-06 2.38e-05 5.29e-05 1.03e-04 1.79e-04 2.84e-04 4.14e-04 5.62e-04 7.15e-04 8.58e-04 9.75e-04 1.05e-03 1.08e-03 1.05e-03 9.75e-04 8.58e-04 7.15e-04 5.62e-04 4.14e-04 2.84e-04 1.79e-04 1.03e-04 5.29e-05 2.38e-05 9.19e-06 2.99e-06 8.08e-07 1.79e-07 3.24e-08 4.70e-09 5.44e-10 4.92e-11 3.40e-12 1.73e-13 6.10e-15 1.33e-16 1.35e-18 0.00e+00 0.00e+00 0.00e+00 0.00e+00 0.00e+00 -0.00e+00 
-0.00e+00 0.00e+00 0.00e+00 0.00e+00 0.00e+00 1.30e-18 1.33e-16 6.36e-15 1.88e-13 3.87e-12 5.88e-11 6.83e-10 6.22e-09 4.51e-08 2.64e-07 1.25e-06 4.89e-06 1.58e-05 4.28e-05 9.90e-05 1.99e-04 3.57e-04 5.81e-04 8.70e-04 1.21e-03 1.59e-03 1.97e-03 2.32e-03 2.59e-03 2.78e-03 2.84e-03 2.78e-03 2.59e-03 2.32e-03 1.97e-03 1.59e-03 1.21e-03 8.70e-04 5.81e-04 3.57e-04 1.99e-04 9.90e-05 4.28e-05 1.58e-05 4.89e-06 1.25e-06 2.64e-07 4.51e-08 6.22e-09 6.83e-10 5.88e-11 3.87e-12 1.88e-13 6.36e-15 1.33e-16 1.30e-18 0.00e+00 0.00e+00 0.00e+00 0.00e+00 -0.00e+00 
-0.00e+00 0.00e+00 0.00e+00 0.00e+00 1.15e-18 1.22e-16 6.09e-15 1.88e-13 4.04e-12 6.42e-11 7.82e-10 7.48e-09 5.70e-08 3.51e-07 1.76e-06 7.21e-06 2.45e-05 6.93e-05 1.67e-04 3.46e-04 6.36e-04 1.06e-03 1.62e-03 2.31e-03 3.10e-03 3.95e-03 4.78e-03 5.53e-03 6.12e-03 6.50e-03 6.64e-03 6.50e-03 6.12e-03 5.53e-03 4.78e-03 3.95e-03 3.10e-03 2.31e-03 1.62e-03 1.06e-03 6.36e-04 3.46e-04 1.67e-04 6.93e-05 2.45e-05 7.21e-06 1.76e-06 3.51e-07 5.70e-08 7.48e-09 7.82e-10 6.42e-11 4.04e-12 1.88e-13 6.09e-15 1.22e-16 1.15e-18 0.00e+00 0.00e+00 0.00e+00 -0.00e+00 
-0.00e+00 0.00e+00 0.00e+00 9.36e-19 1.03e-16 5.35e-15 1.72e-13 3.86e-12 6.40e-11 8.16e-10 8.18e-09 6.55e-08 4.23e-07 2.23e-06 9.61e-06 3.42e-05 1.01e-04 2.53e-04 5.41e-04 1.02e-03 1.73e-03 2.70e-03 3.93e-03 5.40e-03 7.02e-03 8.72e-03 1.04e-02 1.18e-02 1.30e-02 1.37e-02 1.39e-02 1.37e-02 1.30e-02 1.18e-02 1.04e-02 8.72e-03 7.02e-03 5.40e-03 3.93e-03 2.70e-03 1.73e-03 1.02e-03 5.41e-04 2.53e-04 1.01e-04 3.42e-05 9.61e-06 2.23e-06 4.23e-07 6.55e-08 8.18e-09 8.16e-10 6.40e-11 3.86e-12 1.72e-13 5.35e-15 1.03e-16 9.36e-19 0.00e+00 0.00e+00 -0.00e+00 
-0.00e+00 0.00e+00 7.02e-19 8.04e-17 4.32e-15 1.44e-13 3.37e-12 5.83e-11 7.76e-10 8.14e-09 6.83e-08 4.63e-07 2.56e-06 1.16e-05 4.32e-05 1.34e-04 3.46e-04 7.65e-04 1.48e-03 2.55e-03 4.06e-03 6.03e-03 8.44e-03 1.12e-02 1.43e-02 1.74e-02 2.03e-02 2.29e-02 2.50e-02 2.63e-02 2.67e-02 2.63e-02 2.50e-02 2.29e-02 2.03e-02 1.74e-02 1.43e-02 1.12e-02 8.44e-03 6.03e-03 4.06e-03 2.55e-03 1.48e-03 7.65e-04 3.46e-04 1.34e-04 4.32e-05 1.16e-05 2.56e-06 4.63e-07 6.83e-08 8.14e-09 7.76e-10 5.83e-11 3.37e-12 1.44e-13 4.32e-15 8.04e-17 7.02e-19 0.00e+00 -0.00e+00 
-9.68e-19 9.68e-19 5.74e-17 3.19e-15 1.11e-13 2.69e-12 4.85e-11 6.73e-10 7.37e-09 6.47e-08 4.59e-07 2.66e-06 1.26e-05 4.94e-05 1.60e-04 4.30e-04 9.82e-04 1.94e-03 3.43e-03 5.55e-03 8.40e-03 1.20e-02 1.64e-02 2.13e-02 2.65e-02 3.18e-02 3.67e-02 4.10e-02 4.43e-02 4.63e-02 4.71e-02 4.63e-02 4.43e-02 4.10e-02 3.67e-02 3.18e-02 2.65e-02 2.13e-02 1.64e-02 1.20e-02 8.40e-03 5.55e-03 3.43e-03 1.94e-03 9.82e-04 4.30e-04 1.60e-04 4.94e-05 1.26e-05 2.66e-06 4.59e-07 6.47e-08 7.37e-09 6.73e-10 4.85e-11 2.69e-12 1.11e-13 3.19e-15 5.74e-17 4.84e-19 -4.84e-19 
-7.52e-17 7.52e-17 2.17e-15 7.79e-14 1.96e-12 3.67e-11 5.31e-10 6.07e-09 5.56e-08 4.13e-07 2.51e-06 1.25e-05 5.11e-05 1.73e-04 4.85e-04 1.15e-03 2.33e-03 4.20e-03 6.94e-03 1.07e-02 1.57e-02 2.19e-02 2.92e-02 3.72e-02 4.55e-02 5.37e-02 6.12e-02 6.76e-02 7.25e-02 7.55e-02 7.66e-02 7.55e-02 7.25e-02 6.76e-02 6.12e-02 5.37e-02 4.55e-02 3.72e-02 2.92e-02 2.19e-02 1.57e-02 1.07e-02 6.94e-03 4.20e-03 2.33e-03 1.15e-03 4.85e-04 1.73e-04 5.11e-05 1.25e-05 2.51e-06 4.13e-07 5.56e-08 6.07e-09 5.31e-10 3.67e-11 1.96e-12 7.79e-14 2.16e-15 3.73e-17 -3.73e-17 
-2.68e-15 2.68e-15 5.00e-14 1.31e-12 2.54e-11 3.82e-10 4.54e-09 4.34e-08 3.37e-07 2.14e-06 1.12e-05 4.79e-05 1.70e-04 4.98e-04 1.22e-03 2.56e-03 4.74e-03 8.00e-03 1.27e-02 1.91e-02 2.72e-02 3.71e-02 4.83e-02 6.02e-02 7.23e-02 8.39e-02 9.42e-02 1.03e-01 1.09e-01 1.13e-01 1.15e-01 1.13e-01 1.09e-01 1.03e-01 9.42e-02 8.39e-02 7.23e-02 6.02e-02 4.83e-02 3.71e-02 2.72e-02 1.91e-02 1.27e-02 8.00e-03 4.74e-03 2.56e-03 1.22e-03 4.98e-04 1.70e-04 4.79e-05 1.12e-05 2.14e-06 3.37e-07 4.34e-08 4.54e-09 3.82e-10 2.54e-11 1.31e-12 5.00e-14 1.32e-15 -1.32e-15 
-5.85e-14 5.85e-14 7.92e-13 1.60e-11 2.49e-10 3.08e-09 3.07e-08 2.49e-07 1.66e-06 9.04e-06 4.06e-05 1.51e-04 4.63e-04 1.19e-03 2.59e-03 4.92e-03 8.54e-03 1.39e-02 2.15e-02 3.16e-02 4.40e-02 5.83e-02 7.40e-02 9.01e-02 1.06e-01 1.20e-01 1.33e-01 1.44e-01 1.51e-01 1.56e-01 1.57e-01 1.56e-01 1.51e-01 1.44e-01 1.33e-01 1.20e-01 1.06e-01 9.01e-02 7.40e-02 5.83e-02 4.40e-02 3.16e-02 2.15e-02 1.39e-02 8.54e-03 4.92e-03 2.59e-03 1.19e-03 4.63e-04 1.51e-04 4.06e-05 9.04e-06 1.66e-06 2.49e-07 3.07e-08 3.08e-09 2.49e-10 1.60e-11 7.91e-13 2.85e-14 -2.85e-14 
-8.71e-13 8.71e-13 9.12e-12 1.47e-10 1.90e-09 1.97e-08 1.67e-07 1.16e-06 6.61e-06 3.12e-05 1.22e-04 3.92e-04 1.05e-03 2.40e-03 4.73e-03 8.47e-03 1.42e-02 2.27e-02 3.42e-02 4.87e-02 6.59e-02 8.49e-02 1.05e-01 1.24e-01 1.43e-01 1.59e-01 1.73e-01 1.84e-01 1.92e-01 1.97e-01 1.98e-01 1.97e-01 1.92e-01 1.84e-01 1.73e-01 1.59e-01 1.43e-01 1.24e-01 1.05e-01 8.49e-02 6.59e-02 4.87e-02 3.42e-02 2.27e-02 1.42e-02 8.47e-03 4.73e-03 2.40e-03 1.05e-03 3.92e-04 1.22e-04 3.12e-05 6.61e-06 1.16e-06 1.67e-07 1.97e-08 1.90e-09 1.47e-10 9.10e-12 4.20e-13 -4.20e-13 
-9.40e-12 9.40e-12 7.92e-11 1.05e-09 1.14e-08 1.00e-07 7.29e-07 4.36e-06 2.16e-05 8.86e-05 3.01e-04 8.53e-04 2.04e-03 4.21e-03 7.83e-03 1.36e-02 2.24e-02 3.47e-02 5.06e-02 6.97e-02 9.13e-02 1.14e-01 1.37e-01 1.58e-01 1.77e-01 1.94e-01 2.07e-01 2.17e-01 2.24e-01 2.28e-01 2.30e-01 2.28e-01 2.24e-01 2.17e-01 2.07e-01 1.94e-01 1.77e-01 1.58e-01 1.37e-01 1.14e-01 9.13e-02 6.97e-02 5.06e-02 3.47e-02 2.24e-02 1.36e-02 7.83e-03 4.21e-03 2.04e-03 8.53e-04 3.01e-04 8.86e-05 2.16e-05 4.36e-06 7.29e-07 1.00e-07 1.14e-08 1.05e-09 7.89e-11 4.48e-12 -4.48e-12 
-7.62e-11 7.62e-11 5.31e-10 5.93e-09 5.46e-08 4.14e-07 2.59e-06 1.35e-05 5.84e-05 2.10e-04 6.29e-04 1.59e-03 3.46e-03 6.72e-03 1.21e-02 2.06e-02 3.29e-02 4.93e-02 6.94e-02 9.27e-02 1.18e-01 1.42e-01 1.66e-01 1.87e-01 2.04e-01 2.18e-01 2.29e-01 2.37e-01 2.43e-01 2.46e-01 2.47e-01 2.46e-01 2.43e-01 2.37e-01 2.29e-01 2.18e-01 2.04e-01 1.87e-01 1.66e-01 1.42e-01 1.18e-01 9.27e-02 6.94e-02 4.93e-02 3.29e-02 2.06e-02 1.21e-02 6.72e-03 3.46e-03 1.59e-03 6.29e-04 2.10e-04 5.84e-05 1.35e-05 2.59e-06 4.14e-07 5.46e-08 5.93e-09 5.28e-10 3.59e-11 -3.59e-11 
-4.75e-10 4.75e-10 2.79e-09 2.66e-08 2.10e-07 1.38e-06 7.58e-06 3.46e-05 1.32e-04 4.20e-04 1.13e-03 2.62e-03 5.35e-03 1.00e-02 1.77e-02 2.92e-02 4.51e-02 6.52e-02 8.90e-02 1.15e-01 1.41e-01 1.66e-01 1.87e-01 2.05e-01 2.19e-01 2.29e-01 2.37e-01 2.42e-01 2.46e-01 2.48e-01 2.48e-01 2.48e-01 2.46e-01 2.42e-01 2.37e-01 2.29e-01 2.19e-01 2.05e-01 1.87e-01 1.66e-01 1.41e-01 1.15e-01 8.90e-02 6.52e-02 4.51e-02 2.92e-02 1.77e-02 1.00e-02 5.35e-03 2.62e-03 1.13e-03 4.20e-04 1.32e-04 3.46e-05 7.58e-06 1.38e-06 2.10e-07 2.66e-08 2.77e-09 2.21e-10 -2.21e-10 
-2.31e-09 2.31e-09 1.17e-08 9.57e-08 6.61e-07 3.81e-06 1.84e-05 7.46e-05 2.54e-04 7.32e-04 1.81e-03 3.93e-03 7.73e-03 1.41e-02 2.42e-02 3.87e-02 5.78e-02 8.11e-02 1.07e-01 1.33e-01 1.58e-01 1.80e-01 1.98e-01 2.11e-01 2.21e-01 2.27e-01 2.32e-01 2.35e-01 2.37e-01 2.38e-01 2.39e-01 2.38e-01 2.37e-01 2.35e-01 2.32e-01 2.27e-01 2.21e-01 2.11e-01 1.98e-01 1.80e-01 1.58e-01 1.33e-01 1.07e-01 8.11e-02 5.78e-02 3.87e-02 2.42e-02 1.41e-02 7.73e-03 3.93e-03 1.81e-03 7.32e-04 2.54e-04 7.46e-05 1.84e-05 3.81e-06 6.61e-07 9.57e-08 1.16e-08 1.06e-09 -1.06e-09 
-8.94e-09 8.94e-09 3.92e-08 2.81e-07 1.71e-06 8.77e-06 3.79e-05 1.38e-04 4.29e-04 1.14e-03 2.65e-03 5.50e-03 1.05e-02 1.87e-02 3.10e-02 4.82e-02 6.98e-02 9.47e-02 1.21e-01 1.46e-01 1.67e-01 1.85e-01 1.97e-01 2.06e-01 2.12e-01 2.16e-01 2.19e-01 2.22e-01 2.24e-01 2.25e-01 2.26e-01 2.25e-01 2.24e-01 2.22e-01 2.19e-01 2.16e-01 2.12e-01 2.06e-01 1.97e-01 1.85e-01 1.67e-01 1.46e-01 1.21e-01 9.47e-02 6.98e-02 4.82e-02 3.10e-02 1.87e-02 1.05e-02 5.50e-03 2.65e-03 1.14e-03 4.29e-04 1.38e-04 3.79e-05 8.77e-06 1.71e-06 2.81e-07 3.87e-08 4.04e-09 -4.04e-09 
-2.77e-08 2.77e-08 1.07e-07 6.81e-07 3.71e-06 1.71e-05 6.73e-05 2.25e-04 6.47e-04 1.62e-03 3.58e-03 7.20e-03 1.34e-02 2.32e-02 3.76e-02 5.66e-02 7.94e-02 1.04e-01 1.29e-01 1.51e-01 1.68e-01 1.80e-01 1.89e-01 1.94e-01 1.98e-01 2.01e-01 2.05e-01 2.09e-01 2.12e-01 2.15e-01 2.16e-01 2.15e-01 2.12e-01 2.09e-01 2.05e-01 2.01e-01 1.98e-01 1.94e-01 1.89e-01 1.80e-01 1.68e-01 1.51e-01 1.29e-01 1.04e-01 7.94e-02 5.66e-02 3.76e-02 2.32e-02 1.34e-02 7.20e-03 3.58e-03 1.62e-03 6.47e-04 2.25e-04 6.73e-05 1.71e-05 3.71e-06 6.81e-07 1.06e-07 1.23e-08 -1.23e-08 
-6.99e-08 6.99e-08 2.43e-07 1.39e-06 6.86e-06 2.91e-05 1.05e-04 3.29e-04 8.91e-04 2.12e-03 4.54e-03 8.87e-03 1.61e-02 2.73e-02 4.30e-02 6.28e-02 8.55e-02 1.09e-01 1.31e-01 1.48e-01 1.61e-01 1.69e-01 1.74e-01 1.78e-01 1.82e-01 1.87e-01 1.94e-01 2.01e-01 2.07e-01 2.12e-01 2.13e-01 2.12e-01 2.07e-01 2.01e-01 1.94e-01 1.87e-01 1.82e-01 1.78e-01 1.74e-01 1.69e-01 1.61e-01 1.48e-01 1.31e-01 1.09e-01 8.55e-02 6.28e-02 4.30e-02 2.73e-02 1.61e-02 8.87e-03 4.54e-03 2.12e-03 8.91e-04 3.29e-04 1.05e-04 2.91e-05 6.86e-06 1.39e-06 2.38e-07 3.06e-08 -3.06e-08 
-1.46e-07 1.46e-07 4.63e-07 2.42e-06 1.10e-05 4.35e-05 1.48e-04 4.37e-04 1.13e-03 2.59e-03 5.38e-03 1.03e-02 1.83e-02 3.02e-02 4.64e-02 6.60e-02 8.75e-02 1.08e-01 1.26e-01 1.39e-01 1.48e-01 1.54e-01 1.57e-01 1.62e-01 1.68e-01 1.76e-01 1.87e-01 1.99e-01 2.10e-01 2.18e-01 2.21e-01 2.18e-01 2.10e-01 1.99e-01 1.87e-01 1.76e-01 1.68e-01 1.62e-01 1.57e-01 1.54e-01 1.48e-01 1.39e-01 1.26e-01 1.08e-01 8.75e-02 6.60e-02 4.64e-02 3.02e-02 1.83e-02 1.03e-02 5.38e-03 2.59e-03 1.13e-03 4.37e-04 1.48e-04 4.35e-05 1.10e-05 2.41e-06 4.52e-07 6.30e-08 -6.30e-08 
-2.57e-07 2.57e-07 7.57e-07 3.66e-06 1.57e-05 5.83e-05 1.88e-04 5.32e-04 1.32e-03 2.95e-03 5.99e-03 1.12e-02 1.96e-02 3.17e-02 4.74e-02 6.59e-02 8.50e-02 1.03e-01 1.17e-01 1.26e-01 1.32e-01 1.36e-01 1.40e-01 1.46e-01 1.56e-01 1.69e-01 1.85e-01 2.03e-01 2.21e-01 2.34e-01 2.40e-01 2.34e-01 2.21e-01 2.03e-01 1.85e-01 1.69e-01 1.56e-01 1.46e-01 1.40e-01 1.36e-01 1.32e-01 1.26e-01 1.17e-01 1.03e-01 8.50e-02 6.59e-02 4.74e-02 3.17e-02 1.96e-02 1.12e-02 5.99e-03 2.95e-03 1.32e-03 5.32e-04 1.88e-04 5.83e-05 1.57e-05 3.66e-06 7.35e-07 1.09e-07 -1.09e-07 
-3.86e-07 3.86e-07 1.07e-06 4.87e-06 1.98e-05 7.04e-05 2.18e-04 5.95e-04 1.44e-03 3.13e-03 6.24e-03 1.15e-02 1.97e-02 3.12e-02 4.58e-02 6.22e-02 7.86e-02 9.27e-02 1.03e-01 1.10e-01 1.14e-01 1.17e-01 1.23e-01 1.31e-01 1.44e-01 1.63e-01 1.86e-01 2.13e-01 2.41e-01 2.63e-01 2.72e-01 2.63e-01 2.41e-01 2.13e-01 1.86e-01 1.63e-01 1.44e-01 1.31e-01 1.23e-01 1.17e-01 1.14e-01 1.10e-01 1.03e-01 9.27e-02 7.86e-02 6.22e-02 4.58e-02 3.12e-02 1.97e-02 1.15e-02 6.24e-03 3.13e-03 1.44e-03 5.95e-04 2.18e-04 7.04e-05 1.98e-05 4.87e-06 1.04e-06 1.62e-07 -1.62e-07 
-4.98e-07 4.98e-07 1.32e-06 5.72e-06 2.24e-05 7.66e-05 2.30e-04 6.09e-04 1.44e-03 3.08e-03 6.05e-03 1.10e-02 1.85e-02 2.89e-02 4.16e-02 5.54e-02 6.86e-02 7.95e-02 8.71e-02 9.18e-02 9.48e-02 9.85e-02 1.05e-01 1.15e-01 1.32e-01 1.55e-01 1.87e-01 2.26e-01 2.69e-01 3.08e-01 3.26e-01 3.08e-01 2.69e-01 2.26e-01 1.87e-01 1.55e-01 1.32e-01 1.15e-01 1.05e-01 9.85e-02 9.48e-02 9.18e-02 8.71e-02 7.95e-02 6.86e-02 5.54e-02 4.16e-02 2.89e-02 1.85e-02 1.10e-02 6.05e-03 3.08e-03 1.44e-03 6.09e-04 2.30e-04 7.66e-05 2.24e-05 5.72e-06 1.27e-06 2.06e-07 -2.06e-07 
-5.49e-07 5.49e-07 1.41e-06 5.89e-06 2.23e-05 7.42e-05 2.17e-04 5.64e-04 1.31e-03 2.77e-03 5.37e-03 9.63e-03 1.60e-02 2.46e-02 3.50e-02 4.59e-02 5.60e-02 6.40e-02 6.92e-02 7.23e-02 7.49e-02 7.87e-02 8.56e-02 9.73e-02 1.16e-01 1.43e-01 1.82e-01 2.36e-01 3.04e-01 3.76e-01 4.17e-01 3.76e-01 3.04e-01 2.36e-01 1.82e-01 1.43e-01 1.16e-01 9.73e-02 8.56e-02 7.87e-02 7.49e-02 7.23e-02 6.92e-02 6.40e-02 5.60e-02 4.59e-02 3.50e-02 2.46e-02 1.60e-02 9.63e-03 5.37e-03 2.77e-03 1.31e-03 5.64e-04 2.17e-04 7.42e-05 2.23e-05 5.88e-06 1.35e-06 2.26e-07 -2.26e-07 
-5.07e-07 5.07e-07 1.26e-06 5.15e-06 1.91e-05 6.23e-05 1.79e-04 4.58e-04 1.05e-03 2.20e-03 4.22e-03 7.51e-03 1.24e-02 1.88e-02 2.64e-02 3.43e-02 4.13e-02 4.67e-02 5.01e-02 5.23e-02 5.43e-02 5.77e-02 6.42e-02 7.51e-02 9.28e-02 1.21e-01 1.64e-01 2.32e-01 3.36e-01 4.76e-01 5.91e-01 4.76e-01 3.36e-01 2.32e-01 1.64e-01 1.21e-01 9.28e-02 7.51e-02 6.42e-02 5.77e-02 5.43e-02 5.23e-02 5.01e-02 4.67e-02 4.13e-02 3.43e-02 2.64e-02 1.88e-02 1.24e-02 7.51e-03 4.22e-03 2.20e-03 1.05e-03 4.58e-04 1.79e-04 6.23e-05 1.91e-05 5.14e-06 1.21e-06 2.07e-07 -2.07e-07 
-3.59e-07 3.59e-07 8.82e-07 3.53e-06 1.29e-05 4.15e-05 1.18e-04 2.99e-04 6.82e-04 1.41e-03 2.70e-03 4.78e-03 7.82e-03 1.18e-02 1.64e-02 2.12e-02 2.53e-02 2.84e-02 3.04e-02 3.15e-02 3.29e-02 3.54e-02 4.00e-02 4.80e-02 6.13e-02 8.36e-02 1.23e-01 1.94e-01 3.34e-01 6.01e-01 9.95e-01 6.01e-01 3.34e-01 1.94e-01 1.23e-01 8.36e-02 6.13e-02 4.80e-02 4.00e-02 3.54e-02 3.29e-02 3.15e-02 3.04e-02 2.84e-02 2.53e-02 2.12e-02 1.64e-02 1.18e-02 7.82e-03 4.78e-03 2.70e-03 1.41e-03 6.82e-04 2.99e-04 1.18e-04 4.15e-05 1.29e-05 3.53e-06 8.43e-07 1.46e-07 -1.46e-07 
-1.30e-07 1.30e-07 3.17e-07 1.26e-06 4.56e-06 1.46e-05 4.13e-05 1.04e-04 2.36e-04 4.88e-04 9.29e-04 1.64e-03 2.67e-03 4.02e-03 5.58e-03 7.17e-03 8.53e-03 9.49e-03 1.01e-02 1.06e-02 1.11e-02 1.19e-02 1.37e-02 1.66e-02 2.17e-02 3.07e-02 4.85e-02 8.94e-02 2.04e-01 5.99e-01 2.19e+00 5.99e-01 2.04e-01 8.94e-02 4.85e-02 3.07e-02 2.17e-02 1.66e-02 1.37e-02 1.19e-02 1.11e-02 1.06e-02 1.01e-02 9.49e-03 8.53e-03 7.17e-03 5.58e-03 4.02e-03 2.67e-03 1.64e-03 9.29e-04 4.88e-04 2.36e-04 1.04e-04 4.13e-05 1.46e-05 4.56e-06 1.26e-06 3.02e-07 5.28e-08 -5.28e-08 
1.30e-07 -1.30e-07 -3.17e-07 -1.26e-06 -4.56e-06 -1.46e-05 -4.13e-05 -1.04e-04 -2.36e-04 -4.88e-04 -9.29e-04 -1.64e-03 -2.67e-03 -4.02e-03 -5.58e-03 -7.17e-03 -8.53e-03 -9.49e-03 -1.01e-02 -1.06e-02 -1.11e-02 -1.19e-02 -1.37e-02 -1.66e-02 -2.17e-02 -3.07e-02 -4.85e-02 -8.94e-02 -2.04e-01 -5.99e-01 -2.19e+00 -5.99e-01 -2.04e-01 -8.94e-02 -4.85e-02 -3.07e-02 -2.17e-02 -1.66e-02 -1.37e-02 -1.19e-02 -1.11e-02 -1.06e-02 -1.01e-02 -9.49e-03 -8.53e-03 -7.17e-03 -5.58e-03 -4.02e-03 -2.67e-03 -1.64e-03 -9.29e-04 -4.88e-04 -2.36e-04 -1.04e-04 -4.13e-05 -1.46e-05 -4.56e-06 -1.26e-06 -3.02e-07 -5.28e-08 5.28e-08 
3.59e-07 -3.59e-07 -8.82e-07 -3.53e-06 -1.29e-05 -4.15e-05 -1.18e-04 -2.99e-04 -6.82e-04 -1.41e-03 -2.70e-03 -4.78e-03 -7.82e-03 -1.18e-02 -1.64e-02 -2.12e-02 -2.53e-02 -2.84e-02 -3.04e-02 -3.15e-02 -3.29e-02 -3.54e-02 -4.00e-02 -4.80e-02 -6.13e-02 -8.36e-02 -1.23e-01 -1.94e-01 -3.34e-01 -6.01e-01 -9.95e-01 -6.01e-01 -3.34e-01 -1.94e-01 -1.23e-01 -8.36e-02 -6.13e-02 -4.80e-02 -4.00e-02 -3.54e-02 -3.29e-02 -3.15e-02 -3.04e-02 -2.84e-02 -2.53e-02 -2.12e-02 -1.64e-02 -1.18e-02 -7.82e-03 -4.78e-03 -2.70e-03 -1.41e-03 -6.82e-04 -2.99e-04 -1.18e-04 -4.15e-05 -1.29e-05 -3.53e-06 -8.43e-07 -1.46e-07 1.46e-07 
5.07e-07 -5.07e-07 -1.26e-06 -5.15e-06 -1.91e-05 -6.23e-05 -1.79e-04 -4.58e-04 -1.05e-03 -2.20e-03 -4.22e-03 -7.51e-03 -1.24e-02 -1.88e-02 -2.64e-02 -3.43e-02 -4.13e-02 -4.67e-02 -5.01e-02 -5.23e-02 -5.43e-02 -5.77e-02 -6.42e-02 -7.51e-02 -9.28e-02 -1.21e-01 -1.64e-01 -2.32e-01 -3.36e-01 -4.76e-01 -5.91e-01 -4.76e-01 -3.36e-01 -2.32e-01 -1.64e-01 -1.21e-01 -9.28e-02 -7.51e-02 -6.42e-02 -5.77e-02 -5.43e-02 -5.23e-02 -5.01e-02 -4.67e-02 -4.13e-02 -3.43e-02 -2.64e-02 -1.88e-02 -1.24e-02 -7.51e-03 -4.22e-03 -2.20e-03 -1.05e-03 -4.58e-04 -1.79e-04 -6.23e-05 -1.91e-05 -5.14e-06 -1.21e-06 -2.07e-07 2.07e-07 
5.49e-07 -5.49e-07 -1.41e-06 -5.89e-06 -2.23e-05 -7.42e-05 -2.17e-04 -5.64e-04 -1.31e-03 -2.77e-03 -5.37e-03 -9.63e-03 -1.60e-02 -2.46e-02 -3.50e-02 -4.59e-02 -5.60e-02 -6.40e-02 -6.92e-02 -7.23e-02 -7.49e-02 -7.87e-02 -8.56e-02 -9.73e-02 -1.16e-01 -1.43e-01 -1.82e-01 -2.36e-01 -3.04e-01 -3.76e-01 -4.17e-01 -3.76e-01 -3.04e-01 -2.36e-01 -1.82e-01 -1.43e-01 -1.16e-01 -9.73e-02 -8.56e-02 -7.87e-02 -7.49e-02 -7.23e-02 -6.92e-02 -6.40e-02 -5.60e-02 -4.59e-02 -3.50e-02 -2.46e-02 -1.60e-02 -9.63e-03 -5.37e-03 -2.77e-03 -1.31e-03 -5.64e-04 -2.17e-04 -7.42e-05 -2.23e-05 -5.88e-06 -1.35e-06 -2.26e-07 2.26e-07 
4.98e-07 -4.98e-07 -1.32e-06 -5.72e-06 -2.24e-05 -7.66e-05 -2.30e-04 -6.09e-04 -1.44e-03 -3.08e-03 -6.05e-03 -1.10e-02 -1.85e-02 -2.89e-02 -4.16e-02 -5.54e-02 -6.86e-02 -7.95e-02 -8.71e-02 -9.18e-02 -9.48e-02 -9.85e-02 -1.05e-01 -1.15e-01 -1.32e-01 -1.55e-01 -1.87e-01 -2.26e-01 -2.69e-01 -3.08e-01 -3.26e-01 -3.08e-01 -2.69e-01 -2.26e-01 -1.87e-01 -1.55e-01 -1.32e-01 -1.15e-01 -1.05e-01 -9.85e-02 -9.48e-02 -9.18e-02 -8.71e-02 -7.95e-02 -6.86e-02 -5.54e-02 -4.16e-02 -2.89e-02 -1.85e-02 -1.10e-02 -6.05e-03 -3.08e-03 -1.44e-03 -6.09e-04 -2.30e-04 -7.66e-05 -2.24e-05 -5.72e-06 -1.27e-06 -2.06e-07 2.06e-07 
3.86e-07 -3.86e-07 -1.07e-06 -4.87e-06 -1.98e-05 -7.04e-05 -2.18e-04 -5.95e-04 -1.44e-03 -3.13e-03 -6.24e-03 -1.15e-02 -1.97e-02 -3.12e-02 -4.58e-02 -6.22e-02 -7.86e-02 -9.27e-02 -1.03e-01 -1.10e-01 -1.14e-01 -1.17e-01 -1.23e-01 -1.31e-01 -1.44e-01 -1.63e-01 -1.86e-01 -2.13e-01 -2.41e-01 -2.63e-01 -2.72e-01 -2.63e-01 -2.41e-01 -2.13e-01 -1.86e-01 -1.63e-01 -1.44e-01 -1.31e-01 -1.23e-01 -1.17e-01 -1.14e-01 -1.10e-01 -1.03e-01 -9.27e-02 -7.86e-02 -6.22e-02 -4.58e-02 -3.12e-02 -1.97e-02 -1.15e-02 -6.24e-03 -3.13e-03 -1.44e-03 -5.95e-04 -2.18e-04 -7.04e-05 -1.98e-05 -4.87e-06 -1.04e-06 -1.62e-07 1.62e-07 
2.57e-07 -2.57e-07 -7.57e-07 -3.66e-06 -1.57e-05 -5.83e-05 -1.88e-04 -5.32e-04 -1.32e-03 -2.95e-03 -5.99e-03 -1.12e-02 -1.96e-02 -3.17e-02 -4.74e-02 -6.59e-02 -8.50e-02 -1.03e-01 -1.17e-01 -1.26e-01 -1.32e-01 -1.36e-01 -1.40e-01 -1.46e-01 -1.56e-01 -1.69e-01 -1.85e-01 -2.03e-01 -2.21e-01 -2.34e-01 -2.40e-01 -2.34e-01 -2.21e-01 -2.03e-01 -1.85e-01 -1.69e-01 -1.56e-01 -1.46e-01 -1.40e-01 -1.36e-01 -1.32e-01 -1.26e-01 -1.17e-01 -1.03e-01 -8.50e-02 -6.59e-02 -4.74e-02 -3.17e-02 -1.96e-02 -1.12e-02 -5.99e-03 -2.95e-03 -1.32e-03 -5.32e-04 -1.88e-04 -5.83e-05 -1.57e-05 -3.66e-06 -7.35e-07 -1.09e-07 1.09e-07 
1.46e-07 -1.46e-07 -4.63e-07 -2.42e-06 -1.10e-05 -4.35e-05 -1.48e-04 -4.37e-04 -1.13e-03 -2.59e-03 -5.38e-03 -1.03e-02 -1.83e-02 -3.02e-02 -4.64e-02 -6.60e-02 -8.75e-02 -1.08e-01 -1.26e-01 -1.39e-01 -1.48e-01 -1.54e-01 -1.57e-01 -1.62e-01 -1.68e-01 -1.76e-01 -1.87e-01 -1.99e-01 -2.10e-01 -2.18e-01 -2.21e-01 -2.18e-01 -2.10e-01 -1.99e-01 -1.87e-01 -1.76e-01 -1.68e-01 -1.62e-01 -1.57e-01 -1.54e-01 -1.48e-01 -1.39e-01 -1.26e-01 -1.08e-01 -8.75e-02 -6.60e-02 -4.64e-02 -3.02e-02 -1.83e-02 -1.03e-02 -5.38e-03 -2.59e-03 -1.13e-03 -4.37e-04 -1.48e-04 -4.35e-05 -1.10e-05 -2.41e-06 -4.52e-07 -6.30e-08 6.30e-08 
6.99e-08 -6.99e-08 -2.43e-07 -1.39e-06 -6.86e-06 -2.91e-05 -1.05e-04 -3.29e-04 -8.91e-04 -2.12e-03 -4.54e-03 -8.87e-03 -1.61e-02 -2.73e-02 -4.30e-02 -6.28e-02 -8.55e-02 -1.09e-01 -1.31e-01 -1.48e-01 -1.61e-01 -1.69e-01 -1.74e-01 -1.78e-01 -1.82e-01 -1.87e-01 -1.94e-01 -2.01e-01 -2.07e-01 -2.12e-01 -2.13e-01 -2.12e-01 -2.07e-01 -2.01e-01 -1.94e-01 -1.87e-01 -1.82e-01 -1.78e-01 -1.74e-01 -1.69e-01 -1.61e-01 -1.48e-01 -1.31e-01 -1.09e-01 -8.55e-02 -6.28e-02 -4.30e-02 -2.73e-02 -1.61e-02 -8.87e-03 -4.54e-03 -2.12e-03 -8.91e-04 -3.29e-04 -1.05e-04 -2.91e-05 -6.86e-06 -1.39e-06 -2.38e-07 -3.06e-08 3.06e-08 
2.77e-08 -2.77e-08 -1.07e-07 -6.81e-07 -3.71e-06 -1.71e-05 -6.73e-05 -2.25e-04 -6.47e-04 -1.62e-03 -3.58e-03 -7.20e-03 -1.34e-02 -2.32e-02 -3.76e-02 -5.66e-02 -7.94e-02 -1.04e-01 -1.29e-01 -1.51e-01 -1.68e-01 -1.80e-01 -1.89e-01 -1.94e-01 -1.98e-01 -2.01e-01 -2.05e-01 -2.09e-01 -2.12e-01 -2.15e-01 -2.16e-01 -2.15e-01 -2.12e-01 -2.09e-01 -2.05e-01 -2.01e-01 -1.98e-01 -1.94e-01 -1.89e-01 -1.80e-01 -1.68e-01 -1.51e-01 -1.29e-01 -1.04e-01 -7.94e-02 -5.66e-02 -3.76e-02 -2.32e-02 -1.34e-02 -7.20e-03 -3.58e-03 -1.62e-03 -6.47e-04 -2.25e-04 -6.73e-05 -1.71e-05 -3.71e-06 -6.81e-07 -1.06e-07 -1.23e-08 1.23e-08 
8.94e-09 -8.94e-09 -3.92e-08 -2.81e-07 -1.71e-06 -8.77e-06 -3.79e-05 -1.38e-04 -4.29e-04 -1.14e-03 -2.65e-03 -5.50e-03 -1.05e-02 -1.87e-02 -3.10e-02 -4.82e-02 -6.98e-02 -9.47e-02 -1.21e-01 -1.46e-01 -1.67e-01 -1.85e-01 -1.97e-01 -2.06e-01 -2.12e-01 -2.16e-01 -2.19e-01 -2.22e-01 -2.24e-01 -2.25e-01 -2.26e-01 -2.25e-01 -2.24e-01 -2.22e-01 -2.19e-01 -2.16e-01 -2.12e-01 -2.06e-01 -1.97e-01 -1.85e-01 -1.67e-01 -1.46e-01 -1.21e-01 -9.47e-02 -6.98e-02 -4.82e-02 -3.10e-02 -1.87e-02 -1.05e-02 -5.50e-03 -2.65e-03 -1.14e-03 -4.29e-04 -1.38e-04 -3.79e-05 -8.77e-06 -1.71e-06 -2.81e-07 -3.87e-08 -4.04e-09 4.04e-09 
2.31e-09 -2.31e-09 -1.17e-08 -9.57e-08 -6.61e-07 -3.81e-06 -1.84e-05 -7.46e-05 -2.54e-04 -7.32e-04 -1.81e-03 -3.93e-03 -7.73e-03 -1.41e-02 -2.42e-02 -3.87e-02 -5.78e-02 -8.11e-02 -1.07e-01 -1.33e-01 -1.58e-01 -1.80e-01 -1.98e-01 -2.11e-01 -2.21e-01 -2.27e-01 -2.32e-01 -2.35e-01 -2.37e-01 -2.38e-01 -2.39e-01 -2.38e-01 -2.37e-01 -2.35e-01 -2.32e-01 -2.27e-01 -2.21e-01 -2.11e-01 -1.98e-01 -1.80e-01 -1.58e-01 -1.33e-01 -1.07e-01 -8.11e-02 -5.78e-02 -3.87e-02 -2.42e-02 -1.41e-02 -7.73e-03 -3.93e-03 -1.81e-03 -7.32e-04 -2.54e-04 -7.46e-05 -1.84e-05 -3.81e-06 -6.61e-07 -9.57e-08 -1.16e-08 -1.06e-09 1.06e-09 
4.75e-10 -4.75e-10 -2.79e-09 -2.66e-08 -2.10e-07 -1.38e-06 -7.58e-06 -3.46e-05 -1.32e-04 -4.20e-04 -1.13e-03 -2.62e-03 -5.35e-03 -1.00e-02 -1.77e-02 -2.92e-02 -4.51e-02 -6.52e-02 -8.90e-02 -1.15e-01 -1.41e-01 -1.66e-01 -1.87e-01 -2.05e-01 -2.19e-01 -2.29e-01 -2.37e-01 -2.42e-01 -2.46e-01 -2.48e-01 -2.48e-01 -2.48e-01 -2.46e-01 -2.42e-01 -2.37e-01 -2.29e-01 -2.19e-01 -2.05e-01 -1.87e-01 -1.66e-01 -1.41e-01 -1.15e-01 -8.90e-02 -6.52e-02 -4.51e-02 -2.92e-02 -1.77e-02 -1.00e-02 -5.35e-03 -2.62e-03 -1.13e-03 -4.20e-04 -1.32e-04 -3.46e-05 -7.58e-06 -1.38e-06 -2.10e-07 -2.66e-08 -2.77e-09 -2.21e-10 2.21e-10 
7.62e-11 -7.62e-11 -5.31e-10 -5.93e-09 -5.46e-08 -4.14e-07 -2.59e-06 -1.35e-05 -5.84e-05 -2.10e-04 -6.29e-04 -1.59e-03 -3.46e-03 -6.72e-03 -1.21e-02 -2.06e-02 -3.29e-02 -4.93e-02 -6.94e-02 -9.27e-02 -1.18e-01 -1.42e-01 -1.66e-01 -1.87e-01 -2.04e-01 -2.18e-01 -2.29e-01 -2.37e-01 -2.43e-01 -2.46e-01 -2.47e-01 -2.46e-01 -2.43e-01 -2.37e-01 -2.29e-01 -2.18e-01 -2.04e-01 -1.87e-01 -1.66e-01 -1.42e-01 -1.18e-01 -9.27e-02 -6.94e-02 -4.93e-02 -3.29e-02 -2.06e-02 -1.21e-02 -6.72e-03 -3.46e-03 -1.59e-03 -6.29e-04 -2.10e-04 -5.84e-05 -1.35e-05 -2.59e-06 -4.14e-07 -5.46e-08 -5.93e-09 -5.28e-10 -3.59e-11 3.59e-11 
9.40e-12 -9.40e-12 -7.92e-11 -1.05e-09 -1.14e-08 -1.00e-07 -7.29e-07 -4.36e-06 -2.16e-05 -8.86e-05 -3.01e-04 -8.53e-04 -2.04e-03 -4.21e-03 -7.83e-03 -1.36e-02 -2.24e-02 -3.47e-02 -5.06e-02 -6.97e-02 -9.13e-02 -1.14e-01 -1.37e-01 -1.58e-01 -1.77e-01 -1.94e-01 -2.07e-01 -2.17e-01 -2.24e-01 -2.28e-01 -2.30e-01 -2.28e-01 -2.24e-01 -2.17e-01 -2.07e-01 -1.94e-01 -1.77e-01 -1.58e-01 -1.37e-01 -1.14e-01 -9.13e-02 -6.97e-02 -5.06e-02 -3.47e-02 -2.24e-02 -1.36e-02 -7.83e-03 -4.21e-03 -2.04e-03 -8.53e-04 -3.01e-04 -8.86e-05 -2.16e-05 -4.36e-06 -7.29e-07 -1.00e-07 -1.14e-08 -1.05e-09 -7.89e-11 -4.48e-12 4.48e-12 
8.71e-13 -8.71e-13 -9.12e-12 -1.47e-10 -1.90e-09 -1.97e-08 -1.67e-07 -1.16e-06 -6.61e-06 -3.12e-05 -1.22e-04 -3.92e-04 -1.05e-03 -2.40e-03 -4.73e-03 -8.47e-03 -1.42e-02 -2.27e-02 -3.42e-02 -4.87e-02 -6.59e-02 -8.49e-02 -1.05e-01 -1.24e-01 -1.43e-01 -1.59e-01 -1.73e-01 -1.84e-01 -1.92e-01 -1.97e-01 -1.98e-01 -1.97e-01 -1.92e-01 -1.84e-01 -1.73e-01 -1.59e-01 -1.43e-01 -1.24e-01 -1.05e-01 -8.49e-02 -6.59e-02 -4.87e-02 -3.42e-02 -2.27e-02 -1.42e-02 -8.47e-03 -4.73e-03 -2.40e-03 -1.05e-03 -3.92e-04 -1.22e-04 -3.12e-05 -6.61e-06 -1.16e-06 -1.67e-07 -1.97e-08 -1.90e-09 -1.47e-10 -9.10e-12 -4.20e-13 4.20e-13 
5.85e-14 -5.85e-14 -7.92e-13 -1.60e-11 -2.49e-10 -3.08e-09 -3.07e-08 -2.49e-07 -1.66e-06 -9.04e-06 -4.06e-05 -1.51e-04 -4.63e-04 -1.19e-03 -2.59e-03 -4.92e-03 -8.54e-03 -1.39e-02 -2.15e-02 -3.16e-02 -4.40e-02 -5.83e-02 -7.40e-02 -9.01e-02 -1.06e-01 -1.20e-01 -1.33e-01 -1.44e-01 -1.51e-01 -1.56e-01 -1.57e-01 -1.56e-01 -1.51e-01 -1.44e-01 -1.33e-01 -1.20e-01 -1.06e-01 -9.01e-02 -7.40e-02 -5.83e-02 -4.40e-02 -3.16e-02 -2.15e-02 -1.39e-02 -8.54e-03 -4.92e-03 -2.59e-03 -1.19e-03 -4.63e-04 -1.51e-04 -4.06e-05 -9.04e-06 -1.66e-06 -2.49e-07 -3.07e-08 -3.08e-09 -2.49e-10 -1.60e-11 -7.91e-13 -2.85e-14 2.85e-14 
2.68e-15 -2.68e-15 -5.00e-14 -1.31e-12 -2.54e-11 -3.82e-10 -4.54e-09 -4.34e-08 -3.37e-07 -2.14e-06 -1.12e-05 -4.79e-05 -1.70e-04 -4.98e-04 -1.22e-03 -2.56e-03 -4.74e-03 -8.00e-03 -1.27e-02 -1.91e-02 -2.72e-02 -3.71e-02 -4.83e-02 -6.02e-02 -7.23e-02 -8.39e-02 -9.42e-02 -1.03e-01 -1.09e-01 -1.13e-01 -1.15e-01 -1.13e-01 -1.09e-01 -1.03e-01 -9.42e-02 -8.39e-02 -7.23e-02 -6.02e-02 -4.83e-02 -3.71e-02 -2.72e-02 -1.91e-02 -1.27e-02 -8.00e-03 -4.74e-03 -2.56e-03 -1.22e-03 -4.98e-04 -1.70e-04 -4.79e-05 -1.12e-05 -2.14e-06 -3.37e-07 -4.34e-08 -4.54e-09 -3.82e-10 -2.54e-11 -1.31e-12 -5.00e-14 -1.32e-15 1.32e-15 
7.52e-17 -7.52e-17 -2.17e-15 -7.79e-14 -1.96e-12 -3.67e-11 -5.31e-10 -6.07e-09 -5.56e-08 -4.13e-07 -2.51e-06 -1.25e-05 -5.11e-05 -1.73e-04 -4.85e-04 -1.15e-03 -2.33e-03 -4.20e-03 -6.94e-03 -1.07e-02 -1.57e-02 -2.19e-02 -2.92e-02 -3.72e-02 -4.55e-02 -5.37e-02 -6.12e-02 -6.76e-02 -7.25e-02 -7.55e-02 -7.66e-02 -7.55e-02 -7.25e-02 -6.76e-02 -6.12e-02 -5.37e-02 -4.55e-02 -3.72e-02 -2.92e-02 -2.19e-02 -1.57e-02 -1.07e-02 -6.94e-03 -4.20e-03 -2.33e-03 -1.15e-03 -4.85e-04 -1.73e-04 -5.11e-05 -1.25e-05 -2.51e-06 -4.13e-07 -5.56e-08 -6.07e-09 -5.31e-10 -3.67e-11 -1.96e-12 -7.79e-14 -2.16e-15 -3.73e-17 3.73e-17 
9.68e-19 -9.68e-19 -5.74e-17 -3.19e-15 -1.11e-13 -2.69e-12 -4.85e-11 -6.73e-10 -7.37e-09 -6.47e-08 -4.59e-07 -2.66e-06 -1.26e-05 -4.94e-05 -1.60e-04 -4.30e-04 -9.82e-04 -1.94e-03 -3.43e-03 -5.55e-03 -8.40e-03 -1.20e-02 -1.64e-02 -2.13e-02 -2.65e-02 -3.18e-02 -3.67e-02 -4.10e-02 -4.43e-02 -4.63e-02 -4.71e-02 -4.63e-02 -4.43e-02 -4.10e-02 -3.67e-02 -3.18e-02 -2.65e-02 -2.13e-02 -1.64e-02 -1.20e-02 -8.40e-03 -5.55e-03 -3.43e-03 -1.94e-03 -9.82e-04 -4.30e-04 -1.60e-04 -4.94e-05 -1.26e-05 -2.66e-06 -4.59e-07 -6.47e-08 -7.37e-09 -6.73e-10 -4.85e-11 -2.69e-12 -1.11e-13 -3.19e-15 -5.74e-17 -4.84e-19 4.84e-19 
-0.00e+00 0.00e+00 -7.02e-19 -8.04e-17 -4.32e-15 -1.44e-13 -3.37e-12 -5.83e-11 -7.76e-10 -8.14e-09 -6.83e-08 -4.63e-07 -2.56e-06 -1.16e-05 -4.32e-05 -1.34e-04 -3.46e-04 -7.65e-04 -1.48e-03 -2.55e-03 -4.06e-03 -6.03e-03 -8.44e-03 -1.12e-02 -1.43e-02 -1.74e-02 -2.03e-02 -2.29e-02 -2.50e-02 -2.63e-02 -2.67e-02 -2.63e-02 -2.50e-02 -2.29e-02 -2.03e-02 -1.74e-02 -1.43e-02 -1.12e-02 -8.44e-03 -6.03e-03 -4.06e-03 -2.55e-03 -1.48e-03 -7.65e-04 -3.46e-04 -1.34e-04 -4.32e-05 -1.16e-05 -2.56e-06 -4.63e-07 -6.83e-08 -8.14e-09 -7.76e-10 -5.83e-11 -3.37e-12 -1.44e-13 -4.32e-15 -8.04e-17 -7.02e-19 0.00e+00 -0.00e+00 
-0.00e+00 0.00e+00 0.00e+00 -9.36e-19 -1.03e-16 -5.35e-15 -1.72e-13 -3.86e-12 -6.40e-11 -8.16e-10 -8.18e-09 -6.55e-08 -4.23e-07 -2.23e-06 -9.61e-06 -3.42e-05 -1.01e-04 -2.53e-04 -5.41e-04 -1.02e-03 -1.73e-03 -2.70e-03 -3.93e-03 -5.40e-03 -7.02e-03 -8.72e-03 -1.04e-02 -1.18e-02 -1.30e-02 -1.37e-02 -1.39e-02 -1.37e-02 -1.30e-02 -1.18e-02 -1.04e-02 -8.72e-03 -7.02e-03 -5.40e-03 -3.93e-03 -2.70e-03 -1.73e-03 -1.02e-03 -5.41e-04 -2.53e-04 -1.01e-04 -3.42e-05 -9.61e-06 -2.23e-06 -4.23e-07 -6.55e-08 -8.18e-09 -8.16e-10 -6.40e-11 -3.86e-12 -1.72e-13 -5.35e-15 -1.03e-16 -9.36e-19 0.00e+00 0.00e+00 -0.00e+00 
-0.00e+00 0.00e+00 0.00e+00 0.00e+00 -1.15e-18 -1.22e-16 -6.09e-15 -1.88e-13 -4.04e-12 -6.42e-11 -7.82e-10 -7.48e-09 -5.70e-08 -3.51e-07 -1.76e-06 -7.21e-06 -2.45e-05 -6.93e-05 -1.67e-04 -3.46e-04 -6.36e-04 -1.06e-03 -1.62e-03 -2.31e-03 -3.10e-03 -3.95e-03 -4.78e-03 -5.53e-03 -6.12e-03 -6.50e-03 -6.64e-03 -6.50e-03 -6.12e-03 -5.53e-03 -4.78e-03 -3.95e-03 -3.10e-03 -2.31e-03 -1.62e-03 -1.06e-03 -6.36e-04 -3.46e-04 -1.67e-04 -6.93e-05 -2.45e-05 -7.21e-06 -1.76e-06 -3.51e-07 -5.70e-08 -7.48e-09 -7.82e-10 -6.42e-11 -4.04e-12 -1.88e-13 -6.09e-15 -1.22e-16 -1.15e-18 0.00e+00 0.00e+00 0.00e+00 -0.00e+00 
-0.00e+00 0.00e+00 0.00e+00 0.00e+00 0.00e+00 -1.30e-18 -1.33e-16 -6.36e-15 -1.88e-13 -3.87e-12 -5.88e-11 -6.83e-10 -6.22e-09 -4.51e-08 -2.64e-07 -1.25e-06 -4.89e-06 -1.58e-05 -4.28e-05 -9.90e-05 -1.99e-04 -3.57e-04 -5.81e-04 -8.70e-04 -1.21e-03 -1.59e-03 -1.97e-03 -2.32e-03 -2.59e-03 -2.78e-03 -2.84e-03 -2.78e-03 -2.59e-03 -2.32e-03 -1.97e-03 -1.59e-03 -1.21e-03 -8.70e-04 -5.81e-04 -3.57e-04 -1.99e-04 -9.90e-05 -4.28e-05 -1.58e-05 -4.89e-06 -1.25e-06 -2.64e-07 -4.51e-08 -6.22e-09 -6.83e-10 -5.88e-11 -3.87e-12 -1.88e-13 -6.36e-15 -1.33e-16 -1.30e-18 0.00e+00 0.00e+00 0.00e+00 0.00e+00 -0.00e+00 
-0.00e+00 0.00e+00 0.00e+00 0.00e+00 0.00e+00 0.00e+00 -1.35e-18 -1.33e-16 -6.10e-15 -1.73e-13 -3.40e-12 -4.92e-11 -5.44e-10 -4.70e-09 -3.24e-08 -1.79e-07 -8.08e-07 -2.99e-06 -9.19e-06 -2.38e-05 -5.29e-05 -1.03e-04 -1.79e-04 -2.84e-04 -4.14e-04 -5.62e-04 -7.15e-04 -8.58e-04 -9.75e-04 -1.05e-03 -1.08e-03 -1.05e-03 -9.75e-04 -8.58e-04 -7.15e-04 -5.62e-04 -4.14e-04 -2.84e-04 -1.79e-04 -1.03e-04 -5.29e-05 -2.38e-05 -9.19e-06 -2.99e-06 -8.08e-07 -1.79e-07 -3.24e-08 -4.70e-09 -5.44e-10 -4.92e-11 -3.40e-12 -1.73e-13 -6.10e-15 -1.33e-16 -1.35e-18 0.00e+00 0.00e+00 0.00e+00 0.00e+00 0.00e+00 -0.00e+00 
-0.00e+00 0.00e+00 0.00e+00 0.00e+00 0.00e+00 0.00e+00 0.00e+00 -1.30e-18 -1.22e-16 -5.37e-15 -1.45e-13 -2.72e-12 -3.75e-11 -3.94e-10 -3.23e-09 -2.10e-08 -1.10e-07 -4.69e-07 -1.64e-06 -4.80e-06 -1.19e-05 -2.53e-05 -4.75e-05 -7.99e-05 -1.23e-04 -1.73e-04 -2.27e-04 -2.79e-04 -3.22e-04 -3.51e-04 -3.61e-04 -3.51e-04 -3.22e-04 -2.79e-04 -2.27e-04 -1.73e-04 -1.23e-04 -7.99e-05 -4.75e-05 -2.53e-05 -1.19e-05 -4.80e-06 -1.64e-06 -4.69e-07 -1.10e-07 -2.10e-08 -3.23e-09 -3.94e-10 -3.75e-11 -2.72e-12 -1.45e-13 -5.37e-15 -1.22e-16 -1.30e-18 0.00e+00 0.00e+00 0.00e+00 0.00e+00 0.00e+00 0.00e+00 -0.00e+00 
-0.00e+00 0.00e+00 0.00e+00 0.00e+00 0.00e+00 0.00e+00 0.00e+00 0.00e+00 -1.15e-18 -1.04e-16 -4.34e-15 -1.12e-13 -2.00e-12 -2.61e-11 -2.59e-10 -2.01e-09 -1.23e-08 -6.10e-08 -2.45e-07 -8.10e-07 -2.24e-06 -5.27e-06 -1.07e-05 -1.94e-05 -3.14e-05 -4.64e-05 -6.30e-05 -7.95e-05 -9.34e-05 -1.03e-04 -1.06e-04 -1.03e-04 -9.34e-05 -7.95e-05 -6.30e-05 -4.64e-05 -3.14e-05 -1.94e-05 -1.07e-05 -5.27e-06 -2.24e-06 -8.10e-07 -2.45e-07 -6.10e-08 -1.23e-08 -2.01e-09 -2.59e-10 -2.61e-11 -2.00e-12 -1.12e-13 -4.34e-15 -1.04e-16 -1.15e-18 0.00e+00 0.00e+00 0.00e+00 0.00e+00 0.00e+00 0.00e+00 0.00e+00 -0.00e+00 
-0.00e+00 0.00e+00 0.00e+00 0.00e+00 0.00e+00 0.00e+00 0.00e+00 0.00e+00 0.00e+00 -9.36e-19 -8.06e-17 -3.22e-15 -7.89e-14 -1.33e-12 -1.65e-11 -1.55e-10 -1.13e-09 -6.54e-09 -3.03e-08 -1.15e-07 -3.57e-07 -9.32e-07 -2.08e-06 -4.04e-06 -6.96e-06 -1.08e-05 -1.52e-05 -1.98e-05 -2.37e-05 -2.64e-05 -2.73e-05 -2.64e-05 -2.37e-05 -1.98e-05 -1.52e-05 -1.08e-05 -6.96e-06 -4.04e-06 -2.08e-06 -9.32e-07 -3.57e-07 -1.15e-07 -3.03e-08 -6.54e-09 -1.13e-09 -1.55e-10 -1.65e-11 -1.33e-12 -7.89e-14 -3.22e-15 -8.06e-17 -9.36e-19 0.00e+00 0.00e+00 0.00e+00 0.00e+00 0.00e+00 0.00e+00 0.00e+00 0.00e+00 -0.00e+00 
-0.00e+00 0.00e+00 0.00e+00 0.00e+00 0.00e+00 0.00e+00 0.00e+00 0.00e+00 0.00e+00 0.00e+00 -7.02e-19 -5.76e-17 -2.19e-15 -5.08e-14 -8.13e-13 -9.49e-12 -8.40e-11 -5.76e-10 -3.13e-09 -1.36e-08 -4.83e-08 -1.42e-07 -3.49e-07 -7.38e-07 -1.36e-06 -2.24e-06 -3.30e-06 -4.43e-06 -5.43e-06 -6.13e-06 -6.38e-06 -6.13e-06 -5.43e-06 -4.43e-06 -3.30e-06 -2.24e-06 -1.36e-06 -7.38e-07 -3.49e-07 -1.42e-07 -4.83e-08 -1.36e-08 -3.13e-09 -5.76e-10 -8.40e-11 -9.49e-12 -8.13e-13 -5.08e-14 -2.19e-15 -5.76e-17 -7.02e-19 0.00e+00 0.00e+00 0.00e+00 0.00e+00 0.00e+00 0.00e+00 0.00e+00 0.00e+00 0.00e+00 -0.00e+00 
-0.00e+00 0.00e+00 0.00e+00 0.00e+00 0.00e+00 0.00e+00 0.00e+00 0.00e+00 0.00e+00 0.00e+00 0.00e+00 -9.68e-19 -7.55e-17 -2.71e-15 -5.97e-14 -8.99e-13 -9.86e-12 -8.17e-11 -5.24e-10 -2.65e-09 -1.07e-08 -3.54e-08 -9.66e-08 -2.23e-07 -4.41e-07 -7.64e-07 -1.18e-06 -1.63e-06 -2.04e-06 -2.34e-06 -2.44e-06 -2.34e-06 -2.04e-06 -1.63e-06 -1.18e-06 -7.64e-07 -4.41e-07 -2.23e-07 -9.66e-08 -3.54e-08 -1.07e-08 -2.65e-09 -5.24e-10 -8.17e-11 -9.86e-12 -8.99e-13 -5.97e-14 -2.71e-15 -7.55e-17 -9.68e-19 0.00e+00 0.00e+00 0.00e+00 0.00e+00 0.00e+00 0.00e+00 0.00e+00 0.00e+00 0.00e+00 0.00e+00 -0.00e+00 
0.00e+00 -0.00e+00 -0.00e+00 -0.00e+00 -0.00e+00 -0.00e+00 -0.00e+00 -0.00e+00 -0.00e+00 -0.00e+00 -0.00e+00 9.68e-19 7.55e-17 2.71e-15 5.97e-14 8.99e-13 9.86e-12 8.17e-11 5.24e-10 2.65e-09 1.07e-08 3.54e-08 9.66e-08 2.23e-07 4.41e-07 7.64e-07 1.18e-06 1.63e-06 2.04e-06 2.34e-06 2.44e-06 2.34e-06 2.04e-06 1.63e-06 1.18e-06 7.64e-07 4.41e-07 2.23e-07 9.66e-08 3.54e-08 1.07e-08 2.65e-09 5.24e-10 8.17e-11 9.86e-12 8.99e-13 5.97e-14 2.71e-15 7.55e-17 9.68e-19 -0.00e+00 -0.00e+00 -0.00e+00 -0.00e+00 -0.00e+00 -0.00e+00 -0.00e+00 -0.00e+00 -0.00e+00 -0.00e+00 0.00e+00 
