0.00e+00 -0.00e+00 -0.00e+00 -0.00e+00 -0.00e+00 -0.00e+00 -0.00e+00 -0.00e+00 -0.00e+00 -4.09e-19 -3.50e-17 -1.38e-15 -3.36e-14 -5.64e-13 -6.91e-12 -6.43e-11 -4.66e-10 -2.67e-09 -1.23e-08 -4.62e-08 -1.43e-07 -3.72e-07 -8.26e-07 -1.60e-06 -2.75e-06 -4.25e-06 -5.98e-06 -7.74e-06 -9.27e-06 -1.03e-05 -1.07e-05 -1.03e-05 -9.27e-06 -7.74e-06 -5.98e-06 -4.25e-06 -2.75e-06 -1.60e-06 -8.26e-07 -3.72e-07 -1.43e-07 -4.62e-08 -1.23e-08 -2.67e-09 -4.66e-10 -6.43e-11 -6.91e-12 -5.64e-13 -3.36e-14 -1.38e-15 -3.50e-17 -4.09e-19 -0.00e+00 -0.00e+00 -0.00e+00 -0.00e+00 -0.00e+00 -0.00e+00 -0.00e+00 -0.00e+00 0.00e+00 
-0.00e+00 0.00e+00 0.00e+00 0.00e+00 0.00e+00 0.00e+00 0.00e+00 0.00e+00 0.00e+00 4.09e-19 3.50e-17 1.38e-15 3.36e-14 5.64e-13 6.91e-12 6.43e-11 4.66e-10 2.67e-09 1.23e-08 4.62e-08 1.43e-07 3.72e-07 8.26e-07 1.60e-06 2.75e-06 4.25e-06 5.98e-06 7.74e-06 9.27e-06 1.03e-05 1.07e-05 1.03e-05 9.27e-06 7.74e-06 5.98e-06 4.25e-06 2.75e-06 1.60e-06 8.26e-07 3.72e-07 1.43e-07 4.62e-08 1.23e-08 2.67e-09 4.66e-10 6.43e-11 6.91e-12 5.64e-13 3.36e-14 1.38e-15 3.50e-17 4.09e-19 0.00e+00 0.00e+00 0.00e+00 0.00e+00 0.00e+00 0.00e+00 0.00e+00 0.00e+00 -0.00e+00 
-0.00e+00 0.00e+00 0.00e+00 0.00e+00 0.00e+00 0.00e+00 0.00e+00 0.00e+00 5.21e-19 4.70e-17 1.97e-15 5.09e-14 9.08e-13 1.19e-11 1.19e-10 9.24e-10 5.72e-09 2.85e-08 1.15e-07 3.86e-07 1.08e-06 2.58e-06 5.32e-06 9.71e-06 1.59e-05 2.37e-05 3.24e-05 4.11e-05 4.85e-05 5.35e-05 5.52e-05 5.35e-05 4.85e-05 4.11e-05 3.24e-05 2.37e-05 1.59e-05 9.71e-06 5.32e-06 2.58e-06 1.08e-06 3.86e-07 1.15e-07 2.85e-08 5.72e-09 9.24e-10 1.19e-10 1.19e-11 9.08e-13 5.09e-14 1.97e-15 4.70e-17 5.21e-19 0.00e+00 0.00e+00 0.00e+00 0.00e+00 0.00e+00 0.00e+00 0.00e+00 -0.00e+00 
-0.00e+00 0.00e+00 0.00e+00 0.00e+00 0.00e+00 0.00e+00 0.00e+00 6.12e-19 5.77e-17 2.53e-15 6.85e-14 1.29e-12 1.78e-11 1.87e-10 1.54e-09 1.01e-08 5.34e-08 2.30e-07 8.15e-07 2.41e-06 6.05e-06 1.31e-05 2.50e-05 4.26e-05 6.61e-05 9.43e-05 1.25e-04 1.54e-04 1.79e-04 1.95e-04 2.01e-04 1.95e-04 1.79e-04 1.54e-04 1.25e-04 9.43e-05 6.61e-05 4.26e-05 2.50e-05 1.31e-05 6.05e-06 2.41e-06 8.15e-07 2.30e-07 5.34e-08 1.01e-08 1.54e-09 1.87e-10 1.78e-11 1.29e-12 6.85e-14 2.53e-15 5.77e-17 6.12e-19 0.00e+00 0.00e+00 0.00e+00 0.00e+00 0.00e+00 0.00e+00 -0.00e+00 
-0.00e+00 0.00e+00 0.00e+00 0.00e+00 0.00e+00 0.00e+00 6.63e-19 6.52e-17 2.99e-15 8.47e-14 1.67e-12 2.42e-11 2.69e-10 2.34e-09 1.62e-08 9.04e-08 4.11e-07 1.54e-06 4.81e-06 1.27e-05 2.86e-05 5.67e-05 1.00e-04 1.61e-04 2.37e-04 3.25e-04 4.16e-04 5.02e-04 5.73e-04 6.20e-04 6.36e-04 6.20e-04 5.73e-04 5.02e-04 4.16e-04 3.25e-04 2.37e-04 1.61e-04 1.00e-04 5.67e-05 2.86e-05 1.27e-05 4.81e-06 1.54e-06 4.11e-07 9.04e-08 1.62e-08 2.34e-09 2.69e-10 2.42e-11 1.67e-12 8.47e-14 2.99e-15 6.52e-17 6.63e-19 0.00e+00 0.00e+00 0.00e+00 0.00e+00 0.00e+00 -0.00e+00 
-0.00e+00 0.00e+00 0.00e+00 0.00e+00 0.00e+00 6.63e-19 6.79e-17 3.24e-15 9.62e-14 1.98e-12 3.02e-11 3.52e-10 3.22e-09 2.35e-08 1.38e-07 6.65e-07 2.63e-06 8.62e-06 2.38e-05 5.59e-05 1.15e-04 2.09e-04 3.45e-04 5.23e-04 7.37e-04 9.75e-04 1.22e-03 1.44e-03 1.62e-03 1.73e-03 1.77e-03 1.73e-03 1.62e-03 1.44e-03 1.22e-03 9.75e-04 7.37e-04 5.23e-04 3.45e-04 2.09e-04 1.15e-04 5.59e-05 2.38e-05 8.62e-06 2.63e-06 6.65e-07 1.38e-07 2.35e-08 3.22e-09 3.52e-10 3.02e-11 1.98e-12 9.62e-14 3.24e-15 6.79e-17 6.63e-19 0.00e+00 0.00e+00 0.00e+00 0.00e+00 -0.00e+00 
-0.00e+00 0.00e+00 0.00e+00 0.00e+00 6.12e-19 6.51e-17 3.24e-15 1.00e-13 2.16e-12 3.44e-11 4.20e-10 4.04e-09 3.10e-08 1.92e-07 9.72e-07 4.04e-06 1.39e-05 4.01e-05 9.83e-05 2.08e-04 3.90e-04 6.60e-04 1.02e-03 1.48e-03 2.00e-03 2.57e-03 3.12e-03 3.62e-03 4.02e-03 4.28e-03 4.37e-03 4.28e-03 4.02e-03 3.62e-03 3.12e-03 2.57e-03 2.00e-03 1.48e-03 1.02e-03 6.60e-04 3.90e-04 2.08e-04 9.83e-05 4.01e-05 1.39e-05 4.04e-06 9.72e-07 1.92e-07 3.10e-08 4.04e-09 4.20e-10 3.44e-11 2.16e-12 1.00e-13 3.24e-15 6.51e-17 6.12e-19 0.00e+00 0.00e+00 0.00e+00 -0.00e+00 
-0.00e+00 0.00e+00 0.00e+00 5.21e-19 5.76e-17 2.98e-15 9.59e-14 2.15e-12 3.58e-11 4.58e-10 4.61e-09 3.72e-08 2.42e-07 1.29e-06 5.63e-06 2.03e-05 6.12e-05 1.56e-04 3.41e-04 6.56e-04 1.13e-03 1.79e-03 2.64e-03 3.65e-03 4.79e-03 5.97e-03 7.12e-03 8.15e-03 8.96e-03 9.47e-03 9.65e-03 9.47e-03 8.96e-03 8.15e-03 7.12e-03 5.97e-03 4.79e-03 3.65e-03 2.64e-03 1.79e-03 1.13e-03 6.56e-04 3.41e-04 1.56e-04 6.12e-05 2.03e-05 5.63e-06 1.29e-06 2.42e-07 3.72e-08 4.61e-09 4.58e-10 3.58e-11 2.15e-12 9.59e-14 2.98e-15 5.76e-17 5.21e-19 0.00e+00 0.00e+00 -0.00e+00 
-0.00e+00 0.00e+00 4.09e-19 4.69e-17 2.52e-15 8.43e-14 1.97e-12 3.42e-11 4.57e-10 4.81e-09 4.06e-08 2.77e-07 1.55e-06 7.09e-06 2.69e-05 8.45e-05 2.24e-04 5.05e-04 9.96e-04 1.75e-03 2.83e-03 4.24e-03 5.98e-03 8.00e-03 1.02e-02 1.25e-02 1.46e-02 1.65e-02 1.80e-02 1.90e-02 1.93e-02 1.90e-02 1.80e-02 1.65e-02 1.46e-02 1.25e-02 1.02e-02 8.00e-03 5.98e-03 4.24e-03 2.83e-03 1.75e-03 9.96e-04 5.05e-04 2.24e-04 8.45e-05 2.69e-05 7.09e-06 1.55e-06 2.77e-07 4.06e-08 4.81e-09 4.57e-10 3.42e-11 1.97e-12 8.43e-14 2.52e-15 4.69e-17 4.09e-19 0.00e+00 -0.00e+00 
-5.93e-19 5.93e-19 3.52e-17 1.96e-15 6.80e-14 1.65e-12 2.98e-11 4.16e-10 4.57e-09 4.03e-08 2.89e-07 1.69e-06 8.11e-06 3.22e-05 1.06e-04 2.91e-04 6.79e-04 1.37e-03 2.47e-03 4.04e-03 6.17e-03 8.88e-03 1.21e-02 1.58e-02 1.98e-02 2.37e-02 2.75e-02 3.07e-02 3.32e-02 3.48e-02 3.53e-02 3.48e-02 3.32e-02 3.07e-02 2.75e-02 2.37e-02 1.98e-02 1.58e-02 1.21e-02 8.88e-03 6.17e-03 4.04e-03 2.47e-03 1.37e-03 6.79e-04 2.91e-04 1.06e-04 3.22e-05 8.11e-06 1.69e-06 2.89e-07 4.03e-08 4.57e-09 4.16e-10 2.98e-11 1.65e-12 6.80e-14 1.96e-15 3.52e-17 2.96e-19 -2.96e-19 
-4.85e-17 4.85e-17 1.40e-15 5.03e-14 1.27e-12 2.38e-11 3.45e-10 3.96e-09 3.65e-08 2.73e-07 1.67e-06 8.42e-06 3.50e-05 1.20e-04 3.44e-04 8.31e-04 1.73e-03 3.16e-03 5.28e-03 8.22e-03 1.21e-02 1.68e-02 2.24e-02 2.87e-02 3.52e-02 4.16e-02 4.76e-02 5.26e-02 5.65e-02 5.89e-02 5.98e-02 5.89e-02 5.65e-02 5.26e-02 4.76e-02 4.16e-02 3.52e-02 2.87e-02 2.24e-02 1.68e-02 1.21e-02 8.22e-03 5.28e-03 3.16e-03 1.73e-03 8.31e-04 3.44e-04 1.20e-04 3.50e-05 8.42e-06 1.67e-06 2.73e-07 3.65e-08 3.96e-09 3.45e-10 2.38e-11 1.27e-12 5.03e-14 1.40e-15 2.40e-17 -2.40e-17 
-1.83e-15 1.83e-15 3.41e-14 8.91e-13 1.74e-11 2.62e-10 3.13e-09 3.01e-08 2.35e-07 1.51e-06 7.93e-06 3.45e-05 1.24e-04 3.70e-04 9.28e-04 1.99e-03 3.73e-03 6.34e-03 1.01e-02 1.52e-02 2.16e-02 2.95e-02 3.85e-02 4.81e-02 5.80e-02 6.75e-02 7.61e-02 8.33e-02 8.87e-02 9.21e-02 9.32e-02 9.21e-02 8.87e-02 8.33e-02 7.61e-02 6.75e-02 5.80e-02 4.81e-02 3.85e-02 2.95e-02 2.16e-02 1.52e-02 1.01e-02 6.34e-03 3.73e-03 1.99e-03 9.28e-04 3.70e-04 1.24e-04 3.45e-05 7.93e-06 1.51e-06 2.35e-07 3.01e-08 3.13e-09 2.62e-10 1.74e-11 8.91e-13 3.41e-14 8.98e-16 -8.98e-16 
-4.22e-14 4.22e-14 5.72e-13 1.16e-11 1.81e-10 2.25e-09 2.25e-08 1.84e-07 1.23e-06 6.78e-06 3.08e-05 1.16e-04 3.62e-04 9.46e-04 2.09e-03 4.04e-03 7.04e-03 1.15e-02 1.77e-02 2.59e-02 3.61e-02 4.80e-02 6.12e-02 7.48e-02 8.84e-02 1.01e-01 1.12e-01 1.21e-01 1.28e-01 1.32e-01 1.34e-01 1.32e-01 1.28e-01 1.21e-01 1.12e-01 1.01e-01 8.84e-02 7.48e-02 6.12e-02 4.80e-02 3.61e-02 2.59e-02 1.77e-02 1.15e-02 7.04e-03 4.04e-03 2.09e-03 9.46e-04 3.62e-04 1.16e-04 3.08e-05 6.78e-06 1.23e-06 1.84e-07 2.25e-08 2.25e-09 1.81e-10 1.16e-11 5.72e-13 2.06e-14 -2.06e-14 
-6.69e-13 6.69e-13 7.02e-12 1.14e-10 1.47e-09 1.53e-08 1.30e-07 9.10e-07 5.25e-06 2.50e-05 9.86e-05 3.23e-04 8.80e-04 2.03e-03 4.05e-03 7.26e-03 1.21e-02 1.93e-02 2.90e-02 4.14e-02 5.61e-02 7.25e-02 8.99e-02 1.07e-01 1.24e-01 1.39e-01 1.52e-01 1.62e-01 1.69e-01 1.74e-01 1.75e-01 1.74e-01 1.69e-01 1.62e-01 1.52e-01 1.39e-01 1.24e-01 1.07e-01 8.99e-02 7.25e-02 5.61e-02 4.14e-02 2.90e-02 1.93e-02 1.21e-02 7.26e-03 4.05e-03 2.03e-03 8.80e-04 3.23e-04 9.86e-05 2.50e-05 5.25e-06 9.10e-07 1.30e-07 1.53e-08 1.47e-09 1.14e-10 7.00e-12 3.23e-13 -3.23e-13 
-7.72e-12 7.72e-12 6.51e-11 8.71e-10 9.44e-09 8.37e-08 6.10e-07 3.68e-06 1.84e-05 7.61e-05 2.61e-04 7.49e-04 1.81e-03 3.75e-03 6.96e-03 1.20e-02 1.96e-02 3.04e-02 4.44e-02 6.13e-02 8.06e-02 1.01e-01 1.22e-01 1.42e-01 1.60e-01 1.76e-01 1.89e-01 1.99e-01 2.06e-01 2.10e-01 2.11e-01 2.10e-01 2.06e-01 1.99e-01 1.89e-01 1.76e-01 1.60e-01 1.42e-01 1.22e-01 1.01e-01 8.06e-02 6.13e-02 4.44e-02 3.04e-02 1.96e-02 1.20e-02 6.96e-03 3.75e-03 1.81e-03 7.49e-04 2.61e-04 7.61e-05 1.84e-05 3.68e-06 6.10e-07 8.37e-08 9.44e-09 8.71e-10 6.50e-11 3.68e-12 -3.68e-12 
-6.72e-11 6.72e-11 4.69e-10 5.26e-09 4.85e-08 3.70e-07 2.33e-06 1.22e-05 5.31e-05 1.92e-04 5.81e-04 1.48e-03 3.22e-03 6.22e-03 1.11e-02 1.87e-02 2.99e-02 4.47e-02 6.30e-02 8.43e-02 1.07e-01 1.31e-01 1.53e-01 1.73e-01 1.91e-01 2.05e-01 2.17e-01 2.25e-01 2.31e-01 2.34e-01 2.35e-01 2.34e-01 2.31e-01 2.25e-01 2.17e-01 2.05e-01 1.91e-01 1.73e-01 1.53e-01 1.31e-01 1.07e-01 8.43e-02 6.30e-02 4.47e-02 2.99e-02 1.87e-02 1.11e-02 6.22e-03 3.22e-03 1.48e-03 5.81e-04 1.92e-04 5.31e-05 1.22e-05 2.33e-06 3.70e-07 4.85e-08 5.26e-09 4.67e-10 3.17e-11 -3.17e-11 
-4.52e-10 4.52e-10 2.66e-09 2.54e-08 2.02e-07 1.33e-06 7.32e-06 3.35e-05 1.28e-04 4.10e-04 1.10e-03 2.54e-03 5.16e-03 9.58e-03 1.67e-02 2.75e-02 4.23e-02 6.11e-02 8.34e-02 1.08e-01 1.33e-01 1.57e-01 1.78e-01 1.96e-01 2.11e-01 2.22e-01 2.31e-01 2.37e-01 2.41e-01 2.43e-01 2.44e-01 2.43e-01 2.41e-01 2.37e-01 2.31e-01 2.22e-01 2.11e-01 1.96e-01 1.78e-01 1.57e-01 1.33e-01 1.08e-01 8.34e-02 6.11e-02 4.23e-02 2.75e-02 1.67e-02 9.58e-03 5.16e-03 2.54e-03 1.10e-03 4.10e-04 1.28e-04 3.35e-05 7.32e-06 1.33e-06 2.02e-07 2.54e-08 2.64e-09 2.10e-10 -2.10e-10 
-2.39e-09 2.39e-09 1.20e-08 9.90e-08 6.84e-07 3.95e-06 1.91e-05 7.73e-05 2.63e-04 7.53e-04 1.85e-03 3.96e-03 7.70e-03 1.39e-02 2.37e-02 3.76e-02 5.59e-02 7.82e-02 1.03e-01 1.29e-01 1.54e-01 1.76e-01 1.94e-01 2.08e-01 2.18e-01 2.26e-01 2.31e-01 2.34e-01 2.37e-01 2.38e-01 2.38e-01 2.38e-01 2.37e-01 2.34e-01 2.31e-01 2.26e-01 2.18e-01 2.08e-01 1.94e-01 1.76e-01 1.54e-01 1.29e-01 1.03e-01 7.82e-02 5.59e-02 3.76e-02 2.37e-02 1.39e-02 7.70e-03 3.96e-03 1.85e-03 7.53e-04 2.63e-04 7.73e-05 1.91e-05 3.95e-06 6.84e-07 9.90e-08 1.19e-08 1.09e-09 -1.09e-09 
-1.00e-08 1.00e-08 4.39e-08 3.15e-07 1.91e-06 9.76e-06 4.19e-05 1.52e-04 4.67e-04 1.23e-03 2.80e-03 5.74e-03 1.08e-02 1.90e-02 3.14e-02 4.83e-02 6.95e-02 9.41e-02 1.20e-01 1.45e-01 1.67e-01 1.85e-01 1.98e-01 2.08e-01 2.14e-01 2.18e-01 2.21e-01 2.23e-01 2.24e-01 2.25e-01 2.25e-01 2.25e-01 2.24e-01 2.23e-01 2.21e-01 2.18e-01 2.14e-01 2.08e-01 1.98e-01 1.85e-01 1.67e-01 1.45e-01 1.20e-01 9.41e-02 6.95e-02 4.83e-02 3.14e-02 1.90e-02 1.08e-02 5.74e-03 2.80e-03 1.23e-03 4.67e-04 1.52e-04 4.19e-05 9.76e-06 1.91e-06 3.14e-07 4.34e-08 4.53e-09 -4.53e-09 
-3.39e-08 3.39e-08 1.31e-07 8.26e-07 4.46e-06 2.04e-05 7.92e-05 2.61e-04 7.38e-04 1.81e-03 3.94e-03 7.79e-03 1.43e-02 2.45e-02 3.92e-02 5.84e-02 8.14e-02 1.06e-01 1.31e-01 1.53e-01 1.71e-01 1.84e-01 1.93e-01 1.98e-01 2.02e-01 2.04e-01 2.06e-01 2.08e-01 2.10e-01 2.12e-01 2.12e-01 2.12e-01 2.10e-01 2.08e-01 2.06e-01 2.04e-01 2.02e-01 1.98e-01 1.93e-01 1.84e-01 1.71e-01 1.53e-01 1.31e-01 1.06e-01 8.14e-02 5.84e-02 3.92e-02 2.45e-02 1.43e-02 7.79e-03 3.94e-03 1.81e-03 7.38e-04 2.61e-04 7.92e-05 2.04e-05 4.46e-06 8.25e-07 1.29e-07 1.51e-08 -1.51e-08 
-9.36e-08 9.36e-08 3.22e-07 1.82e-06 8.87e-06 3.69e-05 1.31e-04 4.01e-04 1.06e-03 2.47e-03 5.18e-03 9.95e-03 1.78e-02 2.97e-02 4.62e-02 6.68e-02 9.01e-02 1.14e-01 1.36e-01 1.54e-01 1.67e-01 1.75e-01 1.80e-01 1.83e-01 1.86e-01 1.89e-01 1.93e-01 1.97e-01 2.00e-01 2.03e-01 2.04e-01 2.03e-01 2.00e-01 1.97e-01 1.93e-01 1.89e-01 1.86e-01 1.83e-01 1.80e-01 1.75e-01 1.67e-01 1.54e-01 1.36e-01 1.14e-01 9.01e-02 6.68e-02 4.62e-02 2.97e-02 1.78e-02 9.95e-03 5.18e-03 2.47e-03 1.06e-03 4.01e-04 1.31e-04 3.69e-05 8.87e-06 1.82e-06 3.16e-07 4.10e-08 -4.10e-08 
-2.14e-07 2.14e-07 6.68e-07 3.41e-06 1.53e-05 5.88e-05 1.95e-04 5.59e-04 1.41e-03 3.15e-03 6.40e-03 1.20e-02 2.10e-02 3.41e-02 5.15e-02 7.23e-02 9.47e-02 1.16e-01 1.34e-01 1.48e-01 1.56e-01 1.61e-01 1.65e-01 1.67e-01 1.71e-01 1.77e-01 1.83e-01 1.91e-01 1.98e-01 2.03e-01 2.04e-01 2.03e-01 1.98e-01 1.91e-01 1.83e-01 1.77e-01 1.71e-01 1.67e-01 1.65e-01 1.61e-01 1.56e-01 1.48e-01 1.34e-01 1.16e-01 9.47e-02 7.23e-02 5.15e-02 3.41e-02 2.10e-02 1.20e-02 6.40e-03 3.15e-03 1.41e-03 5.59e-04 1.95e-04 5.88e-05 1.53e-05 3.41e-06 6.51e-07 9.20e-08 -9.20e-08 
-4.12e-07 4.12e-07 1.18e-06 5.57e-06 2.32e-05 8.37e-05 2.62e-04 7.16e-04 1.73e-03 3.75e-03 7.43e-03 1.36e-02 2.33e-02 3.70e-02 5.44e-02 7.43e-02 9.46e-02 1.13e-01 1.27e-01 1.37e-01 1.42e-01 1.45e-01 1.48e-01 1.52e-01 1.59e-01 1.68e-01 1.79e-01 1.92e-01 2.03e-01 2.11e-01 2.14e-01 2.11e-01 2.03e-01 1.92e-01 1.79e-01 1.68e-01 1.59e-01 1.52e-01 1.48e-01 1.45e-01 1.42e-01 1.37e-01 1.27e-01 1.13e-01 9.46e-02 7.43e-02 5.44e-02 3.70e-02 2.33e-02 1.36e-02 7.43e-03 3.75e-03 1.73e-03 7.16e-04 2.62e-04 8.37e-05 2.32e-05 5.57e-06 1.15e-06 1.74e-07 -1.74e-07 
-6.77e-07 6.77e-07 1.82e-06 8.02e-06 3.15e-05 1.08e-04 3.22e-04 8.46e-04 1.98e-03 4.19e-03 8.13e-03 1.46e-02 2.45e-02 3.80e-02 5.46e-02 7.27e-02 9.02e-02 1.05e-01 1.15e-01 1.22e-01 1.25e-01 1.28e-01 1.32e-01 1.38e-01 1.48e-01 1.62e-01 1.80e-01 1.98e-01 2.16e-01 2.30e-01 2.35e-01 2.30e-01 2.16e-01 1.98e-01 1.80e-01 1.62e-01 1.48e-01 1.38e-01 1.32e-01 1.28e-01 1.25e-01 1.22e-01 1.15e-01 1.05e-01 9.02e-02 7.27e-02 5.46e-02 3.80e-02 2.45e-02 1.46e-02 8.13e-03 4.19e-03 1.98e-03 8.46e-04 3.22e-04 1.08e-04 3.15e-05 8.01e-06 1.76e-06 2.82e-07 -2.82e-07 
-9.64e-07 9.64e-07 2.46e-06 1.02e-05 3.84e-05 1.26e-04 3.63e-04 9.25e-04 2.11e-03 4.37e-03 8.35e-03 1.48e-02 2.43e-02 3.69e-02 5.19e-02 6.76e-02 8.20e-02 9.33e-02 1.01e-01 1.05e-01 1.07e-01 1.10e-01 1.16e-01 1.25e-01 1.39e-01 1.58e-01 1.82e-01 2.10e-01 2.38e-01 2.60e-01 2.69e-01 2.60e-01 2.38e-01 2.10e-01 1.82e-01 1.58e-01 1.39e-01 1.25e-01 1.16e-01 1.10e-01 1.07e-01 1.05e-01 1.01e-01 9.33e-02 8.20e-02 6.76e-02 5.19e-02 3.69e-02 2.43e-02 1.48e-02 8.35e-03 4.37e-03 2.11e-03 9.25e-04 3.63e-04 1.26e-04 3.84e-05 1.02e-05 2.37e-06 3.97e-07 -3.97e-07 
-1.19e-06 1.19e-06 2.93e-06 1.17e-05 4.21e-05 1.34e-04 3.74e-04 9.31e-04 2.08e-03 4.25e-03 7.99e-03 1.39e-02 2.25e-02 3.36e-02 4.64e-02 5.94e-02 7.07e-02 7.91e-02 8.43e-02 8.70e-02 8.92e-02 9.28e-02 9.96e-02 1.11e-01 1.28e-01 1.52e-01 1.84e-01 2.23e-01 2.66e-01 3.05e-01 3.23e-01 3.05e-01 2.66e-01 2.23e-01 1.84e-01 1.52e-01 1.28e-01 1.11e-01 9.96e-02 9.28e-02 8.92e-02 8.70e-02 8.43e-02 7.91e-02 7.07e-02 5.94e-02 4.64e-02 3.36e-02 2.25e-02 1.39e-02 7.99e-03 4.25e-03 2.08e-03 9.31e-04 3.74e-04 1.34e-04 4.21e-05 1.16e-05 2.80e-06 4.87e-07 -4.87e-07 
-1.28e-06 1.28e-06 3.04e-06 1.17e-05 4.11e-05 1.27e-04 3.49e-04 8.51e-04 1.87e-03 3.77e-03 7.02e-03 1.21e-02 1.93e-02 2.84e-02 3.86e-02 4.87e-02 5.71e-02 6.30e-02 6.64e-02 6.84e-02 7.05e-02 7.44e-02 8.19e-02 9.42e-02 1.13e-01 1.41e-01 1.80e-01 2.33e-01 3.01e-01 3.73e-01 4.14e-01 3.73e-01 3.01e-01 2.33e-01 1.80e-01 1.41e-01 1.13e-01 9.42e-02 8.19e-02 7.44e-02 7.05e-02 6.84e-02 6.64e-02 6.30e-02 5.71e-02 4.87e-02 3.86e-02 2.84e-02 1.93e-02 1.21e-02 7.02e-03 3.77e-03 1.87e-03 8.51e-04 3.49e-04 1.27e-04 4.11e-05 1.17e-05 2.90e-06 5.17e-07 -5.17e-07 
-1.15e-06 1.15e-06 2.68e-06 1.01e-05 3.47e-05 1.05e-04 2.84e-04 6.85e-04 1.49e-03 2.98e-03 5.48e-03 9.36e-03 1.48e-02 2.15e-02 2.90e-02 3.61e-02 4.18e-02 4.57e-02 4.79e-02 4.93e-02 5.11e-02 5.48e-02 6.16e-02 7.30e-02 9.10e-02 1.19e-01 1.62e-01 2.30e-01 3.34e-01 4.72e-01 5.87e-01 4.72e-01 3.34e-01 2.30e-01 1.62e-01 1.19e-01 9.10e-02 7.30e-02 6.16e-02 5.48e-02 5.11e-02 4.93e-02 4.79e-02 4.57e-02 4.18e-02 3.61e-02 2.90e-02 2.15e-02 1.48e-02 9.36e-03 5.48e-03 2.98e-03 1.49e-03 6.85e-04 2.84e-04 1.05e-04 3.47e-05 1.01e-05 2.55e-06 4.63e-07 -4.63e-07 
-8.07e-07 8.07e-07 1.85e-06 6.83e-06 2.32e-05 6.97e-05 1.86e-04 4.44e-04 9.61e-04 1.90e-03 3.49e-03 5.92e-03 9.29e-03 1.34e-02 1.79e-02 2.21e-02 2.55e-02 2.77e-02 2.89e-02 2.97e-02 3.11e-02 3.37e-02 3.86e-02 4.68e-02 6.03e-02 8.27e-02 1.21e-01 1.93e-01 3.32e-01 5.97e-01 9.89e-01 5.97e-01 3.32e-01 1.93e-01 1.21e-01 8.27e-02 6.03e-02 4.68e-02 3.86e-02 3.37e-02 3.11e-02 2.97e-02 2.89e-02 2.77e-02 2.55e-02 2.21e-02 1.79e-02 1.34e-02 9.29e-03 5.92e-03 3.49e-03 1.90e-03 9.61e-04 4.44e-04 1.86e-04 6.97e-05 2.32e-05 6.81e-06 1.75e-06 3.22e-07 -3.22e-07 
-2.90e-07 2.90e-07 6.59e-07 2.42e-06 8.15e-06 2.44e-05 6.47e-05 1.54e-04 3.32e-04 6.56e-04 1.20e-03 2.03e-03 3.16e-03 4.56e-03 6.07e-03 7.47e-03 8.54e-03 9.25e-03 9.71e-03 9.98e-03 1.04e-02 1.14e-02 1.31e-02 1.62e-02 2.13e-02 3.04e-02 4.81e-02 8.88e-02 2.03e-01 5.95e-01 2.18e+00 5.95e-01 2.03e-01 8.88e-02 4.81e-02 3.04e-02 2.13e-02 1.62e-02 1.31e-02 1.14e-02 1.04e-02 9.98e-03 9.71e-03 9.25e-03 8.54e-03 7.47e-03 6.07e-03 4.56e-03 3.16e-03 2.03e-03 1.20e-03 6.56e-04 3.32e-04 1.54e-04 6.47e-05 2.44e-05 8.15e-06 2.41e-06 6.25e-07 1.16e-07 -1.16e-07 
2.90e-07 -2.90e-07 -6.59e-07 -2.42e-06 -8.15e-06 -2.44e-05 -6.47e-05 -1.54e-04 -3.32e-04 -6.56e-04 -1.20e-03 -2.03e-03 -3.16e-03 -4.56e-03 -6.07e-03 -7.47e-03 -8.54e-03 -9.25e-03 -9.71e-03 -9.98e-03 -1.04e-02 -1.14e-02 -1.31e-02 -1.62e-02 -2.13e-02 -3.04e-02 -4.81e-02 -8.88e-02 -2.03e-01 -5.95e-01 -2.18e+00 -5.95e-01 -2.03e-01 -8.88e-02 -4.81e-02 -3.04e-02 -2.13e-02 -1.62e-02 -1.31e-02 -1.14e-02 -1.04e-02 -9.98e-03 -9.71e-03 -9.25e-03 -8.54e-03 -7.47e-03 -6.07e-03 -4.56e-03 -3.16e-03 -2.03e-03 -1.20e-03 -6.56e-04 -3.32e-04 -1.54e-04 -6.47e-05 -2.44e-05 -8.15e-06 -2.41e-06 -6.25e-07 -1.16e-07 1.16e-07 
8.07e-07 -8.07e-07 -1.85e-06 -6.83e-06 -2.32e-05 -6.97e-05 -1.86e-04 -4.44e-04 -9.61e-04 -1.90e-03 -3.49e-03 -5.92e-03 -9.29e-03 -1.34e-02 -1.79e-02 -2.21e-02 -2.55e-02 -2.77e-02 -2.89e-02 -2.97e-02 -3.11e-02 -3.37e-02 -3.86e-02 -4.68e-02 -6.03e-02 -8.27e-02 -1.21e-01 -1.93e-01 -3.32e-01 -5.97e-01 -9.89e-01 -5.97e-01 -3.32e-01 -1.93e-01 -1.21e-01 -8.27e-02 -6.03e-02 -4.68e-02 -3.86e-02 -3.37e-02 -3.11e-02 -2.97e-02 -2.89e-02 -2.77e-02 -2.55e-02 -2.21e-02 -1.79e-02 -1.34e-02 -9.29e-03 -5.92e-03 -3.49e-03 -1.90e-03 -9.61e-04 -4.44e-04 -1.86e-04 -6.97e-05 -2.32e-05 -6.81e-06 -1.75e-06 -3.22e-07 3.22e-07 
1.15e-06 -1.15e-06 -2.68e-06 -1.01e-05 -3.47e-05 -1.05e-04 -2.84e-04 -6.85e-04 -1.49e-03 -2.98e-03 -5.48e-03 -9.36e-03 -1.48e-02 -2.15e-02 -2.90e-02 -3.61e-02 -4.18e-02 -4.57e-02 -4.79e-02 -4.93e-02 -5.11e-02 -5.48e-02 -6.16e-02 -7.30e-02 -9.10e-02 -1.19e-01 -1.62e-01 -2.30e-01 -3.34e-01 -4.72e-01 -5.87e-01 -4.72e-01 -3.34e-01 -2.30e-01 -1.62e-01 -1.19e-01 -9.10e-02 -7.30e-02 -6.16e-02 -5.48e-02 -5.11e-02 -4.93e-02 -4.79e-02 -4.57e-02 -4.18e-02 -3.61e-02 -2.90e-02 -2.15e-02 -1.48e-02 -9.36e-03 -5.48e-03 -2.98e-03 -1.49e-03 -6.85e-04 -2.84e-04 -1.05e-04 -3.47e-05 -1.01e-05 -2.55e-06 -4.63e-07 4.63e-07 
1.28e-06 -1.28e-06 -3.04e-06 -1.17e-05 -4.11e-05 -1.27e-04 -3.49e-04 -8.51e-04 -1.87e-03 -3.77e-03 -7.02e-03 -1.21e-02 -1.93e-02 -2.84e-02 -3.86e-02 -4.87e-02 -5.71e-02 -6.30e-02 -6.64e-02 -6.84e-02 -7.05e-02 -7.44e-02 -8.19e-02 -9.42e-02 -1.13e-01 -1.41e-01 -1.80e-01 -2.33e-01 -3.01e-01 -3.73e-01 -4.14e-01 -3.73e-01 -3.01e-01 -2.33e-01 -1.80e-01 -1.41e-01 -1.13e-01 -9.42e-02 -8.19e-02 -7.44e-02 -7.05e-02 -6.84e-02 -6.64e-02 -6.30e-02 -5.71e-02 -4.87e-02 -3.86e-02 -2.84e-02 -1.93e-02 -1.21e-02 -7.02e-03 -3.77e-03 -1.87e-03 -8.51e-04 -3.49e-04 -1.27e-04 -4.11e-05 -1.17e-05 -2.90e-06 -5.17e-07 5.17e-07 
1.19e-06 -1.19e-06 -2.93e-06 -1.17e-05 -4.21e-05 -1.34e-04 -3.74e-04 -9.31e-04 -2.08e-03 -4.25e-03 -7.99e-03 -1.39e-02 -2.25e-02 -3.36e-02 -4.64e-02 -5.94e-02 -7.07e-02 -7.91e-02 -8.43e-02 -8.70e-02 -8.92e-02 -9.28e-02 -9.96e-02 -1.11e-01 -1.28e-01 -1.52e-01 -1.84e-01 -2.23e-01 -2.66e-01 -3.05e-01 -3.23e-01 -3.05e-01 -2.66e-01 -2.23e-01 -1.84e-01 -1.52e-01 -1.28e-01 -1.11e-01 -9.96e-02 -9.28e-02 -8.92e-02 -8.70e-02 -8.43e-02 -7.91e-02 -7.07e-02 -5.94e-02 -4.64e-02 -3.36e-02 -2.25e-02 -1.39e-02 -7.99e-03 -4.25e-03 -2.08e-03 -9.31e-04 -3.74e-04 -1.34e-04 -4.21e-05 -1.16e-05 -2.80e-06 -4.87e-07 4.87e-07 
9.64e-07 -9.64e-07 -2.46e-06 -1.02e-05 -3.84e-05 -1.26e-04 -3.63e-04 -9.25e-04 -2.11e-03 -4.37e-03 -8.35e-03 -1.48e-02 -2.43e-02 -3.69e-02 -5.19e-02 -6.76e-02 -8.20e-02 -9.33e-02 -1.01e-01 -1.05e-01 -1.07e-01 -1.10e-01 -1.16e-01 -1.25e-01 -1.39e-01 -1.58e-01 -1.82e-01 -2.10e-01 -2.38e-01 -2.60e-01 -2.69e-01 -2.60e-01 -2.38e-01 -2.10e-01 -1.82e-01 -1.58e-01 -1.39e-01 -1.25e-01 -1.16e-01 -1.10e-01 -1.07e-01 -1.05e-01 -1.01e-01 -9.33e-02 -8.20e-02 -6.76e-02 -5.19e-02 -3.69e-02 -2.43e-02 -1.48e-02 -8.35e-03 -4.37e-03 -2.11e-03 -9.25e-04 -3.63e-04 -1.26e-04 -3.84e-05 -1.02e-05 -2.37e-06 -3.97e-07 3.97e-07 
6.77e-07 -6.77e-07 -1.82e-06 -8.02e-06 -3.15e-05 -1.08e-04 -3.22e-04 -8.46e-04 -1.98e-03 -4.19e-03 -8.13e-03 -1.46e-02 -2.45e-02 -3.80e-02 -5.46e-02 -7.27e-02 -9.02e-02 -1.05e-01 -1.15e-01 -1.22e-01 -1.25e-01 -1.28e-01 -1.32e-01 -1.38e-01 -1.48e-01 -1.62e-01 -1.80e-01 -1.98e-01 -2.16e-01 -2.30e-01 -2.35e-01 -2.30e-01 -2.16e-01 -1.98e-01 -1.80e-01 -1.62e-01 -1.48e-01 -1.38e-01 -1.32e-01 -1.28e-01 -1.25e-01 -1.22e-01 -1.15e-01 -1.05e-01 -9.02e-02 -7.27e-02 -5.46e-02 -3.80e-02 -2.45e-02 -1.46e-02 -8.13e-03 -4.19e-03 -1.98e-03 -8.46e-04 -3.22e-04 -1.08e-04 -3.15e-05 -8.01e-06 -1.76e-06 -2.82e-07 2.82e-07 
4.12e-07 -4.12e-07 -1.18e-06 -5.57e-06 -2.32e-05 -8.37e-05 -2.62e-04 -7.16e-04 -1.73e-03 -3.75e-03 -7.43e-03 -1.36e-02 -2.33e-02 -3.70e-02 -5.44e-02 -7.43e-02 -9.46e-02 -1.13e-01 -1.27e-01 -1.37e-01 -1.42e-01 -1.45e-01 -1.48e-01 -1.52e-01 -1.59e-01 -1.68e-01 -1.79e-01 -1.92e-01 -2.03e-01 -2.11e-01 -2.14e-01 -2.11e-01 -2.03e-01 -1.92e-01 -1.79e-01 -1.68e-01 -1.59e-01 -1.52e-01 -1.48e-01 -1.45e-01 -1.42e-01 -1.37e-01 -1.27e-01 -1.13e-01 -9.46e-02 -7.43e-02 -5.44e-02 -3.70e-02 -2.33e-02 -1.36e-02 -7.43e-03 -3.75e-03 -1.73e-03 -7.16e-04 -2.62e-04 -8.37e-05 -2.32e-05 -5.57e-06 -1.15e-06 -1.74e-07 1.74e-07 
2.14e-07 -2.14e-07 -6.68e-07 -3.41e-06 -1.53e-05 -5.88e-05 -1.95e-04 -5.59e-04 -1.41e-03 -3.15e-03 -6.40e-03 -1.20e-02 -2.10e-02 -3.41e-02 -5.15e-02 -7.23e-02 -9.47e-02 -1.16e-01 -1.34e-01 -1.48e-01 -1.56e-01 -1.61e-01 -1.65e-01 -1.67e-01 -1.71e-01 -1.77e-01 -1.83e-01 -1.91e-01 -1.98e-01 -2.03e-01 -2.04e-01 -2.03e-01 -1.98e-01 -1.91e-01 -1.83e-01 -1.77e-01 -1.71e-01 -1.67e-01 -1.65e-01 -1.61e-01 -1.56e-01 -1.48e-01 -1.34e-01 -1.16e-01 -9.47e-02 -7.23e-02 -5.15e-02 -3.41e-02 -2.10e-02 -1.20e-02 -6.40e-03 -3.15e-03 -1.41e-03 -5.59e-04 -1.95e-04 -5.88e-05 -1.53e-05 -3.41e-06 -6.51e-07 -9.20e-08 9.20e-08 
9.36e-08 -9.36e-08 -3.22e-07 -1.82e-06 -8.87e-06 -3.69e-05 -1.31e-04 -4.01e-04 -1.06e-03 -2.47e-03 -5.18e-03 -9.95e-03 -1.78e-02 -2.97e-02 -4.62e-02 -6.68e-02 -9.01e-02 -1.14e-01 -1.36e-01 -1.54e-01 -1.67e-01 -1.75e-01 -1.80e-01 -1.83e-01 -1.86e-01 -1.89e-01 -1.93e-01 -1.97e-01 -2.00e-01 -2.03e-01 -2.04e-01 -2.03e-01 -2.00e-01 -1.97e-01 -1.93e-01 -1.89e-01 -1.86e-01 -1.83e-01 -1.80e-01 -1.75e-01 -1.67e-01 -1.54e-01 -1.36e-01 -1.14e-01 -9.01e-02 -6.68e-02 -4.62e-02 -2.97e-02 -1.78e-02 -9.95e-03 -5.18e-03 -2.47e-03 -1.06e-03 -4.01e-04 -1.31e-04 -3.69e-05 -8.87e-06 -1.82e-06 -3.16e-07 -4.10e-08 4.10e-08 
3.39e-08 -3.39e-08 -1.31e-07 -8.26e-07 -4.46e-06 -2.04e-05 -7.92e-05 -2.61e-04 -7.38e-04 -1.81e-03 -3.94e-03 -7.79e-03 -1.43e-02 -2.45e-02 -3.92e-02 -5.84e-02 -8.14e-02 -1.06e-01 -1.31e-01 -1.53e-01 -1.71e-01 -1.84e-01 -1.93e-01 -1.98e-01 -2.02e-01 -2.04e-01 -2.06e-01 -2.08e-01 -2.10e-01 -2.12e-01 -2.12e-01 -2.12e-01 -2.10e-01 -2.08e-01 -2.06e-01 -2.04e-01 -2.02e-01 -1.98e-01 -1.93e-01 -1.84e-01 -1.71e-01 -1.53e-01 -1.31e-01 -1.06e-01 -8.14e-02 -5.84e-02 -3.92e-02 -2.45e-02 -1.43e-02 -7.79e-03 -3.94e-03 -1.81e-03 -7.38e-04 -2.61e-04 -7.92e-05 -2.04e-05 -4.46e-06 -8.25e-07 -1.29e-07 -1.51e-08 1.51e-08 
1.00e-08 -1.00e-08 -4.39e-08 -3.15e-07 -1.91e-06 -9.76e-06 -4.19e-05 -1.52e-04 -4.67e-04 -1.23e-03 -2.80e-03 -5.74e-03 -1.08e-02 -1.90e-02 -3.14e-02 -4.83e-02 -6.95e-02 -9.41e-02 -1.20e-01 -1.45e-01 -1.67e-01 -1.85e-01 -1.98e-01 -2.08e-01 -2.14e-01 -2.18e-01 -2.21e-01 -2.23e-01 -2.24e-01 -2.25e-01 -2.25e-01 -2.25e-01 -2.24e-01 -2.23e-01 -2.21e-01 -2.18e-01 -2.14e-01 -2.08e-01 -1.98e-01 -1.85e-01 -1.67e-01 -1.45e-01 -1.20e-01 -9.41e-02 -6.95e-02 -4.83e-02 -3.14e-02 -1.90e-02 -1.08e-02 -5.74e-03 -2.80e-03 -1.23e-03 -4.67e-04 -1.52e-04 -4.19e-05 -9.76e-06 -1.91e-06 -3.14e-07 -4.34e-08 -4.53e-09 4.53e-09 
2.39e-09 -2.39e-09 -1.20e-08 -9.90e-08 -6.84e-07 -3.95e-06 -1.91e-05 -7.73e-05 -2.63e-04 -7.53e-04 -1.85e-03 -3.96e-03 -7.70e-03 -1.39e-02 -2.37e-02 -3.76e-02 -5.59e-02 -7.82e-02 -1.03e-01 -1.29e-01 -1.54e-01 -1.76e-01 -1.94e-01 -2.08e-01 -2.18e-01 -2.26e-01 -2.31e-01 -2.34e-01 -2.37e-01 -2.38e-01 -2.38e-01 -2.38e-01 -2.37e-01 -2.34e-01 -2.31e-01 -2.26e-01 -2.18e-01 -2.08e-01 -1.94e-01 -1.76e-01 -1.54e-01 -1.29e-01 -1.03e-01 -7.82e-02 -5.59e-02 -3.76e-02 -2.37e-02 -1.39e-02 -7.70e-03 -3.96e-03 -1.85e-03 -7.53e-04 -2.63e-04 -7.73e-05 -1.91e-05 -3.95e-06 -6.84e-07 -9.90e-08 -1.19e-08 -1.09e-09 1.09e-09 
4.52e-10 -4.52e-10 -2.66e-09 -2.54e-08 -2.02e-07 -1.33e-06 -7.32e-06 -3.35e-05 -1.28e-04 -4.10e-04 -1.10e-03 -2.54e-03 -5.16e-03 -9.58e-03 -1.67e-02 -2.75e-02 -4.23e-02 -6.11e-02 -8.34e-02 -1.08e-01 -1.33e-01 -1.57e-01 -1.78e-01 -1.96e-01 -2.11e-01 -2.22e-01 -2.31e-01 -2.37e-01 -2.41e-01 -2.43e-01 -2.44e-01 -2.43e-01 -2.41e-01 -2.37e-01 -2.31e-01 -2.22e-01 -2.11e-01 -1.96e-01 -1.78e-01 -1.57e-01 -1.33e-01 -1.08e-01 -8.34e-02 -6.11e-02 -4.23e-02 -2.75e-02 -1.67e-02 -9.58e-03 -5.16e-03 -2.54e-03 -1.10e-03 -4.10e-04 -1.28e-04 -3.35e-05 -7.32e-06 -1.33e-06 -2.02e-07 -2.54e-08 -2.64e-09 -2.10e-10 2.10e-10 
6.72e-11 -6.72e-11 -4.69e-10 -5.26e-09 -4.85e-08 -3.70e-07 -2.33e-06 -1.22e-05 -5.31e-05 -1.92e-04 -5.81e-04 -1.48e-03 -3.22e-03 -6.22e-03 -1.11e-02 -1.87e-02 -2.99e-02 -4.47e-02 -6.30e-02 -8.43e-02 -1.07e-01 -1.31e-01 -1.53e-01 -1.73e-01 -1.91e-01 -2.05e-01 -2.17e-01 -2.25e-01 -2.31e-01 -2.34e-01 -2.35e-01 -2.34e-01 -2.31e-01 -2.25e-01 -2.17e-01 -2.05e-01 -1.91e-01 -1.73e-01 -1.53e-01 -1.31e-01 -1.07e-01 -8.43e-02 -6.30e-02 -4.47e-02 -2.99e-02 -1.87e-02 -1.11e-02 -6.22e-03 -3.22e-03 -1.48e-03 -5.81e-04 -1.92e-04 -5.31e-05 -1.22e-05 -2.33e-06 -3.70e-07 -4.85e-08 -5.26e-09 -4.67e-10 -3.17e-11 3.17e-11 
7.72e-12 -7.72e-12 -6.51e-11 -8.71e-10 -9.44e-09 -8.37e-08 -6.10e-07 -3.68e-06 -1.84e-05 -7.61e-05 -2.61e-04 -7.49e-04 -1.81e-03 -3.75e-03 -6.96e-03 -1.20e-02 -1.96e-02 -3.04e-02 -4.44e-02 -6.13e-02 -8.06e-02 -1.01e-01 -1.22e-01 -1.42e-01 -1.60e-01 -1.76e-01 -1.89e-01 -1.99e-01 -2.06e-01 -2.10e-01 -2.11e-01 -2.10e-01 -2.06e-01 -1.99e-01 -1.89e-01 -1.76e-01 -1.60e-01 -1.42e-01 -1.22e-01 -1.01e-01 -8.06e-02 -6.13e-02 -4.44e-02 -3.04e-02 -1.96e-02 -1.20e-02 -6.96e-03 -3.75e-03 -1.81e-03 -7.49e-04 -2.61e-04 -7.61e-05 -1.84e-05 -3.68e-06 -6.10e-07 -8.37e-08 -9.44e-09 -8.71e-10 -6.50e-11 -3.68e-12 3.68e-12 
6.69e-13 -6.69e-13 -7.02e-12 -1.14e-10 -1.47e-09 -1.53e-08 -1.30e-07 -9.10e-07 -5.25e-06 -2.50e-05 -9.86e-05 -3.23e-04 -8.80e-04 -2.03e-03 -4.05e-03 -7.26e-03 -1.21e-02 -1.93e-02 -2.90e-02 -4.14e-02 -5.61e-02 -7.25e-02 -8.99e-02 -1.07e-01 -1.24e-01 -1.39e-01 -1.52e-01 -1.62e-01 -1.69e-01 -1.74e-01 -1.75e-01 -1.74e-01 -1.69e-01 -1.62e-01 -1.52e-01 -1.39e-01 -1.24e-01 -1.07e-01 -8.99e-02 -7.25e-02 -5.61e-02 -4.14e-02 -2.90e-02 -1.93e-02 -1.21e-02 -7.26e-03 -4.05e-03 -2.03e-03 -8.80e-04 -3.23e-04 -9.86e-05 -2.50e-05 -5.25e-06 -9.10e-07 -1.30e-07 -1.53e-08 -1.47e-09 -1.14e-10 -7.00e-12 -3.23e-13 3.23e-13 
4.22e-14 -4.22e-14 -5.72e-13 -1.16e-11 -1.81e-10 -2.25e-09 -2.25e-08 -1.84e-07 -1.23e-06 -6.78e-06 -3.08e-05 -1.16e-04 -3.62e-04 -9.46e-04 -2.09e-03 -4.04e-03 -7.04e-03 -1.15e-02 -1.77e-02 -2.59e-02 -3.61e-02 -4.80e-02 -6.12e-02 -7.48e-02 -8.84e-02 -1.01e-01 -1.12e-01 -1.21e-01 -1.28e-01 -1.32e-01 -1.34e-01 -1.32e-01 -1.28e-01 -1.21e-01 -1.12e-01 -1.01e-01 -8.84e-02 -7.48e-02 -6.12e-02 -4.80e-02 -3.61e-02 -2.59e-02 -1.77e-02 -1.15e-02 -7.04e-03 -4.04e-03 -2.09e-03 -9.46e-04 -3.62e-04 -1.16e-04 -3.08e-05 -6.78e-06 -1.23e-06 -1.84e-07 -2.25e-08 -2.25e-09 -1.81e-10 -1.16e-11 -5.72e-13 -2.06e-14 2.06e-14 
1.83e-15 -1.83e-15 -3.41e-14 -8.91e-13 -1.74e-11 -2.62e-10 -3.13e-09 -3.01e-08 -2.35e-07 -1.51e-06 -7.93e-06 -3.45e-05 -1.24e-04 -3.70e-04 -9.28e-04 -1.99e-03 -3.73e-03 -6.34e-03 -1.01e-02 -1.52e-02 -2.16e-02 -2.95e-02 -3.85e-02 -4.81e-02 -5.80e-02 -6.75e-02 -7.61e-02 -8.33e-02 -8.87e-02 -9.21e-02 -9.32e-02 -9.21e-02 -8.87e-02 -8.33e-02 -7.61e-02 -6.75e-02 -5.80e-02 -4.81e-02 -3.85e-02 -2.95e-02 -2.16e-02 -1.52e-02 -1.01e-02 -6.34e-03 -3.73e-03 -1.99e-03 -9.28e-04 -3.70e-04 -1.24e-04 -3.45e-05 -7.93e-06 -1.51e-06 -2.35e-07 -3.01e-08 -3.13e-09 -2.62e-10 -1.74e-11 -8.91e-13 -3.41e-14 -8.98e-16 8.98e-16 
4.85e-17 -4.85e-17 -1.40e-15 -5.03e-14 -1.27e-12 -2.38e-11 -3.45e-10 -3.96e-09 -3.65e-08 -2.73e-07 -1.67e-06 -8.42e-06 -3.50e-05 -1.20e-04 -3.44e-04 -8.31e-04 -1.73e-03 -3.16e-03 -5.28e-03 -8.22e-03 -1.21e-02 -1.68e-02 -2.24e-02 -2.87e-02 -3.52e-02 -4.16e-02 -4.76e-02 -5.26e-02 -5.65e-02 -5.89e-02 -5.98e-02 -5.89e-02 -5.65e-02 -5.26e-02 -4.76e-02 -4.16e-02 -3.52e-02 -2.87e-02 -2.24e-02 -1.68e-02 -1.21e-02 -8.22e-03 -5.28e-03 -3.16e-03 -1.73e-03 -8.31e-04 -3.44e-04 -1.20e-04 -3.50e-05 -8.42e-06 -1.67e-06 -2.73e-07 -3.65e-08 -3.96e-09 -3.45e-10 -2.38e-11 -1.27e-12 -5.03e-14 -1.40e-15 -2.40e-17 2.40e-17 
5.93e-19 -5.93e-19 -3.52e-17 -1.96e-15 -6.80e-14 -1.65e-12 -2.98e-11 -4.16e-10 -4.57e-09 -4.03e-08 -2.89e-07 -1.69e-06 -8.11e-06 -3.22e-05 -1.06e-04 -2.91e-04 -6.79e-04 -1.37e-03 -2.47e-03 -4.04e-03 -6.17e-03 -8.88e-03 -1.21e-02 -1.58e-02 -1.98e-02 -2.37e-02 -2.75e-02 -3.07e-02 -3.32e-02 -3.48e-02 -3.53e-02 -3.48e-02 -3.32e-02 -3.07e-02 -2.75e-02 -2.37e-02 -1.98e-02 -1.58e-02 -1.21e-02 -8.88e-03 -6.17e-03 -4.04e-03 -2.47e-03 -1.37e-03 -6.79e-04 -2.91e-04 -1.06e-04 -3.22e-05 -8.11e-06 -1.69e-06 -2.89e-07 -4.03e-08 -4.57e-09 -4.16e-10 -2.98e-11 -1.65e-12 -6.80e-14 -1.96e-15 -3.52e-17 -2.96e-19 2.96e-19 
-0.00e+00 0.00e+00 -4.09e-19 -4.69e-17 -2.52e-15 -8.43e-14 -1.97e-12 -3.42e-11 -4.57e-10 -4.81e-09 -4.06e-08 -2.77e-07 -1.55e-06 -7.09e-06 -2.69e-05 -8.45e-05 -2.24e-04 -5.05e-04 -9.96e-04 -1.75e-03 -2.83e-03 -4.24e-03 -5.98e-03 -8.00e-03 -1.02e-02 -1.25e-02 -1.46e-02 -1.65e-02 -1.80e-02 -1.90e-02 -1.93e-02 -1.90e-02 -1.80e-02 -1.65e-02 -1.46e-02 -1.25e-02 -1.02e-02 -8.00e-03 -5.98e-03 -4.24e-03 -2.83e-03 -1.75e-03 -9.96e-04 -5.05e-04 -2.24e-04 -8.45e-05 -2.69e-05 -7.09e-06 -1.55e-06 -2.77e-07 -4.06e-08 -4.81e-09 -4.57e-10 -3.42e-11 -1.97e-12 -8.43e-14 -2.52e-15 -4.69e-17 -4.09e-19 0.00e+00 -0.00e+00 
-0.00e+00 0.00e+00 0.00e+00 -5.21e-19 -5.76e-17 -2.98e-15 -9.59e-14 -2.15e-12 -3.58e-11 -4.58e-10 -4.61e-09 -3.72e-08 -2.42e-07 -1.29e-06 -5.63e-06 -2.03e-05 -6.12e-05 -1.56e-04 -3.41e-04 -6.56e-04 -1.13e-03 -1.79e-03 -2.64e-03 -3.65e-03 -4.79e-03 -5.97e-03 -7.12e-03 -8.15e-03 -8.96e-03 -9.47e-03 -9.65e-03 -9.47e-03 -8.96e-03 -8.15e-03 -7.12e-03 -5.97e-03 -4.79e-03 -3.65e-03 -2.64e-03 -1.79e-03 -1.13e-03 -6.56e-04 -3.41e-04 -1.56e-04 -6.12e-05 -2.03e-05 -5.63e-06 -1.29e-06 -2.42e-07 -3.72e-08 -4.61e-09 -4.58e-10 -3.58e-11 -2.15e-12 -9.59e-14 -2.98e-15 -5.76e-17 -5.21e-19 0.00e+00 0.00e+00 -0.00e+00 
-0.00e+00 0.00e+00 0.00e+00 0.00e+00 -6.12e-19 -6.51e-17 -3.24e-15 -1.00e-13 -2.16e-12 -3.44e-11 -4.20e-10 -4.04e-09 -3.10e-08 -1.92e-07 -9.72e-07 -4.04e-06 -1.39e-05 -4.01e-05 -9.83e-05 -2.08e-04 -3.90e-04 -6.60e-04 -1.02e-03 -1.48e-03 -2.00e-03 -2.57e-03 -3.12e-03 -3.62e-03 -4.02e-03 -4.28e-03 -4.37e-03 -4.28e-03 -4.02e-03 -3.62e-03 -3.12e-03 -2.57e-03 -2.00e-03 -1.48e-03 -1.02e-03 -6.60e-04 -3.90e-04 -2.08e-04 -9.83e-05 -4.01e-05 -1.39e-05 -4.04e-06 -9.72e-07 -1.92e-07 -3.10e-08 -4.04e-09 -4.20e-10 -3.44e-11 -2.16e-12 -1.00e-13 -3.24e-15 -6.51e-17 -6.12e-19 0.00e+00 0.00e+00 0.00e+00 -0.00e+00 
-0.00e+00 0.00e+00 0.00e+00 0.00e+00 0.00e+00 -6.63e-19 -6.79e-17 -3.24e-15 -9.62e-14 -1.98e-12 -3.02e-11 -3.52e-10 -3.22e-09 -2.35e-08 -1.38e-07 -6.65e-07 -2.63e-06 -8.62e-06 -2.38e-05 -5.59e-05 -1.15e-04 -2.09e-04 -3.45e-04 -5.23e-04 -7.37e-04 -9.75e-04 -1.22e-03 -1.44e-03 -1.62e-03 -1.73e-03 -1.77e-03 -1.73e-03 -1.62e-03 -1.44e-03 -1.22e-03 -9.75e-04 -7.37e-04 -5.23e-04 -3.45e-04 -2.09e-04 -1.15e-04 -5.59e-05 -2.38e-05 -8.62e-06 -2.63e-06 -6.65e-07 -1.38e-07 -2.35e-08 -3.22e-09 -3.52e-10 -3.02e-11 -1.98e-12 -9.62e-14 -3.24e-15 -6.79e-17 -6.63e-19 0.00e+00 0.00e+00 0.00e+00 0.00e+00 -0.00e+00 
-0.00e+00 0.00e+00 0.00e+00 0.00e+00 0.00e+00 0.00e+00 -6.63e-19 -6.52e-17 -2.99e-15 -8.47e-14 -1.67e-12 -2.42e-11 -2.69e-10 -2.34e-09 -1.62e-08 -9.04e-08 -4.11e-07 -1.54e-06 -4.81e-06 -1.27e-05 -2.86e-05 -5.67e-05 -1.00e-04 -1.61e-04 -2.37e-04 -3.25e-04 -4.16e-04 -5.02e-04 -5.73e-04 -6.20e-04 -6.36e-04 -6.20e-04 -5.73e-04 -5.02e-04 -4.16e-04 -3.25e-04 -2.37e-04 -1.61e-04 -1.00e-04 -5.67e-05 -2.86e-05 -1.27e-05 -4.81e-06 -1.54e-06 -4.11e-07 -9.04e-08 -1.62e-08 -2.34e-09 -2.69e-10 -2.42e-11 -1.67e-12 -8.47e-14 -2.99e-15 -6.52e-17 -6.63e-19 0.00e+00 0.00e+00 0.00e+00 0.00e+00 0.00e+00 -0.00e+00 
-0.00e+00 0.00e+00 0.00e+00 0.00e+00 0.00e+00 0.00e+00 0.00e+00 -6.12e-19 -5.77e-17 -2.53e-15 -6.85e-14 -1.29e-12 -1.78e-11 -1.87e-10 -1.54e-09 -1.01e-08 -5.34e-08 -2.30e-07 -8.15e-07 -2.41e-06 -6.05e-06 -1.31e-05 -2.50e-05 -4.26e-05 -6.61e-05 -9.43e-05 -1.25e-04 -1.54e-04 -1.79e-04 -1.95e-04 -2.01e-04 -1.95e-04 -1.79e-04 -1.54e-04 -1.25e-04 -9.43e-05 -6.61e-05 -4.26e-05 -2.50e-05 -1.31e-05 -6.05e-06 -2.41e-06 -8.15e-07 -2.30e-07 -5.34e-08 -1.01e-08 -1.54e-09 -1.87e-10 -1.78e-11 -1.29e-12 -6.85e-14 -2.53e-15 -5.77e-17 -6.12e-19 0.00e+00 0.00e+00 0.00e+00 0.00e+00 0.00e+00 0.00e+00 -0.00e+00 
-0.00e+00 0.00e+00 0.00e+00 0.00e+00 0.00e+00 0.00e+00 0.00e+00 0.00e+00 -5.21e-19 -4.70e-17 -1.97e-15 -5.09e-14 -9.08e-13 -1.19e-11 -1.19e-10 -9.24e-10 -5.72e-09 -2.85e-08 -1.15e-07 -3.87e-07 -1.08e-06 -2.58e-06 -5.34e-06 -9.76e-06 -1.60e-05 -2.39e-05 -3.27e-05 -4.15e-05 -4.90e-05 -5.41e-05 -5.59e-05 -5.41e-05 -4.90e-05 -4.15e-05 -3.27e-05 -2.39e-05 -1.60e-05 -9.76e-06 -5.34e-06 -2.58e-06 -1.08e-06 -3.87e-07 -1.15e-07 -2.85e-08 -5.72e-09 -9.24e-10 -1.19e-10 -1.19e-11 -9.08e-13 -5.09e-14 -1.97e-15 -4.70e-17 -5.21e-19 0.00e+00 0.00e+00 0.00e+00 0.00e+00 0.00e+00 0.00e+00 0.00e+00 -0.00e+00 
-0.00e+00 0.00e+00 0.00e+00 0.00e+00 0.00e+00 0.00e+00 0.00e+00 0.00e+00 0.00e+00 -4.09e-19 -3.53e-17 -1.41e-15 -3.46e-14 -5.86e-13 -7.27e-12 -6.85e-11 -5.04e-10 -2.94e-09 -1.38e-08 -5.26e-08 -1.66e-07 -4.41e-07 -1.00e-06 -1.98e-06 -3.45e-06 -5.42e-06 -7.74e-06 -1.01e-05 -1.22e-05 -1.36e-05 -1.41e-05 -1.36e-05 -1.22e-05 -1.01e-05 -7.74e-06 -5.42e-06 -3.45e-06 -1.98e-06 -1.00e-06 -4.41e-07 -1.66e-07 -5.26e-08 -1.38e-08 -2.94e-09 -5.04e-10 -6.85e-11 -7.27e-12 -5.86e-13 -3.46e-14 -1.41e-15 -3.53e-17 -4.09e-19 0.00e+00 0.00e+00 0.00e+00 0.00e+00 0.00e+00 0.00e+00 0.00e+00 0.00e+00 -0.00e+00 
-0.00e+00 0.00e+00 0.00e+00 0.00e+00 0.00e+00 0.00e+00 0.00e+00 0.00e+00 0.00e+00 0.00e+00 -5.93e-19 -4.87e-17 -1.85e-15 -4.30e-14 -6.88e-13 -8.05e-12 -7.14e-11 -4.92e-10 -2.68e-09 -1.17e-08 -4.19e-08 -1.24e-07 -3.08e-07 -6.56e-07 -1.22e-06 -2.02e-06 -2.99e-06 -4.02e-06 -4.95e-06 -5.59e-06 -5.82e-06 -5.59e-06 -4.95e-06 -4.02e-06 -2.99e-06 -2.02e-06 -1.22e-06 -6.56e-07 -3.08e-07 -1.24e-07 -4.19e-08 -1.17e-08 -2.68e-09 -4.92e-10 -7.14e-11 -8.05e-12 -6.88e-13 -4.30e-14 -1.85e-15 -4.87e-17 -5.93e-19 0.00e+00 0.00e+00 0.00e+00 0.00e+00 0.00e+00 0.00e+00 0.00e+00 0.00e+00 0.00e+00 -0.00e+00 
0.00e+00 -0.00e+00 -0.00e+00 -0.00e+00 -0.00e+00 -0.00e+00 -0.00e+00 -0.00e+00 -0.00e+00 -0.00e+00 5.93e-19 4.87e-17 1.85e-15 4.30e-14 6.88e-13 8.05e-12 7.14e-11 4.92e-10 2.68e-09 1.17e-08 4.19e-08 1.24e-07 3.08e-07 6.56e-07 1.22e-06 2.02e-06 2.99e-06 4.02e-06 4.95e-06 5.59e-06 5.82e-06 5.59e-06 4.95e-06 4.02e-06 2.99e-06 2.02e-06 1.22e-06 6.56e-07 3.08e-07 1.24e-07 4.19e-08 1.17e-08 2.68e-09 4.92e-10 7.14e-11 8.05e-12 6.88e-13 4.30e-14 1.85e-15 4.87e-17 5.93e-19 -0.00e+00 -0.00e+00 -0.00e+00 -0.00e+00 -0.00e+00 -0.00e+00 -0.00e+00 -0.00e+00 -0.00e+00 0.00e+00 
