0.00e+00 -0.00e+00 -0.00e+00 -0.00e+00 -0.00e+00 -0.00e+00 -0.00e+00 -0.00e+00 -0.00e+00 -0.00e+00 -0.00e+00 -0.00e+00 -0.00e+00 -0.00e+00 -0.00e+00 -0.00e+00 -0.00e+00 -0.00e+00 -0.00e+00 -0.00e+00 -0.00e+00 -0.00e+00 -2.13e-17 -7.01e-16 -9.82e-15 -7.68e-14 -3.73e-13 -1.19e-12 -2.61e-12 -4.08e-12 -4.73e-12 -4.08e-12 -2.61e-12 -1.19e-12 -3.73e-13 -7.68e-14 -9.82e-15 -7.01e-16 -2.13e-17 -0.00e+00 -0.00e+00 -0.00e+00 -0.00e+00 -0.00e+00 -0.00e+00 -0.00e+00 -0.00e+00 -0.00e+00 -0.00e+00 -0.00e+00 -0.00e+00 -0.00e+00 -0.00e+00 -0.00e+00 -0.00e+00 -0.00e+00 -0.00e+00 -0.00e+00 -0.00e+00 -0.00e+00 0.00e+00 
-0.00e+00 0.00e+00 0.00e+00 0.00e+00 0.00e+00 0.00e+00 0.00e+00 0.00e+00 0.00e+00 0.00e+00 0.00e+00 0.00e+00 0.00e+00 0.00e+00 0.00e+00 0.00e+00 0.00e+00 0.00e+00 0.00e+00 0.00e+00 0.00e+00 0.00e+00 2.13e-17 7.01e-16 9.82e-15 7.68e-14 3.73e-13 1.19e-12 2.61e-12 4.08e-12 4.73e-12 4.08e-12 2.61e-12 1.19e-12 3.73e-13 7.68e-14 9.82e-15 7.01e-16 2.13e-17 0.00e+00 0.00e+00 0.00e+00 0.00e+00 0.00e+00 0.00e+00 0.00e+00 0.00e+00 0.00e+00 0.00e+00 0.00e+00 0.00e+00 0.00e+00 0.00e+00 0.00e+00 0.00e+00 0.00e+00 0.00e+00 0.00e+00 0.00e+00 0.00e+00 -0.00e+00 
-0.00e+00 0.00e+00 0.00e+00 0.00e+00 0.00e+00 0.00e+00 0.00e+00 0.00e+00 0.00e+00 0.00e+00 0.00e+00 0.00e+00 0.00e+00 0.00e+00 0.00e+00 0.00e+00 0.00e+00 0.00e+00 0.00e+00 0.00e+00 0.00e+00 6.62e-17 2.47e-15 3.98e-14 3.64e-13 2.11e-12 8.17e-12 2.21e-11 4.32e-11 6.36e-11 7.21e-11 6.36e-11 4.32e-11 2.21e-11 8.17e-12 2.11e-12 3.64e-13 3.98e-14 2.47e-15 6.62e-17 0.00e+00 0.00e+00 0.00e+00 0.00e+00 0.00e+00 0.00e+00 0.00e+00 0.00e+00 0.00e+00 0.00e+00 0.00e+00 0.00e+00 0.00e+00 0.00e+00 0.00e+00 0.00e+00 0.00e+00 0.00e+00 0.00e+00 0.00e+00 -0.00e+00 
-0.00e+00 0.00e+00 0.00e+00 0.00e+00 0.00e+00 0.00e+00 0.00e+00 0.00e+00 0.00e+00 0.00e+00 0.00e+00 0.00e+00 0.00e+00 0.00e+00 0.00e+00 0.00e+00 0.00e+00 0.00e+00 0.00e+00 0.00e+00 1.79e-16 7.42e-15 1.34e-13 1.40e-12 9.31e-12 4.21e-11 1.35e-10 3.16e-10 5.62e-10 7.84e-10 8.74e-10 7.84e-10 5.62e-10 3.16e-10 1.35e-10 4.21e-11 9.31e-12 1.40e-12 1.34e-13 7.42e-15 1.79e-16 0.00e+00 0.00e+00 0.00e+00 0.00e+00 0.00e+00 0.00e+00 0.00e+00 0.00e+00 0.00e+00 0.00e+00 0.00e+00 0.00e+00 0.00e+00 0.00e+00 0.00e+00 0.00e+00 0.00e+00 0.00e+00 0.00e+00 -0.00e+00 
-0.00e+00 0.00e+00 0.00e+00 0.00e+00 0.00e+00 0.00e+00 0.00e+00 0.00e+00 0.00e+00 0.00e+00 0.00e+00 0.00e+00 0.00e+00 0.00e+00 0.00e+00 0.00e+00 0.00e+00 0.00e+00 0.00e+00 4.23e-16 1.93e-14 3.87e-13 4.51e-12 3.41e-11 1.77e-10 6.53e-10 1.78e-09 3.71e-09 6.10e-09 8.14e-09 8.95e-09 8.14e-09 6.10e-09 3.71e-09 1.78e-09 6.53e-10 1.77e-10 3.41e-11 4.51e-12 3.87e-13 1.93e-14 4.23e-16 0.00e+00 0.00e+00 0.00e+00 0.00e+00 0.00e+00 0.00e+00 0.00e+00 0.00e+00 0.00e+00 0.00e+00 0.00e+00 0.00e+00 0.00e+00 0.00e+00 0.00e+00 0.00e+00 0.00e+00 0.00e+00 -0.00e+00 
-0.00e+00 0.00e+00 0.00e+00 0.00e+00 0.00e+00 0.00e+00 0.00e+00 0.00e+00 0.00e+00 0.00e+00 0.00e+00 0.00e+00 0.00e+00 0.00e+00 0.00e+00 0.00e+00 0.00e+00 0.00e+00 8.81e-16 4.38e-14 9.66e-13 1.25e-11 1.05e-10 6.14e-10 2.58e-09 8.04e-09 1.92e-08 3.62e-08 5.57e-08 7.17e-08 7.78e-08 7.17e-08 5.57e-08 3.62e-08 1.92e-08 8.04e-09 2.58e-09 6.14e-10 1.05e-10 1.25e-11 9.66e-13 4.38e-14 8.81e-16 0.00e+00 0.00e+00 0.00e+00 0.00e+00 0.00e+00 0.00e+00 0.00e+00 0.00e+00 0.00e+00 0.00e+00 0.00e+00 0.00e+00 0.00e+00 0.00e+00 0.00e+00 0.00e+00 0.00e+00 -0.00e+00 
-0.00e+00 0.00e+00 0.00e+00 0.00e+00 0.00e+00 0.00e+00 0.00e+00 0.00e+00 0.00e+00 0.00e+00 0.00e+00 0.00e+00 0.00e+00 0.00e+00 0.00e+00 0.00e+00 0.00e+00 1.63e-15 8.76e-14 2.10e-12 2.98e-11 2.78e-10 1.81e-09 8.50e-09 2.98e-08 7.99e-08 1.70e-07 2.95e-07 4.29e-07 5.35e-07 5.75e-07 5.35e-07 4.29e-07 2.95e-07 1.70e-07 7.99e-08 2.98e-08 8.50e-09 1.81e-09 2.78e-10 2.98e-11 2.10e-12 8.76e-14 1.63e-15 0.00e+00 0.00e+00 0.00e+00 0.00e+00 0.00e+00 0.00e+00 0.00e+00 0.00e+00 0.00e+00 0.00e+00 0.00e+00 0.00e+00 0.00e+00 0.00e+00 0.00e+00 0.00e+00 -0.00e+00 
-0.00e+00 0.00e+00 0.00e+00 0.00e+00 0.00e+00 0.00e+00 0.00e+00 0.00e+00 0.00e+00 0.00e+00 0.00e+00 0.00e+00 0.00e+00 0.00e+00 0.00e+00 0.00e+00 2.67e-15 1.55e-13 4.03e-12 6.21e-11 6.34e-10 4.54e-09 2.37e-08 9.21e-08 2.75e-07 6.48e-07 1.25e-06 2.01e-06 2.80e-06 3.39e-06 3.61e-06 3.39e-06 2.80e-06 2.01e-06 1.25e-06 6.48e-07 2.75e-07 9.21e-08 2.37e-08 4.54e-09 6.34e-10 6.21e-11 4.03e-12 1.55e-13 2.67e-15 0.00e+00 0.00e+00 0.00e+00 0.00e+00 0.00e+00 0.00e+00 0.00e+00 0.00e+00 0.00e+00 0.00e+00 0.00e+00 0.00e+00 0.00e+00 0.00e+00 0.00e+00 -0.00e+00 
-0.00e+00 0.00e+00 0.00e+00 0.00e+00 0.00e+00 0.00e+00 0.00e+00 0.00e+00 0.00e+00 0.00e+00 0.00e+00 0.00e+00 0.00e+00 0.00e+00 0.00e+00 3.92e-15 2.43e-13 6.80e-12 1.13e-10 1.26e-09 9.85e-09 5.63e-08 2.41e-07 7.94e-07 2.06e-06 4.32e-06 7.62e-06 1.16e-05 1.54e-05 1.82e-05 1.92e-05 1.82e-05 1.54e-05 1.16e-05 7.62e-06 4.32e-06 2.06e-06 7.94e-07 2.41e-07 5.63e-08 9.85e-09 1.26e-09 1.13e-10 6.80e-12 2.43e-13 3.92e-15 0.00e+00 0.00e+00 0.00e+00 0.00e+00 0.00e+00 0.00e+00 0.00e+00 0.00e+00 0.00e+00 0.00e+00 0.00e+00 0.00e+00 0.00e+00 0.00e+00 -0.00e+00 
-0.00e+00 0.00e+00 0.00e+00 0.00e+00 0.00e+00 0.00e+00 0.00e+00 0.00e+00 0.00e+00 0.00e+00 0.00e+00 0.00e+00 0.00e+00 0.00e+00 5.14e-15 3.40e-13 1.02e-11 1.83e-10 2.19e-09 1.86e-08 1.16e-07 5.42e-07 1.95e-06 5.49e-06 1.25e-05 2.38e-05 3.89e-05 5.59e-05 7.17e-05 8.30e-05 8.71e-05 8.30e-05 7.17e-05 5.59e-05 3.89e-05 2.38e-05 1.25e-05 5.49e-06 1.95e-06 5.42e-07 1.16e-07 1.86e-08 2.19e-09 1.83e-10 1.02e-11 3.40e-13 5.14e-15 0.00e+00 0.00e+00 0.00e+00 0.00e+00 0.00e+00 0.00e+00 0.00e+00 0.00e+00 0.00e+00 0.00e+00 0.00e+00 0.00e+00 0.00e+00 -0.00e+00 
-0.00e+00 0.00e+00 0.00e+00 0.00e+00 0.00e+00 0.00e+00 0.00e+00 0.00e+00 0.00e+00 0.00e+00 0.00e+00 0.00e+00 0.00e+00 6.05e-15 4.25e-13 1.36e-11 2.60e-10 3.35e-09 3.07e-08 2.07e-07 1.05e-06 4.10e-06 1.25e-05 3.07e-05 6.23e-05 1.08e-04 1.66e-04 2.27e-04 2.83e-04 3.21e-04 3.35e-04 3.21e-04 2.83e-04 2.27e-04 1.66e-04 1.08e-04 6.23e-05 3.07e-05 1.25e-05 4.10e-06 1.05e-06 2.07e-07 3.07e-08 3.35e-09 2.60e-10 1.36e-11 4.25e-13 6.05e-15 0.00e+00 0.00e+00 0.00e+00 0.00e+00 0.00e+00 0.00e+00 0.00e+00 0.00e+00 0.00e+00 0.00e+00 0.00e+00 0.00e+00 -0.00e+00 
-0.00e+00 0.00e+00 0.00e+00 0.00e+00 0.00e+00 0.00e+00 0.00e+00 0.00e+00 0.00e+00 0.00e+00 0.00e+00 0.00e+00 6.38e-15 4.75e-13 1.61e-11 3.29e-10 4.52e-09 4.45e-08 3.23e-07 1.77e-06 7.45e-06 2.45e-05 6.44e-05 1.39e-04 2.55e-04 4.11e-04 5.94e-04 7.81e-04 9.45e-04 1.06e-03 1.10e-03 1.06e-03 9.45e-04 7.81e-04 5.94e-04 4.11e-04 2.55e-04 1.39e-04 6.44e-05 2.45e-05 7.45e-06 1.77e-06 3.23e-07 4.45e-08 4.52e-09 3.29e-10 1.61e-11 4.75e-13 6.38e-15 0.00e+00 0.00e+00 0.00e+00 0.00e+00 0.00e+00 0.00e+00 0.00e+00 0.00e+00 0.00e+00 0.00e+00 0.00e+00 -0.00e+00 
-0.00e+00 0.00e+00 0.00e+00 0.00e+00 0.00e+00 0.00e+00 0.00e+00 0.00e+00 0.00e+00 0.00e+00 0.00e+00 6.05e-15 4.75e-13 1.70e-11 3.69e-10 5.41e-09 5.68e-08 4.42e-07 2.60e-06 1.18e-05 4.15e-05 1.16e-04 2.66e-04 5.12e-04 8.62e-04 1.30e-03 1.79e-03 2.28e-03 2.70e-03 2.97e-03 3.07e-03 2.97e-03 2.70e-03 2.28e-03 1.79e-03 1.30e-03 8.62e-04 5.12e-04 2.66e-04 1.16e-04 4.15e-05 1.18e-05 2.60e-06 4.42e-07 5.68e-08 5.41e-09 3.69e-10 1.70e-11 4.75e-13 6.05e-15 0.00e+00 0.00e+00 0.00e+00 0.00e+00 0.00e+00 0.00e+00 0.00e+00 0.00e+00 0.00e+00 0.00e+00 -0.00e+00 
-0.00e+00 0.00e+00 0.00e+00 0.00e+00 0.00e+00 0.00e+00 0.00e+00 0.00e+00 0.00e+00 0.00e+00 5.14e-15 4.24e-13 1.60e-11 3.68e-10 5.72e-09 6.39e-08 5.31e-07 3.34e-06 1.62e-05 6.12e-05 1.83e-04 4.40e-04 8.87e-04 1.55e-03 2.43e-03 3.48e-03 4.62e-03 5.72e-03 6.65e-03 7.27e-03 7.49e-03 7.27e-03 6.65e-03 5.72e-03 4.62e-03 3.48e-03 2.43e-03 1.55e-03 8.87e-04 4.40e-04 1.83e-04 6.12e-05 1.62e-05 3.34e-06 5.31e-07 6.39e-08 5.72e-09 3.68e-10 1.60e-11 4.24e-13 5.14e-15 0.00e+00 0.00e+00 0.00e+00 0.00e+00 0.00e+00 0.00e+00 0.00e+00 0.00e+00 0.00e+00 -0.00e+00 
-0.00e+00 0.00e+00 0.00e+00 0.00e+00 0.00e+00 0.00e+00 0.00e+00 0.00e+00 0.00e+00 3.92e-15 3.39e-13 1.35e-11 3.26e-10 5.36e-09 6.36e-08 5.61e-07 3.77e-06 1.95e-05 7.86e-05 2.50e-04 6.35e-04 1.34e-03 2.42e-03 3.91e-03 5.82e-03 8.04e-03 1.04e-02 1.26e-02 1.45e-02 1.57e-02 1.62e-02 1.57e-02 1.45e-02 1.26e-02 1.04e-02 8.04e-03 5.82e-03 3.91e-03 2.42e-03 1.34e-03 6.35e-04 2.50e-04 7.86e-05 1.95e-05 3.77e-06 5.61e-07 6.36e-08 5.36e-09 3.26e-10 1.35e-11 3.39e-13 3.92e-15 0.00e+00 0.00e+00 0.00e+00 0.00e+00 0.00e+00 0.00e+00 0.00e+00 0.00e+00 -0.00e+00 
-0.00e+00 0.00e+00 0.00e+00 0.00e+00 0.00e+00 0.00e+00 0.00e+00 0.00e+00 2.67e-15 2.42e-13 1.01e-11 2.57e-10 4.45e-09 5.58e-08 5.23e-07 3.73e-06 2.06e-05 8.83e-05 2.98e-04 8.01e-04 1.76e-03 3.30e-03 5.52e-03 8.50e-03 1.22e-02 1.65e-02 2.09e-02 2.52e-02 2.87e-02 3.10e-02 3.18e-02 3.10e-02 2.87e-02 2.52e-02 2.09e-02 1.65e-02 1.22e-02 8.50e-03 5.52e-03 3.30e-03 1.76e-03 8.01e-04 2.98e-04 8.83e-05 2.06e-05 3.73e-06 5.23e-07 5.58e-08 4.45e-09 2.57e-10 1.01e-11 2.42e-13 2.67e-15 0.00e+00 0.00e+00 0.00e+00 0.00e+00 0.00e+00 0.00e+00 0.00e+00 -0.00e+00 
-0.00e+00 0.00e+00 0.00e+00 0.00e+00 0.00e+00 0.00e+00 0.00e+00 1.63e-15 1.54e-13 6.71e-12 1.79e-10 3.27e-09 4.32e-08 4.28e-07 3.24e-06 1.90e-05 8.67e-05 3.11e-04 8.85e-04 2.04e-03 3.97e-03 6.87e-03 1.10e-02 1.65e-02 2.32e-02 3.08e-02 3.87e-02 4.61e-02 5.21e-02 5.60e-02 5.74e-02 5.60e-02 5.21e-02 4.61e-02 3.87e-02 3.08e-02 2.32e-02 1.65e-02 1.10e-02 6.87e-03 3.97e-03 2.04e-03 8.85e-04 3.11e-04 8.67e-05 1.90e-05 3.24e-06 4.28e-07 4.32e-08 3.27e-09 1.79e-10 6.71e-12 1.54e-13 1.63e-15 0.00e+00 0.00e+00 0.00e+00 0.00e+00 0.00e+00 0.00e+00 -0.00e+00 
-0.00e+00 0.00e+00 0.00e+00 0.00e+00 0.00e+00 0.00e+00 8.81e-16 8.68e-14 3.96e-12 1.11e-10 2.12e-09 2.95e-08 3.08e-07 2.47e-06 1.53e-05 7.44e-05 2.84e-04 8.58e-04 2.09e-03 4.25e-03 7.63e-03 1.27e-02 2.00e-02 2.94e-02 4.08e-02 5.34e-02 6.62e-02 7.80e-02 8.74e-02 9.35e-02 9.56e-02 9.35e-02 8.74e-02 7.80e-02 6.62e-02 5.34e-02 4.08e-02 2.94e-02 2.00e-02 1.27e-02 7.63e-03 4.25e-03 2.09e-03 8.58e-04 2.84e-04 7.44e-05 1.53e-05 2.47e-06 3.08e-07 2.95e-08 2.12e-09 1.11e-10 3.96e-12 8.68e-14 8.81e-16 0.00e+00 0.00e+00 0.00e+00 0.00e+00 0.00e+00 -0.00e+00 
-0.00e+00 0.00e+00 0.00e+00 0.00e+00 0.00e+00 4.23e-16 4.34e-14 2.06e-12 6.01e-11 1.21e-09 1.76e-08 1.94e-07 1.64e-06 1.08e-05 5.58e-05 2.27e-04 7.30e-04 1.89e-03 4.04e-03 7.60e-03 1.32e-02 2.18e-02 3.37e-02 4.87e-02 6.63e-02 8.54e-02 1.04e-01 1.21e-01 1.35e-01 1.43e-01 1.46e-01 1.43e-01 1.35e-01 1.21e-01 1.04e-01 8.54e-02 6.63e-02 4.87e-02 3.37e-02 2.18e-02 1.32e-02 7.60e-03 4.04e-03 1.89e-03 7.30e-04 2.27e-04 5.58e-05 1.08e-05 1.64e-06 1.94e-07 1.76e-08 1.21e-09 6.01e-11 2.06e-12 4.34e-14 4.23e-16 0.00e+00 0.00e+00 0.00e+00 0.00e+00 -0.00e+00 
-0.00e+00 0.00e+00 0.00e+00 0.00e+00 1.79e-16 1.90e-14 9.41e-13 2.86e-11 6.00e-10 9.19e-09 1.06e-07 9.51e-07 6.63e-06 3.64e-05 1.58e-04 5.43e-04 1.50e-03 3.43e-03 6.81e-03 1.25e-02 2.15e-02 3.48e-02 5.24e-02 7.42e-02 9.91e-02 1.25e-01 1.50e-01 1.73e-01 1.90e-01 2.01e-01 2.05e-01 2.01e-01 1.90e-01 1.73e-01 1.50e-01 1.25e-01 9.91e-02 7.42e-02 5.24e-02 3.48e-02 2.15e-02 1.25e-02 6.81e-03 3.43e-03 1.50e-03 5.43e-04 1.58e-04 3.64e-05 6.63e-06 9.51e-07 1.06e-07 9.19e-09 6.00e-10 2.86e-11 9.41e-13 1.90e-14 1.79e-16 0.00e+00 0.00e+00 0.00e+00 -0.00e+00 
-0.00e+00 0.00e+00 0.00e+00 6.62e-17 7.31e-15 3.75e-13 1.19e-11 2.60e-10 4.17e-09 5.07e-08 4.77e-07 3.52e-06 2.06e-05 9.55e-05 3.53e-04 1.05e-03 2.59e-03 5.49e-03 1.06e-02 1.91e-02 3.24e-02 5.10e-02 7.51e-02 1.04e-01 1.36e-01 1.69e-01 2.00e-01 2.27e-01 2.48e-01 2.61e-01 2.65e-01 2.61e-01 2.48e-01 2.27e-01 2.00e-01 1.69e-01 1.36e-01 1.04e-01 7.51e-02 5.10e-02 3.24e-02 1.91e-02 1.06e-02 5.49e-03 2.59e-03 1.05e-03 3.53e-04 9.55e-05 2.06e-05 3.52e-06 4.77e-07 5.07e-08 4.17e-09 2.60e-10 1.19e-11 3.75e-13 7.31e-15 6.62e-17 0.00e+00 0.00e+00 -0.00e+00 
-0.00e+00 0.00e+00 2.13e-17 2.43e-15 1.29e-13 4.25e-12 9.69e-11 1.63e-09 2.07e-08 2.06e-07 1.61e-06 1.00e-05 4.99e-05 1.99e-04 6.46e-04 1.73e-03 3.94e-03 8.07e-03 1.53e-02 2.72e-02 4.48e-02 6.89e-02 9.95e-02 1.35e-01 1.73e-01 2.11e-01 2.46e-01 2.75e-01 2.98e-01 3.13e-01 3.18e-01 3.13e-01 2.98e-01 2.75e-01 2.46e-01 2.11e-01 1.73e-01 1.35e-01 9.95e-02 6.89e-02 4.48e-02 2.72e-02 1.53e-02 8.07e-03 3.94e-03 1.73e-03 6.46e-04 1.99e-04 4.99e-05 1.00e-05 1.61e-06 2.06e-07 2.07e-08 1.63e-09 9.69e-11 4.25e-12 1.29e-13 2.43e-15 2.13e-17 0.00e+00 -0.00e+00 
-1.17e-17 1.17e-17 6.92e-16 3.81e-14 1.30e-12 3.08e-11 5.40e-10 7.23e-09 7.57e-08 6.28e-07 4.17e-06 2.23e-05 9.69e-05 3.43e-04 1.01e-03 2.50e-03 5.49e-03 1.10e-02 2.04e-02 3.55e-02 5.72e-02 8.63e-02 1.22e-01 1.61e-01 2.03e-01 2.43e-01 2.80e-01 3.12e-01 3.36e-01 3.52e-01 3.57e-01 3.52e-01 3.36e-01 3.12e-01 2.80e-01 2.43e-01 2.03e-01 1.61e-01 1.22e-01 8.63e-02 5.72e-02 3.55e-02 2.04e-02 1.10e-02 5.49e-03 2.50e-03 1.01e-03 3.43e-04 9.69e-05 2.23e-05 4.17e-06 6.28e-07 7.57e-08 7.23e-09 5.40e-10 3.08e-11 1.30e-12 3.81e-14 6.92e-16 5.87e-18 -5.87e-18 
-3.32e-16 3.32e-16 9.45e-15 3.34e-13 8.24e-12 1.51e-10 2.12e-09 2.34e-08 2.06e-07 1.47e-06 8.49e-06 4.01e-05 1.56e-04 5.06e-04 1.38e-03 3.29e-03 7.00e-03 1.37e-02 2.51e-02 4.28e-02 6.76e-02 9.96e-02 1.38e-01 1.79e-01 2.21e-01 2.62e-01 2.99e-01 3.32e-01 3.59e-01 3.78e-01 3.84e-01 3.78e-01 3.59e-01 3.32e-01 2.99e-01 2.62e-01 2.21e-01 1.79e-01 1.38e-01 9.96e-02 6.76e-02 4.28e-02 2.51e-02 1.37e-02 7.00e-03 3.29e-03 1.38e-03 5.06e-04 1.56e-04 4.01e-05 8.49e-06 1.47e-06 2.06e-07 2.34e-08 2.12e-09 1.51e-10 8.24e-12 3.34e-13 9.44e-15 1.65e-16 -1.65e-16 
-3.87e-15 3.87e-15 7.08e-14 1.81e-12 3.46e-11 5.11e-10 5.97e-09 5.61e-08 4.29e-07 2.70e-06 1.40e-05 6.01e-05 2.16e-04 6.55e-04 1.71e-03 3.92e-03 8.18e-03 1.58e-02 2.85e-02 4.75e-02 7.35e-02 1.06e-01 1.44e-01 1.85e-01 2.25e-01 2.65e-01 3.03e-01 3.39e-01 3.73e-01 3.98e-01 4.08e-01 3.98e-01 3.73e-01 3.39e-01 3.03e-01 2.65e-01 2.25e-01 1.85e-01 1.44e-01 1.06e-01 7.35e-02 4.75e-02 2.85e-02 1.58e-02 8.18e-03 3.92e-03 1.71e-03 6.55e-04 2.16e-04 6.01e-05 1.40e-05 2.70e-06 4.29e-07 5.61e-08 5.97e-09 5.11e-10 3.46e-11 1.81e-12 7.08e-14 1.90e-15 -1.90e-15 
-2.40e-14 2.40e-14 3.20e-13 6.38e-12 9.90e-11 1.23e-09 1.24e-08 1.02e-07 7.00e-07 4.00e-06 1.91e-05 7.66e-05 2.60e-04 7.51e-04 1.89e-03 4.25e-03 8.72e-03 1.66e-02 2.94e-02 4.82e-02 7.35e-02 1.05e-01 1.39e-01 1.76e-01 2.14e-01 2.52e-01 2.92e-01 3.37e-01 3.84e-01 4.25e-01 4.44e-01 4.25e-01 3.84e-01 3.37e-01 2.92e-01 2.52e-01 2.14e-01 1.76e-01 1.39e-01 1.05e-01 7.35e-02 4.82e-02 2.94e-02 1.66e-02 8.72e-03 4.25e-03 1.89e-03 7.51e-04 2.60e-04 7.66e-05 1.91e-05 4.00e-06 7.00e-07 1.02e-07 1.24e-08 1.23e-09 9.90e-11 6.38e-12 3.20e-13 1.17e-14 -1.17e-14 
-8.64e-14 8.64e-14 9.04e-13 1.48e-11 1.96e-10 2.12e-09 1.91e-08 1.44e-07 9.12e-07 4.86e-06 2.19e-05 8.34e-05 2.71e-04 7.58e-04 1.86e-03 4.11e-03 8.33e-03 1.57e-02 2.74e-02 4.44e-02 6.66e-02 9.34e-02 1.23e-01 1.55e-01 1.88e-01 2.24e-01 2.69e-01 3.26e-01 3.98e-01 4.75e-01 5.19e-01 4.75e-01 3.98e-01 3.26e-01 2.69e-01 2.24e-01 1.88e-01 1.55e-01 1.23e-01 9.34e-02 6.66e-02 4.44e-02 2.74e-02 1.57e-02 8.33e-03 4.11e-03 1.86e-03 7.58e-04 2.71e-04 8.34e-05 2.19e-05 4.86e-06 9.12e-07 1.44e-07 1.91e-08 2.12e-09 1.96e-10 1.48e-11 9.02e-13 4.16e-14 -4.16e-14 
-1.83e-13 1.83e-13 1.60e-12 2.27e-11 2.69e-10 2.66e-09 2.22e-08 1.57e-07 9.40e-07 4.78e-06 2.06e-05 7.59e-05 2.39e-04 6.55e-04 1.58e-03 3.45e-03 6.94e-03 1.29e-02 2.24e-02 3.58e-02 5.32e-02 7.40e-02 9.68e-02 1.21e-01 1.48e-01 1.81e-01 2.28e-01 3.01e-01 4.12e-01 5.63e-01 6.89e-01 5.63e-01 4.12e-01 3.01e-01 2.28e-01 1.81e-01 1.48e-01 1.21e-01 9.68e-02 7.40e-02 5.32e-02 3.58e-02 2.24e-02 1.29e-02 6.94e-03 3.45e-03 1.58e-03 6.55e-04 2.39e-04 7.59e-05 2.06e-05 4.78e-06 9.40e-07 1.57e-07 2.22e-08 2.66e-09 2.69e-10 2.27e-11 1.60e-12 8.72e-14 -8.72e-14 
-2.16e-13 2.16e-13 1.69e-12 2.21e-11 2.44e-10 2.29e-09 1.82e-08 1.24e-07 7.14e-07 3.52e-06 1.48e-05 5.33e-05 1.65e-04 4.45e-04 1.06e-03 2.30e-03 4.60e-03 8.52e-03 1.46e-02 2.33e-02 3.43e-02 4.73e-02 6.18e-02 7.75e-02 9.59e-02 1.21e-01 1.63e-01 2.39e-01 3.91e-01 6.84e-01 1.12e+00 6.84e-01 3.91e-01 2.39e-01 1.63e-01 1.21e-01 9.59e-02 7.75e-02 6.18e-02 4.73e-02 3.43e-02 2.33e-02 1.46e-02 8.52e-03 4.60e-03 2.30e-03 1.06e-03 4.45e-04 1.65e-04 5.33e-05 1.48e-05 3.52e-06 7.14e-07 1.24e-07 1.82e-08 2.29e-09 2.44e-10 2.21e-11 1.69e-12 1.02e-13 -1.02e-13 
-9.92e-14 9.92e-14 7.42e-13 9.30e-12 9.94e-11 9.07e-10 7.06e-09 4.70e-08 2.67e-07 1.30e-06 5.39e-06 1.92e-05 5.89e-05 1.58e-04 3.75e-04 8.09e-04 1.61e-03 2.98e-03 5.09e-03 8.03e-03 1.18e-02 1.64e-02 2.13e-02 2.67e-02 3.34e-02 4.34e-02 6.24e-02 1.07e-01 2.33e-01 6.69e-01 2.43e+00 6.69e-01 2.33e-01 1.07e-01 6.24e-02 4.34e-02 3.34e-02 2.67e-02 2.13e-02 1.64e-02 1.18e-02 8.03e-03 5.09e-03 2.98e-03 1.61e-03 8.09e-04 3.75e-04 1.58e-04 5.89e-05 1.92e-05 5.39e-06 1.30e-06 2.67e-07 4.70e-08 7.06e-09 9.07e-10 9.94e-11 9.30e-12 7.39e-13 4.68e-14 -4.68e-14 
9.92e-14 -9.92e-14 -7.42e-13 -9.30e-12 -9.94e-11 -9.07e-10 -7.06e-09 -4.70e-08 -2.67e-07 -1.30e-06 -5.39e-06 -1.92e-05 -5.89e-05 -1.58e-04 -3.75e-04 -8.09e-04 -1.61e-03 -2.98e-03 -5.09e-03 -8.03e-03 -1.18e-02 -1.64e-02 -2.13e-02 -2.67e-02 -3.34e-02 -4.34e-02 -6.24e-02 -1.07e-01 -2.33e-01 -6.69e-01 -2.43e+00 -6.69e-01 -2.33e-01 -1.07e-01 -6.24e-02 -4.34e-02 -3.34e-02 -2.67e-02 -2.13e-02 -1.64e-02 -1.18e-02 -8.03e-03 -5.09e-03 -2.98e-03 -1.61e-03 -8.09e-04 -3.75e-04 -1.58e-04 -5.89e-05 -1.92e-05 -5.39e-06 -1.30e-06 -2.67e-07 -4.70e-08 -7.06e-09 -9.07e-10 -9.94e-11 -9.30e-12 -7.39e-13 -4.68e-14 4.68e-14 
2.16e-13 -2.16e-13 -1.69e-12 -2.21e-11 -2.44e-10 -2.29e-09 -1.82e-08 -1.24e-07 -7.14e-07 -3.52e-06 -1.48e-05 -5.33e-05 -1.65e-04 -4.45e-04 -1.06e-03 -2.30e-03 -4.60e-03 -8.52e-03 -1.46e-02 -2.33e-02 -3.43e-02 -4.73e-02 -6.18e-02 -7.75e-02 -9.59e-02 -1.21e-01 -1.63e-01 -2.39e-01 -3.91e-01 -6.84e-01 -1.12e+00 -6.84e-01 -3.91e-01 -2.39e-01 -1.63e-01 -1.21e-01 -9.59e-02 -7.75e-02 -6.18e-02 -4.73e-02 -3.43e-02 -2.33e-02 -1.46e-02 -8.52e-03 -4.60e-03 -2.30e-03 -1.06e-03 -4.45e-04 -1.65e-04 -5.33e-05 -1.48e-05 -3.52e-06 -7.14e-07 -1.24e-07 -1.82e-08 -2.29e-09 -2.44e-10 -2.21e-11 -1.69e-12 -1.02e-13 1.02e-13 
1.83e-13 -1.83e-13 -1.60e-12 -2.27e-11 -2.69e-10 -2.66e-09 -2.22e-08 -1.57e-07 -9.40e-07 -4.78e-06 -2.06e-05 -7.59e-05 -2.39e-04 -6.55e-04 -1.58e-03 -3.45e-03 -6.94e-03 -1.29e-02 -2.24e-02 -3.58e-02 -5.32e-02 -7.40e-02 -9.68e-02 -1.21e-01 -1.48e-01 -1.81e-01 -2.28e-01 -3.01e-01 -4.12e-01 -5.63e-01 -6.89e-01 -5.63e-01 -4.12e-01 -3.01e-01 -2.28e-01 -1.81e-01 -1.48e-01 -1.21e-01 -9.68e-02 -7.40e-02 -5.32e-02 -3.58e-02 -2.24e-02 -1.29e-02 -6.94e-03 -3.45e-03 -1.58e-03 -6.55e-04 -2.39e-04 -7.59e-05 -2.06e-05 -4.78e-06 -9.40e-07 -1.57e-07 -2.22e-08 -2.66e-09 -2.69e-10 -2.27e-11 -1.60e-12 -8.72e-14 8.72e-14 
8.64e-14 -8.64e-14 -9.04e-13 -1.48e-11 -1.96e-10 -2.12e-09 -1.91e-08 -1.44e-07 -9.12e-07 -4.86e-06 -2.19e-05 -8.34e-05 -2.71e-04 -7.58e-04 -1.86e-03 -4.11e-03 -8.33e-03 -1.57e-02 -2.74e-02 -4.44e-02 -6.66e-02 -9.34e-02 -1.23e-01 -1.55e-01 -1.88e-01 -2.24e-01 -2.69e-01 -3.26e-01 -3.98e-01 -4.75e-01 -5.19e-01 -4.75e-01 -3.98e-01 -3.26e-01 -2.69e-01 -2.24e-01 -1.88e-01 -1.55e-01 -1.23e-01 -9.34e-02 -6.66e-02 -4.44e-02 -2.74e-02 -1.57e-02 -8.33e-03 -4.11e-03 -1.86e-03 -7.58e-04 -2.71e-04 -8.34e-05 -2.19e-05 -4.86e-06 -9.12e-07 -1.44e-07 -1.91e-08 -2.12e-09 -1.96e-10 -1.48e-11 -9.02e-13 -4.16e-14 4.16e-14 
2.40e-14 -2.40e-14 -3.20e-13 -6.38e-12 -9.90e-11 -1.23e-09 -1.24e-08 -1.02e-07 -7.00e-07 -4.00e-06 -1.91e-05 -7.66e-05 -2.60e-04 -7.51e-04 -1.89e-03 -4.25e-03 -8.72e-03 -1.66e-02 -2.94e-02 -4.82e-02 -7.35e-02 -1.05e-01 -1.39e-01 -1.76e-01 -2.14e-01 -2.52e-01 -2.92e-01 -3.37e-01 -3.84e-01 -4.25e-01 -4.44e-01 -4.25e-01 -3.84e-01 -3.37e-01 -2.92e-01 -2.52e-01 -2.14e-01 -1.76e-01 -1.39e-01 -1.05e-01 -7.35e-02 -4.82e-02 -2.94e-02 -1.66e-02 -8.72e-03 -4.25e-03 -1.89e-03 -7.51e-04 -2.60e-04 -7.66e-05 -1.91e-05 -4.00e-06 -7.00e-07 -1.02e-07 -1.24e-08 -1.23e-09 -9.90e-11 -6.38e-12 -3.20e-13 -1.17e-14 1.17e-14 
3.87e-15 -3.87e-15 -7.08e-14 -1.81e-12 -3.46e-11 -5.11e-10 -5.97e-09 -5.61e-08 -4.29e-07 -2.70e-06 -1.40e-05 -6.01e-05 -2.16e-04 -6.55e-04 -1.71e-03 -3.92e-03 -8.18e-03 -1.58e-02 -2.85e-02 -4.75e-02 -7.35e-02 -1.06e-01 -1.44e-01 -1.85e-01 -2.25e-01 -2.65e-01 -3.03e-01 -3.39e-01 -3.73e-01 -3.98e-01 -4.08e-01 -3.98e-01 -3.73e-01 -3.39e-01 -3.03e-01 -2.65e-01 -2.25e-01 -1.85e-01 -1.44e-01 -1.06e-01 -7.35e-02 -4.75e-02 -2.85e-02 -1.58e-02 -8.18e-03 -3.92e-03 -1.71e-03 -6.55e-04 -2.16e-04 -6.01e-05 -1.40e-05 -2.70e-06 -4.29e-07 -5.61e-08 -5.97e-09 -5.11e-10 -3.46e-11 -1.81e-12 -7.08e-14 -1.90e-15 1.90e-15 
3.32e-16 -3.32e-16 -9.45e-15 -3.34e-13 -8.24e-12 -1.51e-10 -2.12e-09 -2.34e-08 -2.06e-07 -1.47e-06 -8.49e-06 -4.01e-05 -1.56e-04 -5.06e-04 -1.38e-03 -3.29e-03 -7.00e-03 -1.37e-02 -2.51e-02 -4.28e-02 -6.76e-02 -9.96e-02 -1.38e-01 -1.79e-01 -2.21e-01 -2.62e-01 -2.99e-01 -3.32e-01 -3.59e-01 -3.78e-01 -3.84e-01 -3.78e-01 -3.59e-01 -3.32e-01 -2.99e-01 -2.62e-01 -2.21e-01 -1.79e-01 -1.38e-01 -9.96e-02 -6.76e-02 -4.28e-02 -2.51e-02 -1.37e-02 -7.00e-03 -3.29e-03 -1.38e-03 -5.06e-04 -1.56e-04 -4.01e-05 -8.49e-06 -1.47e-06 -2.06e-07 -2.34e-08 -2.12e-09 -1.51e-10 -8.24e-12 -3.34e-13 -9.44e-15 -1.65e-16 1.65e-16 
1.17e-17 -1.17e-17 -6.92e-16 -3.81e-14 -1.30e-12 -3.08e-11 -5.40e-10 -7.23e-09 -7.57e-08 -6.28e-07 -4.17e-06 -2.23e-05 -9.69e-05 -3.43e-04 -1.01e-03 -2.50e-03 -5.49e-03 -1.10e-02 -2.04e-02 -3.55e-02 -5.72e-02 -8.63e-02 -1.22e-01 -1.61e-01 -2.03e-01 -2.43e-01 -2.80e-01 -3.12e-01 -3.36e-01 -3.52e-01 -3.57e-01 -3.52e-01 -3.36e-01 -3.12e-01 -2.80e-01 -2.43e-01 -2.03e-01 -1.61e-01 -1.22e-01 -8.63e-02 -5.72e-02 -3.55e-02 -2.04e-02 -1.10e-02 -5.49e-03 -2.50e-03 -1.01e-03 -3.43e-04 -9.69e-05 -2.23e-05 -4.17e-06 -6.28e-07 -7.57e-08 -7.23e-09 -5.40e-10 -3.08e-11 -1.30e-12 -3.81e-14 -6.92e-16 -5.87e-18 5.87e-18 
-0.00e+00 0.00e+00 -2.13e-17 -2.43e-15 -1.29e-13 -4.25e-12 -9.69e-11 -1.63e-09 -2.07e-08 -2.06e-07 -1.61e-06 -1.00e-05 -4.99e-05 -1.99e-04 -6.46e-04 -1.73e-03 -3.94e-03 -8.07e-03 -1.53e-02 -2.72e-02 -4.48e-02 -6.89e-02 -9.95e-02 -1.35e-01 -1.73e-01 -2.11e-01 -2.46e-01 -2.75e-01 -2.98e-01 -3.13e-01 -3.18e-01 -3.13e-01 -2.98e-01 -2.75e-01 -2.46e-01 -2.11e-01 -1.73e-01 -1.35e-01 -9.95e-02 -6.89e-02 -4.48e-02 -2.72e-02 -1.53e-02 -8.07e-03 -3.94e-03 -1.73e-03 -6.46e-04 -1.99e-04 -4.99e-05 -1.00e-05 -1.61e-06 -2.06e-07 -2.07e-08 -1.63e-09 -9.69e-11 -4.25e-12 -1.29e-13 -2.43e-15 -2.13e-17 0.00e+00 -0.00e+00 
-0.00e+00 0.00e+00 0.00e+00 -6.62e-17 -7.31e-15 -3.75e-13 -1.19e-11 -2.60e-10 -4.17e-09 -5.07e-08 -4.77e-07 -3.52e-06 -2.06e-05 -9.55e-05 -3.53e-04 -1.05e-03 -2.59e-03 -5.49e-03 -1.06e-02 -1.91e-02 -3.24e-02 -5.10e-02 -7.51e-02 -1.04e-01 -1.36e-01 -1.69e-01 -2.00e-01 -2.27e-01 -2.48e-01 -2.61e-01 -2.65e-01 -2.61e-01 -2.48e-01 -2.27e-01 -2.00e-01 -1.69e-01 -1.36e-01 -1.04e-01 -7.51e-02 -5.10e-02 -3.24e-02 -1.91e-02 -1.06e-02 -5.49e-03 -2.59e-03 -1.05e-03 -3.53e-04 -9.55e-05 -2.06e-05 -3.52e-06 -4.77e-07 -5.07e-08 -4.17e-09 -2.60e-10 -1.19e-11 -3.75e-13 -7.31e-15 -6.62e-17 0.00e+00 0.00e+00 -0.00e+00 
-0.00e+00 0.00e+00 0.00e+00 0.00e+00 -1.79e-16 -1.90e-14 -9.41e-13 -2.86e-11 -6.00e-10 -9.19e-09 -1.06e-07 -9.51e-07 -6.63e-06 -3.64e-05 -1.58e-04 -5.43e-04 -1.50e-03 -3.43e-03 -6.81e-03 -1.25e-02 -2.15e-02 -3.48e-02 -5.24e-02 -7.42e-02 -9.91e-02 -1.25e-01 -1.50e-01 -1.73e-01 -1.90e-01 -2.01e-01 -2.05e-01 -2.01e-01 -1.90e-01 -1.73e-01 -1.50e-01 -1.25e-01 -9.91e-02 -7.42e-02 -5.24e-02 -3.48e-02 -2.15e-02 -1.25e-02 -6.81e-03 -3.43e-03 -1.50e-03 -5.43e-04 -1.58e-04 -3.64e-05 -6.63e-06 -9.51e-07 -1.06e-07 -9.19e-09 -6.00e-10 -2.86e-11 -9.41e-13 -1.90e-14 -1.79e-16 0.00e+00 0.00e+00 0.00e+00 -0.00e+00 
-0.00e+00 0.00e+00 0.00e+00 0.00e+00 0.00e+00 -4.23e-16 -4.34e-14 -2.06e-12 -6.01e-11 -1.21e-09 -1.76e-08 -1.94e-07 -1.64e-06 -1.08e-05 -5.58e-05 -2.27e-04 -7.30e-04 -1.89e-03 -4.04e-03 -7.60e-03 -1.32e-02 -2.18e-02 -3.37e-02 -4.87e-02 -6.63e-02 -8.54e-02 -1.04e-01 -1.21e-01 -1.35e-01 -1.43e-01 -1.46e-01 -1.43e-01 -1.35e-01 -1.21e-01 -1.04e-01 -8.54e-02 -6.63e-02 -4.87e-02 -3.37e-02 -2.18e-02 -1.32e-02 -7.60e-03 -4.04e-03 -1.89e-03 -7.30e-04 -2.27e-04 -5.58e-05 -1.08e-05 -1.64e-06 -1.94e-07 -1.76e-08 -1.21e-09 -6.01e-11 -2.06e-12 -4.34e-14 -4.23e-16 0.00e+00 0.00e+00 0.00e+00 0.00e+00 -0.00e+00 
-0.00e+00 0.00e+00 0.00e+00 0.00e+00 0.00e+00 0.00e+00 -8.81e-16 -8.68e-14 -3.96e-12 -1.11e-10 -2.12e-09 -2.95e-08 -3.08e-07 -2.47e-06 -1.53e-05 -7.44e-05 -2.84e-04 -8.58e-04 -2.09e-03 -4.25e-03 -7.63e-03 -1.27e-02 -2.00e-02 -2.94e-02 -4.08e-02 -5.34e-02 -6.62e-02 -7.80e-02 -8.74e-02 -9.35e-02 -9.56e-02 -9.35e-02 -8.74e-02 -7.80e-02 -6.62e-02 -5.34e-02 -4.08e-02 -2.94e-02 -2.00e-02 -1.27e-02 -7.63e-03 -4.25e-03 -2.09e-03 -8.58e-04 -2.84e-04 -7.44e-05 -1.53e-05 -2.47e-06 -3.08e-07 -2.95e-08 -2.12e-09 -1.11e-10 -3.96e-12 -8.68e-14 -8.81e-16 0.00e+00 0.00e+00 0.00e+00 0.00e+00 0.00e+00 -0.00e+00 
-0.00e+00 0.00e+00 0.00e+00 0.00e+00 0.00e+00 0.00e+00 0.00e+00 -1.63e-15 -1.54e-13 -6.71e-12 -1.79e-10 -3.27e-09 -4.32e-08 -4.28e-07 -3.24e-06 -1.90e-05 -8.67e-05 -3.11e-04 -8.85e-04 -2.04e-03 -3.97e-03 -6.87e-03 -1.10e-02 -1.65e-02 -2.32e-02 -3.08e-02 -3.87e-02 -4.61e-02 -5.21e-02 -5.60e-02 -5.74e-02 -5.60e-02 -5.21e-02 -4.61e-02 -3.87e-02 -3.08e-02 -2.32e-02 -1.65e-02 -1.10e-02 -6.87e-03 -3.97e-03 -2.04e-03 -8.85e-04 -3.11e-04 -8.67e-05 -1.90e-05 -3.24e-06 -4.28e-07 -4.32e-08 -3.27e-09 -1.79e-10 -6.71e-12 -1.54e-13 -1.63e-15 0.00e+00 0.00e+00 0.00e+00 0.00e+00 0.00e+00 0.00e+00 -0.00e+00 
-0.00e+00 0.00e+00 0.00e+00 0.00e+00 0.00e+00 0.00e+00 0.00e+00 0.00e+00 -2.67e-15 -2.42e-13 -1.01e-11 -2.57e-10 -4.45e-09 -5.58e-08 -5.23e-07 -3.73e-06 -2.06e-05 -8.83e-05 -2.98e-04 -8.01e-04 -1.76e-03 -3.30e-03 -5.52e-03 -8.50e-03 -1.22e-02 -1.65e-02 -2.09e-02 -2.52e-02 -2.87e-02 -3.10e-02 -3.18e-02 -3.10e-02 -2.87e-02 -2.52e-02 -2.09e-02 -1.65e-02 -1.22e-02 -8.50e-03 -5.52e-03 -3.30e-03 -1.76e-03 -8.01e-04 -2.98e-04 -8.83e-05 -2.06e-05 -3.73e-06 -5.23e-07 -5.58e-08 -4.45e-09 -2.57e-10 -1.01e-11 -2.42e-13 -2.67e-15 0.00e+00 0.00e+00 0.00e+00 0.00e+00 0.00e+00 0.00e+00 0.00e+00 -0.00e+00 
-0.00e+00 0.00e+00 0.00e+00 0.00e+00 0.00e+00 0.00e+00 0.00e+00 0.00e+00 0.00e+00 -3.92e-15 -3.39e-13 -1.35e-11 -3.26e-10 -5.36e-09 -6.36e-08 -5.61e-07 -3.77e-06 -1.95e-05 -7.86e-05 -2.50e-04 -6.35e-04 -1.34e-03 -2.42e-03 -3.91e-03 -5.82e-03 -8.04e-03 -1.04e-02 -1.26e-02 -1.45e-02 -1.57e-02 -1.62e-02 -1.57e-02 -1.45e-02 -1.26e-02 -1.04e-02 -8.04e-03 -5.82e-03 -3.91e-03 -2.42e-03 -1.34e-03 -6.35e-04 -2.50e-04 -7.86e-05 -1.95e-05 -3.77e-06 -5.61e-07 -6.36e-08 -5.36e-09 -3.26e-10 -1.35e-11 -3.39e-13 -3.92e-15 0.00e+00 0.00e+00 0.00e+00 0.00e+00 0.00e+00 0.00e+00 0.00e+00 0.00e+00 -0.00e+00 
-0.00e+00 0.00e+00 0.00e+00 0.00e+00 0.00e+00 0.00e+00 0.00e+00 0.00e+00 0.00e+00 0.00e+00 -5.14e-15 -4.24e-13 -1.60e-11 -3.68e-10 -5.72e-09 -6.39e-08 -5.31e-07 -3.34e-06 -1.62e-05 -6.12e-05 -1.83e-04 -4.40e-04 -8.87e-04 -1.55e-03 -2.43e-03 -3.48e-03 -4.62e-03 -5.72e-03 -6.65e-03 -7.27e-03 -7.49e-03 -7.27e-03 -6.65e-03 -5.72e-03 -4.62e-03 -3.48e-03 -2.43e-03 -1.55e-03 -8.87e-04 -4.40e-04 -1.83e-04 -6.12e-05 -1.62e-05 -3.34e-06 -5.31e-07 -6.39e-08 -5.72e-09 -3.68e-10 -1.60e-11 -4.24e-13 -5.14e-15 0.00e+00 0.00e+00 0.00e+00 0.00e+00 0.00e+00 0.00e+00 0.00e+00 0.00e+00 0.00e+00 -0.00e+00 
-0.00e+00 0.00e+00 0.00e+00 0.00e+00 0.00e+00 0.00e+00 0.00e+00 0.00e+00 0.00e+00 0.00e+00 0.00e+00 -6.05e-15 -4.75e-13 -1.70e-11 -3.69e-10 -5.41e-09 -5.68e-08 -4.42e-07 -2.60e-06 -1.18e-05 -4.15e-05 -1.16e-04 -2.66e-04 -5.12e-04 -8.62e-04 -1.30e-03 -1.79e-03 -2.28e-03 -2.70e-03 -2.97e-03 -3.07e-03 -2.97e-03 -2.70e-03 -2.28e-03 -1.79e-03 -1.30e-03 -8.62e-04 -5.12e-04 -2.66e-04 -1.16e-04 -4.15e-05 -1.18e-05 -2.60e-06 -4.42e-07 -5.68e-08 -5.41e-09 -3.69e-10 -1.70e-11 -4.75e-13 -6.05e-15 0.00e+00 0.00e+00 0.00e+00 0.00e+00 0.00e+00 0.00e+00 0.00e+00 0.00e+00 0.00e+00 0.00e+00 -0.00e+00 
-0.00e+00 0.00e+00 0.00e+00 0.00e+00 0.00e+00 0.00e+00 0.00e+00 0.00e+00 0.00e+00 0.00e+00 0.00e+00 0.00e+00 -6.38e-15 -4.75e-13 -1.61e-11 -3.29e-10 -4.52e-09 -4.45e-08 -3.23e-07 -1.77e-06 -7.45e-06 -2.45e-05 -6.44e-05 -1.39e-04 -2.55e-04 -4.11e-04 -5.94e-04 -7.81e-04 -9.45e-04 -1.06e-03 -1.10e-03 -1.06e-03 -9.45e-04 -7.81e-04 -5.94e-04 -4.11e-04 -2.55e-04 -1.39e-04 -6.44e-05 -2.45e-05 -7.45e-06 -1.77e-06 -3.23e-07 -4.45e-08 -4.52e-09 -3.29e-10 -1.61e-11 -4.75e-13 -6.38e-15 0.00e+00 0.00e+00 0.00e+00 0.00e+00 0.00e+00 0.00e+00 0.00e+00 0.00e+00 0.00e+00 0.00e+00 0.00e+00 -0.00e+00 
-0.00e+00 0.00e+00 0.00e+00 0.00e+00 0.00e+00 0.00e+00 0.00e+00 0.00e+00 0.00e+00 0.00e+00 0.00e+00 0.00e+00 0.00e+00 -6.05e-15 -4.25e-13 -1.36e-11 -2.60e-10 -3.35e-09 -3.07e-08 -2.07e-07 -1.05e-06 -4.10e-06 -1.25e-05 -3.07e-05 -6.23e-05 -1.08e-04 -1.66e-04 -2.27e-04 -2.83e-04 -3.21e-04 -3.35e-04 -3.21e-04 -2.83e-04 -2.27e-04 -1.66e-04 -1.08e-04 -6.23e-05 -3.07e-05 -1.25e-05 -4.10e-06 -1.05e-06 -2.07e-07 -3.07e-08 -3.35e-09 -2.60e-10 -1.36e-11 -4.25e-13 -6.05e-15 0.00e+00 0.00e+00 0.00e+00 0.00e+00 0.00e+00 0.00e+00 0.00e+00 0.00e+00 0.00e+00 0.00e+00 0.00e+00 0.00e+00 -0.00e+00 
-0.00e+00 0.00e+00 0.00e+00 0.00e+00 0.00e+00 0.00e+00 0.00e+00 0.00e+00 0.00e+00 0.00e+00 0.00e+00 0.00e+00 0.00e+00 0.00e+00 -5.14e-15 -3.40e-13 -1.02e-11 -1.83e-10 -2.19e-09 -1.86e-08 -1.16e-07 -5.42e-07 -1.95e-06 -5.49e-06 -1.25e-05 -2.38e-05 -3.89e-05 -5.59e-05 -7.17e-05 -8.30e-05 -8.71e-05 -8.30e-05 -7.17e-05 -5.59e-05 -3.89e-05 -2.38e-05 -1.25e-05 -5.49e-06 -1.95e-06 -5.42e-07 -1.16e-07 -1.86e-08 -2.19e-09 -1.83e-10 -1.02e-11 -3.40e-13 -5.14e-15 0.00e+00 0.00e+00 0.00e+00 0.00e+00 0.00e+00 0.00e+00 0.00e+00 0.00e+00 0.00e+00 0.00e+00 0.00e+00 0.00e+00 0.00e+00 -0.00e+00 
-0.00e+00 0.00e+00 0.00e+00 0.00e+00 0.00e+00 0.00e+00 0.00e+00 0.00e+00 0.00e+00 0.00e+00 0.00e+00 0.00e+00 0.00e+00 0.00e+00 0.00e+00 -3.92e-15 -2.43e-13 -6.80e-12 -1.13e-10 -1.26e-09 -9.85e-09 -5.63e-08 -2.41e-07 -7.94e-07 -2.06e-06 -4.32e-06 -7.62e-06 -1.16e-05 -1.54e-05 -1.82e-05 -1.92e-05 -1.82e-05 -1.54e-05 -1.16e-05 -7.62e-06 -4.32e-06 -2.06e-06 -7.94e-07 -2.41e-07 -5.63e-08 -9.85e-09 -1.26e-09 -1.13e-10 -6.80e-12 -2.43e-13 -3.92e-15 0.00e+00 0.00e+00 0.00e+00 0.00e+00 0.00e+00 0.00e+00 0.00e+00 0.00e+00 0.00e+00 0.00e+00 0.00e+00 0.00e+00 0.00e+00 0.00e+00 -0.00e+00 
-0.00e+00 0.00e+00 0.00e+00 0.00e+00 0.00e+00 0.00e+00 0.00e+00 0.00e+00 0.00e+00 0.00e+00 0.00e+00 0.00e+00 0.00e+00 0.00e+00 0.00e+00 0.00e+00 -2.67e-15 -1.55e-13 -4.03e-12 -6.21e-11 -6.34e-10 -4.54e-09 -2.37e-08 -9.21e-08 -2.75e-07 -6.48e-07 -1.25e-06 -2.01e-06 -2.80e-06 -3.39e-06 -3.61e-06 -3.39e-06 -2.80e-06 -2.01e-06 -1.25e-06 -6.48e-07 -2.75e-07 -9.21e-08 -2.37e-08 -4.54e-09 -6.34e-10 -6.21e-11 -4.03e-12 -1.55e-13 -2.67e-15 0.00e+00 0.00e+00 0.00e+00 0.00e+00 0.00e+00 0.00e+00 0.00e+00 0.00e+00 0.00e+00 0.00e+00 0.00e+00 0.00e+00 0.00e+00 0.00e+00 0.00e+00 -0.00e+00 
-0.00e+00 0.00e+00 0.00e+00 0.00e+00 0.00e+00 0.00e+00 0.00e+00 0.00e+00 0.00e+00 0.00e+00 0.00e+00 0.00e+00 0.00e+00 0.00e+00 0.00e+00 0.00e+00 0.00e+00 -1.63e-15 -8.76e-14 -2.10e-12 -2.98e-11 -2.78e-10 -1.81e-09 -8.50e-09 -2.98e-08 -7.99e-08 -1.70e-07 -2.95e-07 -4.29e-07 -5.35e-07 -5.75e-07 -5.35e-07 -4.29e-07 -2.95e-07 -1.70e-07 -7.99e-08 -2.98e-08 -8.50e-09 -1.81e-09 -2.78e-10 -2.98e-11 -2.10e-12 -8.76e-14 -1.63e-15 0.00e+00 0.00e+00 0.00e+00 0.00e+00 0.00e+00 0.00e+00 0.00e+00 0.00e+00 0.00e+00 0.00e+00 0.00e+00 0.00e+00 0.00e+00 0.00e+00 0.00e+00 0.00e+00 -0.00e+00 
-0.00e+00 0.00e+00 0.00e+00 0.00e+00 0.00e+00 0.00e+00 0.00e+00 0.00e+00 0.00e+00 0.00e+00 0.00e+00 0.00e+00 0.00e+00 0.00e+00 0.00e+00 0.00e+00 0.00e+00 0.00e+00 -8.81e-16 -4.38e-14 -9.66e-13 -1.25e-11 -1.05e-10 -6.14e-10 -2.58e-09 -8.04e-09 -1.92e-08 -3.62e-08 -5.57e-08 -7.17e-08 -7.78e-08 -7.17e-08 -5.57e-08 -3.62e-08 -1.92e-08 -8.04e-09 -2.58e-09 -6.14e-10 -1.05e-10 -1.25e-11 -9.66e-13 -4.38e-14 -8.81e-16 0.00e+00 0.00e+00 0.00e+00 0.00e+00 0.00e+00 0.00e+00 0.00e+00 0.00e+00 0.00e+00 0.00e+00 0.00e+00 0.00e+00 0.00e+00 0.00e+00 0.00e+00 0.00e+00 0.00e+00 -0.00e+00 
-0.00e+00 0.00e+00 0.00e+00 0.00e+00 0.00e+00 0.00e+00 0.00e+00 0.00e+00 0.00e+00 0.00e+00 0.00e+00 0.00e+00 0.00e+00 0.00e+00 0.00e+00 0.00e+00 0.00e+00 0.00e+00 0.00e+00 -4.23e-16 -1.93e-14 -3.87e-13 -4.51e-12 -3.41e-11 -1.77e-10 -6.53e-10 -1.78e-09 -3.71e-09 -6.10e-09 -8.14e-09 -8.95e-09 -8.14e-09 -6.10e-09 -3.71e-09 -1.78e-09 -6.53e-10 -1.77e-10 -3.41e-11 -4.51e-12 -3.87e-13 -1.93e-14 -4.23e-16 0.00e+00 0.00e+00 0.00e+00 0.00e+00 0.00e+00 0.00e+00 0.00e+00 0.00e+00 0.00e+00 0.00e+00 0.00e+00 0.00e+00 0.00e+00 0.00e+00 0.00e+00 0.00e+00 0.00e+00 0.00e+00 -0.00e+00 
-0.00e+00 0.00e+00 0.00e+00 0.00e+00 0.00e+00 0.00e+00 0.00e+00 0.00e+00 0.00e+00 0.00e+00 0.00e+00 0.00e+00 0.00e+00 0.00e+00 0.00e+00 0.00e+00 0.00e+00 0.00e+00 0.00e+00 0.00e+00 -1.79e-16 -7.42e-15 -1.34e-13 -1.40e-12 -9.31e-12 -4.21e-11 -1.35e-10 -3.16e-10 -5.62e-10 -7.84e-10 -8.74e-10 -7.84e-10 -5.62e-10 -3.16e-10 -1.35e-10 -4.21e-11 -9.31e-12 -1.40e-12 -1.34e-13 -7.42e-15 -1.79e-16 0.00e+00 0.00e+00 0.00e+00 0.00e+00 0.00e+00 0.00e+00 0.00e+00 0.00e+00 0.00e+00 0.00e+00 0.00e+00 0.00e+00 0.00e+00 0.00e+00 0.00e+00 0.00e+00 0.00e+00 0.00e+00 0.00e+00 -0.00e+00 
-0.00e+00 0.00e+00 0.00e+00 0.00e+00 0.00e+00 0.00e+00 0.00e+00 0.00e+00 0.00e+00 0.00e+00 0.00e+00 0.00e+00 0.00e+00 0.00e+00 0.00e+00 0.00e+00 0.00e+00 0.00e+00 0.00e+00 0.00e+00 0.00e+00 -6.62e-17 -2.47e-15 -3.98e-14 -3.64e-13 -2.11e-12 -8.17e-12 -2.21e-11 -4.32e-11 -6.36e-11 -7.22e-11 -6.36e-11 -4.32e-11 -2.21e-11 -8.17e-12 -2.11e-12 -3.64e-13 -3.98e-14 -2.47e-15 -6.62e-17 0.00e+00 0.00e+00 0.00e+00 0.00e+00 0.00e+00 0.00e+00 0.00e+00 0.00e+00 0.00e+00 0.00e+00 0.00e+00 0.00e+00 0.00e+00 0.00e+00 0.00e+00 0.00e+00 0.00e+00 0.00e+00 0.00e+00 0.00e+00 -0.00e+00 
-0.00e+00 0.00e+00 0.00e+00 0.00e+00 0.00e+00 0.00e+00 0.00e+00 0.00e+00 0.00e+00 0.00e+00 0.00e+00 0.00e+00 0.00e+00 0.00e+00 0.00e+00 0.00e+00 0.00e+00 0.00e+00 0.00e+00 0.00e+00 0.00e+00 0.00e+00 -2.13e-17 -7.07e-16 -9.99e-15 -7.89e-14 -3.87e-13 -1.25e-12 -2.76e-12 -4.34e-12 -5.03e-12 -4.34e-12 -2.76e-12 -1.25e-12 -3.87e-13 -7.89e-14 -9.99e-15 -7.07e-16 -2.13e-17 0.00e+00 0.00e+00 0.00e+00 0.00e+00 0.00e+00 0.00e+00 0.00e+00 0.00e+00 0.00e+00 0.00e+00 0.00e+00 0.00e+00 0.00e+00 0.00e+00 0.00e+00 0.00e+00 0.00e+00 0.00e+00 0.00e+00 0.00e+00 0.00e+00 -0.00e+00 
-0.00e+00 0.00e+00 0.00e+00 0.00e+00 0.00e+00 0.00e+00 0.00e+00 0.00e+00 0.00e+00 0.00e+00 0.00e+00 0.00e+00 0.00e+00 0.00e+00 0.00e+00 0.00e+00 0.00e+00 0.00e+00 0.00e+00 0.00e+00 0.00e+00 0.00e+00 0.00e+00 -1.17e-17 -3.41e-16 -4.15e-15 -2.75e-14 -1.11e-13 -2.85e-13 -4.90e-13 -5.84e-13 -4.90e-13 -2.85e-13 -1.11e-13 -2.75e-14 -4.15e-15 -3.41e-16 -1.17e-17 0.00e+00 0.00e+00 0.00e+00 0.00e+00 0.00e+00 0.00e+00 0.00e+00 0.00e+00 0.00e+00 0.00e+00 0.00e+00 0.00e+00 0.00e+00 0.00e+00 0.00e+00 0.00e+00 0.00e+00 0.00e+00 0.00e+00 0.00e+00 0.00e+00 0.00e+00 -0.00e+00 
0.00e+00 -0.00e+00 -0.00e+00 -0.00e+00 -0.00e+00 -0.00e+00 -0.00e+00 -0.00e+00 -0.00e+00 -0.00e+00 -0.00e+00 -0.00e+00 -0.00e+00 -0.00e+00 -0.00e+00 -0.00e+00 -0.00e+00 -0.00e+00 -0.00e+00 -0.00e+00 -0.00e+00 -0.00e+00 -0.00e+00 1.17e-17 3.41e-16 4.15e-15 2.75e-14 1.11e-13 2.85e-13 4.90e-13 5.84e-13 4.90e-13 2.85e-13 1.11e-13 2.75e-14 4.15e-15 3.41e-16 1.17e-17 -0.00e+00 -0.00e+00 -0.00e+00 -0.00e+00 -0.00e+00 -0.00e+00 -0.00e+00 -0.00e+00 -0.00e+00 -0.00e+00 -0.00e+00 -0.00e+00 -0.00e+00 -0.00e+00 -0.00e+00 -0.00e+00 -0.00e+00 -0.00e+00 -0.00e+00 -0.00e+00 -0.00e+00 -0.00e+00 0.00e+00 
