0.00e+00 -0.00e+00 -0.00e+00 -0.00e+00 -0.00e+00 -0.00e+00 -0.00e+00 -0.00e+00 -0.00e+00 -0.00e+00 -0.00e+00 -0.00e+00 -0.00e+00 -0.00e+00 -1.01e-10 -4.05e-10 -1.01e-10 -0.00e+00 -0.00e+00 -0.00e+00 -0.00e+00 -0.00e+00 -0.00e+00 -0.00e+00 -0.00e+00 -0.00e+00 -0.00e+00 -0.00e+00 -0.00e+00 -0.00e+00 0.00e+00 
-0.00e+00 0.00e+00 0.00e+00 0.00e+00 0.00e+00 0.00e+00 0.00e+00 0.00e+00 0.00e+00 0.00e+00 0.00e+00 0.00e+00 0.00e+00 0.00e+00 1.01e-10 4.05e-10 1.01e-10 0.00e+00 0.00e+00 0.00e+00 0.00e+00 0.00e+00 0.00e+00 0.00e+00 0.00e+00 0.00e+00 0.00e+00 0.00e+00 0.00e+00 0.00e+00 -0.00e+00 
-0.00e+00 0.00e+00 0.00e+00 0.00e+00 0.00e+00 0.00e+00 0.00e+00 0.00e+00 0.00e+00 0.00e+00 0.00e+00 0.00e+00 0.00e+00 6.55e-10 5.35e-09 1.09e-08 5.35e-09 6.55e-10 0.00e+00 0.00e+00 0.00e+00 0.00e+00 0.00e+00 0.00e+00 0.00e+00 0.00e+00 0.00e+00 0.00e+00 0.00e+00 0.00e+00 -0.00e+00 
-0.00e+00 0.00e+00 0.00e+00 0.00e+00 0.00e+00 0.00e+00 0.00e+00 0.00e+00 0.00e+00 0.00e+00 0.00e+00 0.00e+00 2.62e-09 3.21e-08 1.23e-07 1.79e-07 1.23e-07 3.21e-08 2.62e-09 0.00e+00 0.00e+00 0.00e+00 0.00e+00 0.00e+00 0.00e+00 0.00e+00 0.00e+00 0.00e+00 0.00e+00 0.00e+00 -0.00e+00 
-0.00e+00 0.00e+00 0.00e+00 0.00e+00 0.00e+00 0.00e+00 0.00e+00 0.00e+00 0.00e+00 0.00e+00 0.00e+00 7.21e-09 1.17e-07 6.61e-07 1.61e-06 1.98e-06 1.61e-06 6.61e-07 1.17e-07 7.21e-09 0.00e+00 0.00e+00 0.00e+00 0.00e+00 0.00e+00 0.00e+00 0.00e+00 0.00e+00 0.00e+00 0.00e+00 -0.00e+00 
-0.00e+00 0.00e+00 0.00e+00 0.00e+00 0.00e+00 0.00e+00 0.00e+00 0.00e+00 0.00e+00 0.00e+00 1.44e-08 2.93e-07 2.17e-06 7.44e-06 1.32e-05 1.51e-05 1.32e-05 7.44e-06 2.17e-06 2.93e-07 1.44e-08 0.00e+00 0.00e+00 0.00e+00 0.00e+00 0.00e+00 0.00e+00 0.00e+00 0.00e+00 0.00e+00 -0.00e+00 
-0.00e+00 0.00e+00 0.00e+00 0.00e+00 0.00e+00 0.00e+00 0.00e+00 0.00e+00 0.00e+00 2.16e-08 5.26e-07 4.83e-06 2.13e-05 4.93e-05 6.95e-05 7.82e-05 6.95e-05 4.93e-05 2.13e-05 4.83e-06 5.26e-07 2.16e-08 0.00e+00 0.00e+00 0.00e+00 0.00e+00 0.00e+00 0.00e+00 0.00e+00 0.00e+00 -0.00e+00 
-0.00e+00 0.00e+00 0.00e+00 0.00e+00 0.00e+00 0.00e+00 0.00e+00 0.00e+00 2.47e-08 6.98e-07 7.65e-06 4.13e-05 1.18e-04 1.94e-04 2.35e-04 2.58e-04 2.35e-04 1.94e-04 1.18e-04 4.13e-05 7.65e-06 6.98e-07 2.47e-08 0.00e+00 0.00e+00 0.00e+00 0.00e+00 0.00e+00 0.00e+00 0.00e+00 -0.00e+00 
-0.00e+00 0.00e+00 0.00e+00 0.00e+00 0.00e+00 0.00e+00 0.00e+00 2.16e-08 6.95e-07 8.83e-06 5.64e-05 1.92e-04 3.60e-04 4.28e-04 4.81e-04 4.90e-04 4.81e-04 4.28e-04 3.60e-04 1.92e-04 5.64e-05 8.83e-06 6.95e-07 2.16e-08 0.00e+00 0.00e+00 0.00e+00 0.00e+00 0.00e+00 0.00e+00 -0.00e+00 
-0.00e+00 0.00e+00 0.00e+00 0.00e+00 0.00e+00 0.00e+00 1.44e-08 5.18e-07 7.47e-06 5.50e-05 2.19e-04 4.63e-04 5.21e-04 4.68e-04 5.07e-04 4.41e-04 5.07e-04 4.68e-04 5.21e-04 4.63e-04 2.19e-04 5.50e-05 7.47e-06 5.18e-07 1.44e-08 0.00e+00 0.00e+00 0.00e+00 0.00e+00 0.00e+00 -0.00e+00 
-0.00e+00 0.00e+00 0.00e+00 0.00e+00 0.00e+00 7.21e-09 2.86e-07 4.59e-06 3.82e-05 1.74e-04 4.18e-04 4.60e-04 2.22e-04 2.45e-04 1.81e-04 1.90e-04 1.81e-04 2.45e-04 2.22e-04 4.60e-04 4.18e-04 1.74e-04 3.82e-05 4.59e-06 2.86e-07 7.21e-09 0.00e+00 0.00e+00 0.00e+00 0.00e+00 -0.00e+00 
-0.00e+00 0.00e+00 0.00e+00 0.00e+00 2.62e-09 1.13e-07 1.99e-06 1.85e-05 9.53e-05 2.62e-04 3.20e-04 8.22e-05 8.53e-05 2.43e-04 1.48e-04 3.54e-04 1.48e-04 2.43e-04 8.53e-05 8.22e-05 3.20e-04 2.62e-04 9.53e-05 1.85e-05 1.99e-06 1.13e-07 2.62e-09 0.00e+00 0.00e+00 0.00e+00 -0.00e+00 
-0.00e+00 0.00e+00 0.00e+00 6.55e-10 3.01e-08 5.74e-07 5.84e-06 3.38e-05 1.09e-04 1.78e-04 1.25e-04 1.49e-04 3.06e-04 2.17e-04 4.34e-04 4.24e-04 4.34e-04 2.17e-04 3.06e-04 1.49e-04 1.25e-04 1.78e-04 1.09e-04 3.38e-05 5.84e-06 5.74e-07 3.01e-08 6.55e-10 0.00e+00 0.00e+00 -0.00e+00 
-0.00e+00 0.00e+00 1.01e-10 4.80e-09 9.59e-08 1.05e-06 6.77e-06 2.69e-05 6.82e-05 1.21e-04 1.60e-04 9.55e-05 6.76e-07 2.17e-04 3.68e-04 5.87e-04 3.68e-04 2.17e-04 6.76e-07 9.55e-05 1.60e-04 1.21e-04 6.82e-05 2.69e-05 6.77e-06 1.05e-06 9.59e-08 4.80e-09 1.01e-10 0.00e+00 -0.00e+00 
-1.44e-11 1.44e-11 3.19e-10 5.91e-09 6.17e-08 4.32e-07 2.41e-06 1.11e-05 3.41e-05 4.36e-05 -2.25e-05 -1.34e-05 1.93e-04 1.84e-04 4.03e-04 1.44e-03 4.03e-04 1.84e-04 1.93e-04 -1.34e-05 -2.25e-05 4.36e-05 3.41e-05 1.11e-05 2.41e-06 4.32e-07 6.17e-08 5.91e-09 3.19e-10 7.20e-12 -7.20e-12 
1.44e-11 -1.44e-11 -3.19e-10 -5.91e-09 -6.17e-08 -4.32e-07 -2.41e-06 -1.11e-05 -3.41e-05 -4.36e-05 2.25e-05 1.34e-05 -1.93e-04 -1.84e-04 -4.03e-04 -1.44e-03 -4.03e-04 -1.84e-04 -1.93e-04 1.34e-05 2.25e-05 -4.36e-05 -3.41e-05 -1.11e-05 -2.41e-06 -4.32e-07 -6.17e-08 -5.91e-09 -3.19e-10 -7.20e-12 7.20e-12 
-0.00e+00 0.00e+00 -1.01e-10 -4.80e-09 -9.59e-08 -1.05e-06 -6.77e-06 -2.69e-05 -6.82e-05 -1.21e-04 -1.60e-04 -9.55e-05 -6.76e-07 -2.17e-04 -3.68e-04 -5.87e-04 -3.68e-04 -2.17e-04 -6.76e-07 -9.55e-05 -1.60e-04 -1.21e-04 -6.82e-05 -2.69e-05 -6.77e-06 -1.05e-06 -9.59e-08 -4.80e-09 -1.01e-10 0.00e+00 -0.00e+00 
-0.00e+00 0.00e+00 0.00e+00 -6.55e-10 -3.01e-08 -5.74e-07 -5.84e-06 -3.38e-05 -1.09e-04 -1.78e-04 -1.25e-04 -1.49e-04 -3.06e-04 -2.17e-04 -4.34e-04 -4.24e-04 -4.34e-04 -2.17e-04 -3.06e-04 -1.49e-04 -1.25e-04 -1.78e-04 -1.09e-04 -3.38e-05 -5.84e-06 -5.74e-07 -3.01e-08 -6.55e-10 0.00e+00 0.00e+00 -0.00e+00 
-0.00e+00 0.00e+00 0.00e+00 0.00e+00 -2.62e-09 -1.13e-07 -1.99e-06 -1.85e-05 -9.53e-05 -2.62e-04 -3.20e-04 -8.22e-05 -8.53e-05 -2.43e-04 -1.48e-04 -3.54e-04 -1.48e-04 -2.43e-04 -8.53e-05 -8.22e-05 -3.20e-04 -2.62e-04 -9.53e-05 -1.85e-05 -1.99e-06 -1.13e-07 -2.62e-09 0.00e+00 0.00e+00 0.00e+00 -0.00e+00 
-0.00e+00 0.00e+00 0.00e+00 0.00e+00 0.00e+00 -7.21e-09 -2.86e-07 -4.59e-06 -3.82e-05 -1.74e-04 -4.18e-04 -4.60e-04 -2.22e-04 -2.45e-04 -1.81e-04 -1.90e-04 -1.81e-04 -2.45e-04 -2.22e-04 -4.60e-04 -4.18e-04 -1.74e-04 -3.82e-05 -4.59e-06 -2.86e-07 -7.21e-09 0.00e+00 0.00e+00 0.00e+00 0.00e+00 -0.00e+00 
-0.00e+00 0.00e+00 0.00e+00 0.00e+00 0.00e+00 0.00e+00 -1.44e-08 -5.18e-07 -7.47e-06 -5.50e-05 -2.19e-04 -4.63e-04 -5.21e-04 -4.68e-04 -5.07e-04 -4.41e-04 -5.07e-04 -4.68e-04 -5.21e-04 -4.63e-04 -2.19e-04 -5.50e-05 -7.47e-06 -5.18e-07 -1.44e-08 0.00e+00 0.00e+00 0.00e+00 0.00e+00 0.00e+00 -0.00e+00 
-0.00e+00 0.00e+00 0.00e+00 0.00e+00 0.00e+00 0.00e+00 0.00e+00 -2.16e-08 -6.95e-07 -8.83e-06 -5.64e-05 -1.92e-04 -3.60e-04 -4.28e-04 -4.81e-04 -4.90e-04 -4.81e-04 -4.28e-04 -3.60e-04 -1.92e-04 -5.64e-05 -8.83e-06 -6.95e-07 -2.16e-08 0.00e+00 0.00e+00 0.00e+00 0.00e+00 0.00e+00 0.00e+00 -0.00e+00 
-0.00e+00 0.00e+00 0.00e+00 0.00e+00 0.00e+00 0.00e+00 0.00e+00 0.00e+00 -2.47e-08 -6.98e-07 -7.65e-06 -4.13e-05 -1.18e-04 -1.94e-04 -2.35e-04 -2.58e-04 -2.35e-04 -1.94e-04 -1.18e-04 -4.13e-05 -7.65e-06 -6.98e-07 -2.47e-08 0.00e+00 0.00e+00 0.00e+00 0.00e+00 0.00e+00 0.00e+00 0.00e+00 -0.00e+00 
-0.00e+00 0.00e+00 0.00e+00 0.00e+00 0.00e+00 0.00e+00 0.00e+00 0.00e+00 0.00e+00 -2.16e-08 -5.26e-07 -4.83e-06 -2.13e-05 -4.93e-05 -6.95e-05 -7.82e-05 -6.95e-05 -4.93e-05 -2.13e-05 -4.83e-06 -5.26e-07 -2.16e-08 0.00e+00 0.00e+00 0.00e+00 0.00e+00 0.00e+00 0.00e+00 0.00e+00 0.00e+00 -0.00e+00 
-0.00e+00 0.00e+00 0.00e+00 0.00e+00 0.00e+00 0.00e+00 0.00e+00 0.00e+00 0.00e+00 0.00e+00 -1.44e-08 -2.93e-07 -2.17e-06 -7.44e-06 -1.32e-05 -1.51e-05 -1.32e-05 -7.44e-06 -2.17e-06 -2.93e-07 -1.44e-08 0.00e+00 0.00e+00 0.00e+00 0.00e+00 0.00e+00 0.00e+00 0.00e+00 0.00e+00 0.00e+00 -0.00e+00 
-0.00e+00 0.00e+00 0.00e+00 0.00e+00 0.00e+00 0.00e+00 0.00e+00 0.00e+00 0.00e+00 0.00e+00 0.00e+00 -7.21e-09 -1.17e-07 -6.61e-07 -1.61e-06 -1.98e-06 -1.61e-06 -6.61e-07 -1.17e-07 -7.21e-09 0.00e+00 0.00e+00 0.00e+00 0.00e+00 0.00e+00 0.00e+00 0.00e+00 0.00e+00 0.00e+00 0.00e+00 -0.00e+00 
-0.00e+00 0.00e+00 0.00e+00 0.00e+00 0.00e+00 0.00e+00 0.00e+00 0.00e+00 0.00e+00 0.00e+00 0.00e+00 0.00e+00 -2.62e-09 -3.21e-08 -1.23e-07 -1.79e-07 -1.23e-07 -3.21e-08 -2.62e-09 0.00e+00 0.00e+00 0.00e+00 0.00e+00 0.00e+00 0.00e+00 0.00e+00 0.00e+00 0.00e+00 0.00e+00 0.00e+00 -0.00e+00 
-0.00e+00 0.00e+00 0.00e+00 0.00e+00 0.00e+00 0.00e+00 0.00e+00 0.00e+00 0.00e+00 0.00e+00 0.00e+00 0.00e+00 0.00e+00 -6.55e-10 -5.35e-09 -1.09e-08 -5.35e-09 -6.55e-10 0.00e+00 0.00e+00 0.00e+00 0.00e+00 0.00e+00 0.00e+00 0.00e+00 0.00e+00 0.00e+00 0.00e+00 0.00e+00 0.00e+00 -0.00e+00 
-0.00e+00 0.00e+00 0.00e+00 0.00e+00 0.00e+00 0.00e+00 0.00e+00 0.00e+00 0.00e+00 0.00e+00 0.00e+00 0.00e+00 0.00e+00 0.00e+00 -1.01e-10 -4.12e-10 -1.01e-10 0.00e+00 0.00e+00 0.00e+00 0.00e+00 0.00e+00 0.00e+00 0.00e+00 0.00e+00 0.00e+00 0.00e+00 0.00e+00 0.00e+00 0.00e+00 -0.00e+00 
-0.00e+00 0.00e+00 0.00e+00 0.00e+00 0.00e+00 0.00e+00 0.00e+00 0.00e+00 0.00e+00 0.00e+00 0.00e+00 0.00e+00 0.00e+00 0.00e+00 0.00e+00 -1.44e-11 0.00e+00 0.00e+00 0.00e+00 0.00e+00 0.00e+00 0.00e+00 0.00e+00 0.00e+00 0.00e+00 0.00e+00 0.00e+00 0.00e+00 0.00e+00 0.00e+00 -0.00e+00 
0.00e+00 -0.00e+00 -0.00e+00 -0.00e+00 -0.00e+00 -0.00e+00 -0.00e+00 -0.00e+00 -0.00e+00 -0.00e+00 -0.00e+00 -0.00e+00 -0.00e+00 -0.00e+00 -0.00e+00 1.44e-11 -0.00e+00 -0.00e+00 -0.00e+00 -0.00e+00 -0.00e+00 -0.00e+00 -0.00e+00 -0.00e+00 -0.00e+00 -0.00e+00 -0.00e+00 -0.00e+00 -0.00e+00 -0.00e+00 0.00e+00 
