0.00e+00 -0.00e+00 -0.00e+00 -0.00e+00 -1.92e-20 -2.03e-18 -1.00e-16 -3.08e-15 -6.61e-14 -1.05e-12 -1.29e-11 -1.25e-10 -9.75e-10 -6.17e-09 -3.21e-08 -1.38e-07 -4.98e-07 -1.52e-06 -3.94e-06 -8.90e-06 -1.77e-05 -3.17e-05 -5.17e-05 -7.78e-05 -1.09e-04 -1.43e-04 -1.78e-04 -2.10e-04 -2.36e-04 -2.53e-04 -2.59e-04 -2.53e-04 -2.36e-04 -2.10e-04 -1.78e-04 -1.43e-04 -1.09e-04 -7.78e-05 -5.17e-05 -3.17e-05 -1.77e-05 -8.90e-06 -3.94e-06 -1.52e-06 -4.98e-07 -1.38e-07 -3.21e-08 -6.17e-09 -9.75e-10 -1.25e-10 -1.29e-11 -1.05e-12 -6.61e-14 -3.08e-15 -1.00e-16 -2.03e-18 -1.92e-20 -0.00e+00 -0.00e+00 -0.00e+00 0.00e+00 
-0.00e+00 0.00e+00 0.00e+00 0.00e+00 1.92e-20 2.03e-18 1.00e-16 3.08e-15 6.61e-14 1.05e-12 1.29e-11 1.25e-10 9.75e-10 6.17e-09 3.21e-08 1.38e-07 4.98e-07 1.52e-06 3.94e-06 8.90e-06 1.77e-05 3.17e-05 5.17e-05 7.78e-05 1.09e-04 1.43e-04 1.78e-04 2.10e-04 2.36e-04 2.53e-04 2.59e-04 2.53e-04 2.36e-04 2.10e-04 1.78e-04 1.43e-04 1.09e-04 7.78e-05 5.17e-05 3.17e-05 1.77e-05 8.90e-06 3.94e-06 1.52e-06 4.98e-07 1.38e-07 3.21e-08 6.17e-09 9.75e-10 1.25e-10 1.29e-11 1.05e-12 6.61e-14 3.08e-15 1.00e-16 2.03e-18 1.92e-20 0.00e+00 0.00e+00 0.00e+00 -0.00e+00 
-0.00e+00 0.00e+00 0.00e+00 1.99e-20 2.20e-18 1.14e-16 3.68e-15 8.33e-14 1.40e-12 1.82e-11 1.87e-10 1.55e-09 1.05e-08 5.82e-08 2.68e-07 1.03e-06 3.36e-06 9.33e-06 2.23e-05 4.70e-05 8.83e-05 1.50e-04 2.36e-04 3.43e-04 4.69e-04 6.04e-04 7.40e-04 8.62e-04 9.60e-04 1.02e-03 1.05e-03 1.02e-03 9.60e-04 8.62e-04 7.40e-04 6.04e-04 4.69e-04 3.43e-04 2.36e-04 1.50e-04 8.83e-05 4.70e-05 2.23e-05 9.33e-06 3.36e-06 1.03e-06 2.68e-07 5.82e-08 1.05e-08 1.55e-09 1.87e-10 1.82e-11 1.40e-12 8.33e-14 3.68e-15 1.14e-16 2.20e-18 1.99e-20 0.00e+00 0.00e+00 -0.00e+00 
-0.00e+00 0.00e+00 1.92e-20 2.20e-18 1.18e-16 3.97e-15 9.36e-14 1.64e-12 2.23e-11 2.40e-10 2.08e-09 1.47e-08 8.57e-08 4.15e-07 1.68e-06 5.71e-06 1.65e-05 4.11e-05 8.94e-05 1.73e-04 3.02e-04 4.85e-04 7.23e-04 1.01e-03 1.34e-03 1.68e-03 2.02e-03 2.31e-03 2.55e-03 2.70e-03 2.75e-03 2.70e-03 2.55e-03 2.31e-03 2.02e-03 1.68e-03 1.34e-03 1.01e-03 7.23e-04 4.85e-04 3.02e-04 1.73e-04 8.94e-05 4.11e-05 1.65e-05 5.71e-06 1.68e-06 4.15e-07 8.57e-08 1.47e-08 2.08e-09 2.40e-10 2.23e-11 1.64e-12 9.36e-14 3.97e-15 1.18e-16 2.20e-18 1.92e-20 0.00e+00 -0.00e+00 
-3.45e-20 3.45e-20 2.04e-18 1.14e-16 3.97e-15 9.72e-14 1.77e-12 2.51e-11 2.82e-10 2.55e-09 1.89e-08 1.15e-07 5.85e-07 2.47e-06 8.80e-06 2.65e-05 6.84e-05 1.53e-04 3.04e-04 5.42e-04 8.87e-04 1.35e-03 1.92e-03 2.59e-03 3.32e-03 4.07e-03 4.79e-03 5.42e-03 5.92e-03 6.23e-03 6.34e-03 6.23e-03 5.92e-03 5.42e-03 4.79e-03 4.07e-03 3.32e-03 2.59e-03 1.92e-03 1.35e-03 8.87e-04 5.42e-04 3.04e-04 1.53e-04 6.84e-05 2.65e-05 8.80e-06 2.47e-06 5.85e-07 1.15e-07 1.89e-08 2.55e-09 2.82e-10 2.51e-11 1.77e-12 9.72e-14 3.97e-15 1.14e-16 2.04e-18 1.72e-20 -1.72e-20 
-3.52e-18 3.52e-18 1.02e-16 3.67e-15 9.33e-14 1.77e-12 2.61e-11 3.05e-10 2.88e-09 2.23e-08 1.42e-07 7.54e-07 3.34e-06 1.24e-05 3.88e-05 1.04e-04 2.40e-04 4.86e-04 8.85e-04 1.47e-03 2.27e-03 3.28e-03 4.50e-03 5.87e-03 7.34e-03 8.82e-03 1.02e-02 1.14e-02 1.24e-02 1.30e-02 1.32e-02 1.30e-02 1.24e-02 1.14e-02 1.02e-02 8.82e-03 7.34e-03 5.87e-03 4.50e-03 3.28e-03 2.27e-03 1.47e-03 8.85e-04 4.86e-04 2.40e-04 1.04e-04 3.88e-05 1.24e-05 3.34e-06 7.54e-07 1.42e-07 2.23e-08 2.88e-09 3.05e-10 2.61e-11 1.77e-12 9.33e-14 3.67e-15 1.02e-16 1.75e-18 -1.75e-18 
-1.68e-16 1.68e-16 3.14e-15 8.28e-14 1.63e-12 2.50e-11 3.04e-10 2.99e-09 2.42e-08 1.61e-07 8.91e-07 4.11e-06 1.59e-05 5.20e-05 1.44e-04 3.43e-04 7.12e-04 1.32e-03 2.22e-03 3.48e-03 5.11e-03 7.11e-03 9.43e-03 1.20e-02 1.47e-02 1.74e-02 1.98e-02 2.20e-02 2.36e-02 2.46e-02 2.50e-02 2.46e-02 2.36e-02 2.20e-02 1.98e-02 1.74e-02 1.47e-02 1.20e-02 9.43e-03 7.11e-03 5.11e-03 3.48e-03 2.22e-03 1.32e-03 7.12e-04 3.43e-04 1.44e-04 5.20e-05 1.59e-05 4.11e-06 8.91e-07 1.61e-07 2.42e-08 2.99e-09 3.04e-10 2.50e-11 1.63e-12 8.28e-14 3.14e-15 8.26e-17 -8.26e-17 
-4.98e-15 4.98e-15 6.80e-14 1.39e-12 2.20e-11 2.79e-10 2.86e-09 2.40e-08 1.67e-07 9.64e-07 4.65e-06 1.88e-05 6.37e-05 1.83e-04 4.49e-04 9.56e-04 1.80e-03 3.09e-03 4.89e-03 7.29e-03 1.03e-02 1.39e-02 1.80e-02 2.24e-02 2.70e-02 3.14e-02 3.54e-02 3.88e-02 4.14e-02 4.31e-02 4.36e-02 4.31e-02 4.14e-02 3.88e-02 3.54e-02 3.14e-02 2.70e-02 2.24e-02 1.80e-02 1.39e-02 1.03e-02 7.29e-03 4.89e-03 3.09e-03 1.80e-03 9.56e-04 4.49e-04 1.83e-04 6.37e-05 1.88e-05 4.65e-06 9.64e-07 1.67e-07 2.40e-08 2.86e-09 2.79e-10 2.20e-11 1.39e-12 6.79e-14 2.43e-15 -2.43e-15 
-1.03e-13 1.03e-13 1.09e-12 1.79e-11 2.35e-10 2.51e-09 2.19e-08 1.59e-07 9.56e-07 4.80e-06 2.02e-05 7.15e-05 2.13e-04 5.40e-04 1.18e-03 2.27e-03 3.95e-03 6.36e-03 9.62e-03 1.38e-02 1.90e-02 2.50e-02 3.17e-02 3.87e-02 4.57e-02 5.24e-02 5.85e-02 6.35e-02 6.73e-02 6.96e-02 7.04e-02 6.96e-02 6.73e-02 6.35e-02 5.85e-02 5.24e-02 4.57e-02 3.87e-02 3.17e-02 2.50e-02 1.90e-02 1.38e-02 9.62e-03 6.36e-03 3.95e-03 2.27e-03 1.18e-03 5.40e-04 2.13e-04 7.15e-05 2.02e-05 4.80e-06 9.56e-07 1.59e-07 2.19e-08 2.51e-09 2.35e-10 1.79e-11 1.09e-12 4.96e-14 -4.96e-14 
-1.57e-12 1.57e-12 1.34e-11 1.83e-10 2.02e-09 1.84e-08 1.38e-07 8.68e-07 4.55e-06 2.00e-05 7.35e-05 2.28e-04 5.98e-04 1.35e-03 2.65e-03 4.69e-03 7.67e-03 1.18e-02 1.73e-02 2.42e-02 3.24e-02 4.17e-02 5.17e-02 6.19e-02 7.18e-02 8.10e-02 8.91e-02 9.57e-02 1.01e-01 1.04e-01 1.05e-01 1.04e-01 1.01e-01 9.57e-02 8.91e-02 8.10e-02 7.18e-02 6.19e-02 5.17e-02 4.17e-02 3.24e-02 2.42e-02 1.73e-02 1.18e-02 7.67e-03 4.69e-03 2.65e-03 1.35e-03 5.98e-04 2.28e-04 7.35e-05 2.00e-05 4.55e-06 8.68e-07 1.38e-07 1.84e-08 2.02e-09 1.83e-10 1.34e-11 7.50e-13 -7.50e-13 
-1.85e-11 1.85e-11 1.31e-10 1.50e-09 1.41e-08 1.11e-07 7.23e-07 3.95e-06 1.81e-05 6.93e-05 2.24e-04 6.10e-04 1.42e-03 2.86e-03 5.18e-03 8.63e-03 1.36e-02 2.03e-02 2.90e-02 3.95e-02 5.15e-02 6.46e-02 7.81e-02 9.14e-02 1.04e-01 1.15e-01 1.25e-01 1.33e-01 1.38e-01 1.42e-01 1.43e-01 1.42e-01 1.38e-01 1.33e-01 1.25e-01 1.15e-01 1.04e-01 9.14e-02 7.81e-02 6.46e-02 5.15e-02 3.95e-02 2.90e-02 2.03e-02 1.36e-02 8.63e-03 5.18e-03 2.86e-03 1.42e-03 6.10e-04 2.24e-04 6.93e-05 1.81e-05 3.95e-06 7.23e-07 1.11e-07 1.41e-08 1.50e-09 1.30e-10 8.71e-12 -8.71e-12 
-1.71e-10 1.71e-10 1.02e-09 9.95e-09 8.10e-08 5.50e-07 3.13e-06 1.49e-05 5.99e-05 2.02e-04 5.72e-04 1.38e-03 2.88e-03 5.34e-03 9.11e-03 1.47e-02 2.25e-02 3.27e-02 4.53e-02 5.99e-02 7.59e-02 9.25e-02 1.09e-01 1.25e-01 1.39e-01 1.51e-01 1.61e-01 1.69e-01 1.74e-01 1.78e-01 1.79e-01 1.78e-01 1.74e-01 1.69e-01 1.61e-01 1.51e-01 1.39e-01 1.25e-01 1.09e-01 9.25e-02 7.59e-02 5.99e-02 4.53e-02 3.27e-02 2.25e-02 1.47e-02 9.11e-03 5.34e-03 2.88e-03 1.38e-03 5.72e-04 2.02e-04 5.99e-05 1.49e-05 3.13e-06 5.50e-07 8.10e-08 9.95e-09 1.01e-09 7.95e-11 -7.95e-11 
-1.26e-09 1.26e-09 6.46e-09 5.42e-08 3.83e-07 2.27e-06 1.13e-05 4.74e-05 1.67e-04 4.94e-04 1.24e-03 2.69e-03 5.15e-03 9.03e-03 1.49e-02 2.35e-02 3.49e-02 4.92e-02 6.59e-02 8.43e-02 1.03e-01 1.22e-01 1.40e-01 1.56e-01 1.70e-01 1.82e-01 1.91e-01 1.98e-01 2.02e-01 2.05e-01 2.06e-01 2.05e-01 2.02e-01 1.98e-01 1.91e-01 1.82e-01 1.70e-01 1.56e-01 1.40e-01 1.22e-01 1.03e-01 8.43e-02 6.59e-02 4.92e-02 3.49e-02 2.35e-02 1.49e-02 9.03e-03 5.15e-03 2.69e-03 1.24e-03 4.94e-04 1.67e-04 4.74e-05 1.13e-05 2.27e-06 3.83e-07 5.42e-08 6.41e-09 5.79e-10 -5.79e-10 
-7.54e-09 7.54e-09 3.35e-08 2.44e-07 1.51e-06 7.83e-06 3.43e-05 1.26e-04 3.92e-04 1.03e-03 2.34e-03 4.65e-03 8.42e-03 1.43e-02 2.31e-02 3.52e-02 5.05e-02 6.87e-02 8.89e-02 1.10e-01 1.31e-01 1.50e-01 1.67e-01 1.82e-01 1.93e-01 2.02e-01 2.09e-01 2.14e-01 2.17e-01 2.19e-01 2.19e-01 2.19e-01 2.17e-01 2.14e-01 2.09e-01 2.02e-01 1.93e-01 1.82e-01 1.67e-01 1.50e-01 1.31e-01 1.10e-01 8.89e-02 6.87e-02 5.05e-02 3.52e-02 2.31e-02 1.43e-02 8.42e-03 4.65e-03 2.34e-03 1.03e-03 3.92e-04 1.26e-04 3.43e-05 7.83e-06 1.51e-06 2.44e-07 3.31e-08 3.41e-09 -3.41e-09 
-3.69e-08 3.69e-08 1.43e-07 9.09e-07 4.94e-06 2.26e-05 8.76e-05 2.86e-04 7.93e-04 1.89e-03 3.92e-03 7.38e-03 1.29e-02 2.15e-02 3.36e-02 4.93e-02 6.81e-02 8.95e-02 1.12e-01 1.34e-01 1.54e-01 1.71e-01 1.85e-01 1.96e-01 2.04e-01 2.09e-01 2.13e-01 2.15e-01 2.17e-01 2.17e-01 2.18e-01 2.17e-01 2.17e-01 2.15e-01 2.13e-01 2.09e-01 2.04e-01 1.96e-01 1.85e-01 1.71e-01 1.54e-01 1.34e-01 1.12e-01 8.95e-02 6.81e-02 4.93e-02 3.36e-02 2.15e-02 1.29e-02 7.38e-03 3.92e-03 1.89e-03 7.93e-04 2.86e-04 8.76e-05 2.26e-05 4.94e-06 9.09e-07 1.41e-07 1.64e-08 -1.64e-08 
-1.49e-07 1.49e-07 5.09e-07 2.84e-06 1.36e-05 5.55e-05 1.91e-04 5.61e-04 1.41e-03 3.09e-03 6.07e-03 1.10e-02 1.88e-02 3.03e-02 4.56e-02 6.45e-02 8.62e-02 1.09e-01 1.32e-01 1.52e-01 1.69e-01 1.82e-01 1.92e-01 1.98e-01 2.02e-01 2.04e-01 2.05e-01 2.05e-01 2.05e-01 2.05e-01 2.05e-01 2.05e-01 2.05e-01 2.05e-01 2.05e-01 2.04e-01 2.02e-01 1.98e-01 1.92e-01 1.82e-01 1.69e-01 1.52e-01 1.32e-01 1.09e-01 8.62e-02 6.45e-02 4.56e-02 3.03e-02 1.88e-02 1.10e-02 6.07e-03 3.09e-03 1.41e-03 5.61e-04 1.91e-04 5.55e-05 1.36e-05 2.84e-06 4.98e-07 6.50e-08 -6.50e-08 
-4.98e-07 4.98e-07 1.52e-06 7.48e-06 3.21e-05 1.17e-04 3.64e-04 9.71e-04 2.25e-03 4.66e-03 8.81e-03 1.56e-02 2.58e-02 4.01e-02 5.82e-02 7.96e-02 1.03e-01 1.25e-01 1.46e-01 1.62e-01 1.75e-01 1.83e-01 1.88e-01 1.90e-01 1.91e-01 1.90e-01 1.90e-01 1.90e-01 1.89e-01 1.89e-01 1.89e-01 1.89e-01 1.89e-01 1.90e-01 1.90e-01 1.90e-01 1.91e-01 1.90e-01 1.88e-01 1.83e-01 1.75e-01 1.62e-01 1.46e-01 1.25e-01 1.03e-01 7.96e-02 5.82e-02 4.01e-02 2.58e-02 1.56e-02 8.81e-03 4.66e-03 2.25e-03 9.71e-04 3.64e-04 1.17e-04 3.21e-05 7.47e-06 1.48e-06 2.13e-07 -2.13e-07 
-1.40e-06 1.40e-06 3.82e-06 1.68e-05 6.51e-05 2.16e-04 6.14e-04 1.52e-03 3.33e-03 6.59e-03 1.21e-02 2.08e-02 3.33e-02 5.00e-02 7.03e-02 9.27e-02 1.15e-01 1.35e-01 1.52e-01 1.64e-01 1.71e-01 1.75e-01 1.76e-01 1.76e-01 1.75e-01 1.74e-01 1.74e-01 1.74e-01 1.74e-01 1.74e-01 1.75e-01 1.74e-01 1.74e-01 1.74e-01 1.74e-01 1.74e-01 1.75e-01 1.76e-01 1.76e-01 1.75e-01 1.71e-01 1.64e-01 1.52e-01 1.35e-01 1.15e-01 9.27e-02 7.03e-02 5.00e-02 3.33e-02 2.08e-02 1.21e-02 6.59e-03 3.33e-03 1.52e-03 6.14e-04 2.16e-04 6.51e-05 1.68e-05 3.70e-06 5.87e-07 -5.87e-07 
-3.33e-06 3.33e-06 8.29e-06 3.29e-05 1.16e-04 3.55e-04 9.41e-04 2.19e-03 4.59e-03 8.80e-03 1.57e-02 2.62e-02 4.08e-02 5.92e-02 8.03e-02 1.02e-01 1.23e-01 1.39e-01 1.51e-01 1.58e-01 1.61e-01 1.62e-01 1.61e-01 1.60e-01 1.59e-01 1.60e-01 1.61e-01 1.63e-01 1.64e-01 1.65e-01 1.66e-01 1.65e-01 1.64e-01 1.63e-01 1.61e-01 1.60e-01 1.59e-01 1.60e-01 1.61e-01 1.62e-01 1.61e-01 1.58e-01 1.51e-01 1.39e-01 1.23e-01 1.02e-01 8.03e-02 5.92e-02 4.08e-02 2.62e-02 1.57e-02 8.80e-03 4.59e-03 2.19e-03 9.41e-04 3.55e-04 1.16e-04 3.29e-05 7.95e-06 1.37e-06 -1.37e-06 
-6.84e-06 6.84e-06 1.57e-05 5.70e-05 1.86e-04 5.31e-04 1.33e-03 2.96e-03 5.97e-03 1.11e-02 1.93e-02 3.14e-02 4.74e-02 6.65e-02 8.73e-02 1.07e-01 1.24e-01 1.37e-01 1.44e-01 1.47e-01 1.47e-01 1.46e-01 1.46e-01 1.46e-01 1.47e-01 1.50e-01 1.53e-01 1.57e-01 1.61e-01 1.63e-01 1.64e-01 1.63e-01 1.61e-01 1.57e-01 1.53e-01 1.50e-01 1.47e-01 1.46e-01 1.46e-01 1.46e-01 1.47e-01 1.47e-01 1.44e-01 1.37e-01 1.24e-01 1.07e-01 8.73e-02 6.65e-02 4.74e-02 3.14e-02 1.93e-02 1.11e-02 5.97e-03 2.96e-03 1.33e-03 5.31e-04 1.86e-04 5.68e-05 1.49e-05 2.75e-06 -2.75e-06 
-1.23e-05 1.23e-05 2.63e-05 8.84e-05 2.71e-04 7.31e-04 1.75e-03 3.74e-03 7.35e-03 1.34e-02 2.26e-02 3.57e-02 5.23e-02 7.13e-02 9.06e-02 1.08e-01 1.21e-01 1.29e-01 1.33e-01 1.33e-01 1.32e-01 1.32e-01 1.32e-01 1.34e-01 1.39e-01 1.44e-01 1.51e-01 1.57e-01 1.63e-01 1.67e-01 1.68e-01 1.67e-01 1.63e-01 1.57e-01 1.51e-01 1.44e-01 1.39e-01 1.34e-01 1.32e-01 1.32e-01 1.32e-01 1.33e-01 1.33e-01 1.29e-01 1.21e-01 1.08e-01 9.06e-02 7.13e-02 5.23e-02 3.57e-02 2.26e-02 1.34e-02 7.35e-03 3.74e-03 1.75e-03 7.31e-04 2.71e-04 8.81e-05 2.47e-05 4.84e-06 -4.84e-06 
-1.96e-05 1.96e-05 3.96e-05 1.25e-04 3.63e-04 9.35e-04 2.15e-03 4.48e-03 8.57e-03 1.52e-02 2.52e-02 3.87e-02 5.52e-02 7.30e-02 9.01e-02 1.04e-01 1.14e-01 1.18e-01 1.19e-01 1.19e-01 1.18e-01 1.18e-01 1.21e-01 1.26e-01 1.33e-01 1.42e-01 1.52e-01 1.62e-01 1.71e-01 1.77e-01 1.79e-01 1.77e-01 1.71e-01 1.62e-01 1.52e-01 1.42e-01 1.33e-01 1.26e-01 1.21e-01 1.18e-01 1.18e-01 1.19e-01 1.19e-01 1.18e-01 1.14e-01 1.04e-01 9.01e-02 7.30e-02 5.52e-02 3.87e-02 2.52e-02 1.52e-02 8.57e-03 4.48e-03 2.15e-03 9.35e-04 3.63e-04 1.24e-04 3.69e-05 7.56e-06 -7.56e-06 
-2.81e-05 2.81e-05 5.42e-05 1.62e-04 4.50e-04 1.12e-03 2.49e-03 5.06e-03 9.49e-03 1.65e-02 2.67e-02 4.01e-02 5.56e-02 7.17e-02 8.61e-02 9.69e-02 1.03e-01 1.05e-01 1.05e-01 1.04e-01 1.04e-01 1.07e-01 1.12e-01 1.20e-01 1.30e-01 1.43e-01 1.57e-01 1.71e-01 1.84e-01 1.93e-01 1.96e-01 1.93e-01 1.84e-01 1.71e-01 1.57e-01 1.43e-01 1.30e-01 1.20e-01 1.12e-01 1.07e-01 1.04e-01 1.04e-01 1.05e-01 1.05e-01 1.03e-01 9.69e-02 8.61e-02 7.17e-02 5.56e-02 4.01e-02 2.67e-02 1.65e-02 9.49e-03 5.06e-03 2.49e-03 1.12e-03 4.50e-04 1.61e-04 5.01e-05 1.07e-05 -1.07e-05 
-3.65e-05 3.65e-05 6.77e-05 1.93e-04 5.19e-04 1.25e-03 2.72e-03 5.41e-03 9.96e-03 1.70e-02 2.69e-02 3.95e-02 5.36e-02 6.75e-02 7.91e-02 8.69e-02 9.08e-02 9.15e-02 9.07e-02 9.03e-02 9.18e-02 9.59e-02 1.03e-01 1.14e-01 1.27e-01 1.44e-01 1.63e-01 1.83e-01 2.02e-01 2.15e-01 2.21e-01 2.15e-01 2.02e-01 1.83e-01 1.63e-01 1.44e-01 1.27e-01 1.14e-01 1.03e-01 9.59e-02 9.18e-02 9.03e-02 9.07e-02 9.15e-02 9.08e-02 8.69e-02 7.91e-02 6.75e-02 5.36e-02 3.95e-02 2.69e-02 1.70e-02 9.96e-03 5.41e-03 2.72e-03 1.25e-03 5.19e-04 1.92e-04 6.21e-05 1.36e-05 -1.36e-05 
-4.31e-05 4.31e-05 7.75e-05 2.13e-04 5.56e-04 1.31e-03 2.79e-03 5.45e-03 9.87e-03 1.66e-02 2.58e-02 3.71e-02 4.93e-02 6.08e-02 6.98e-02 7.53e-02 7.74e-02 7.72e-02 7.65e-02 7.70e-02 7.97e-02 8.54e-02 9.44e-02 1.07e-01 1.24e-01 1.45e-01 1.70e-01 1.98e-01 2.25e-01 2.48e-01 2.57e-01 2.48e-01 2.25e-01 1.98e-01 1.70e-01 1.45e-01 1.24e-01 1.07e-01 9.44e-02 8.54e-02 7.97e-02 7.70e-02 7.65e-02 7.72e-02 7.74e-02 7.53e-02 6.98e-02 6.08e-02 4.93e-02 3.71e-02 2.58e-02 1.66e-02 9.87e-03 5.45e-03 2.79e-03 1.31e-03 5.56e-04 2.12e-04 7.05e-05 1.58e-05 -1.58e-05 
-4.61e-05 4.61e-05 8.09e-05 2.16e-04 5.51e-04 1.27e-03 2.67e-03 5.14e-03 9.18e-03 1.52e-02 2.33e-02 3.29e-02 4.30e-02 5.21e-02 5.88e-02 6.24e-02 6.34e-02 6.30e-02 6.27e-02 6.38e-02 6.74e-02 7.39e-02 8.38e-02 9.79e-02 1.17e-01 1.42e-01 1.74e-01 2.13e-01 2.56e-01 2.94e-01 3.11e-01 2.94e-01 2.56e-01 2.13e-01 1.74e-01 1.42e-01 1.17e-01 9.79e-02 8.38e-02 7.39e-02 6.74e-02 6.38e-02 6.27e-02 6.30e-02 6.34e-02 6.24e-02 5.88e-02 5.21e-02 4.30e-02 3.29e-02 2.33e-02 1.52e-02 9.18e-03 5.14e-03 2.67e-03 1.27e-03 5.51e-04 2.14e-04 7.31e-05 1.67e-05 -1.67e-05 
-4.41e-05 4.41e-05 7.61e-05 1.99e-04 4.98e-04 1.13e-03 2.34e-03 4.47e-03 7.89e-03 1.29e-02 1.95e-02 2.73e-02 3.51e-02 4.19e-02 4.66e-02 4.90e-02 4.94e-02 4.89e-02 4.89e-02 5.05e-02 5.43e-02 6.08e-02 7.08e-02 8.49e-02 1.05e-01 1.33e-01 1.72e-01 2.24e-01 2.91e-01 3.61e-01 4.01e-01 3.61e-01 2.91e-01 2.24e-01 1.72e-01 1.33e-01 1.05e-01 8.49e-02 7.08e-02 6.08e-02 5.43e-02 5.05e-02 4.89e-02 4.89e-02 4.94e-02 4.90e-02 4.66e-02 4.19e-02 3.51e-02 2.73e-02 1.95e-02 1.29e-02 7.89e-03 4.47e-03 2.34e-03 1.13e-03 4.97e-04 1.97e-04 6.84e-05 1.59e-05 -1.59e-05 
-3.67e-05 3.67e-05 6.25e-05 1.60e-04 3.97e-04 8.92e-04 1.83e-03 3.46e-03 6.06e-03 9.84e-03 1.47e-02 2.04e-02 2.59e-02 3.06e-02 3.38e-02 3.51e-02 3.52e-02 3.49e-02 3.52e-02 3.67e-02 4.01e-02 4.57e-02 5.42e-02 6.69e-02 8.54e-02 1.13e-01 1.56e-01 2.23e-01 3.24e-01 4.59e-01 5.70e-01 4.59e-01 3.24e-01 2.23e-01 1.56e-01 1.13e-01 8.54e-02 6.69e-02 5.42e-02 4.57e-02 4.01e-02 3.67e-02 3.52e-02 3.49e-02 3.52e-02 3.51e-02 3.38e-02 3.06e-02 2.59e-02 2.04e-02 1.47e-02 9.84e-03 6.06e-03 3.46e-03 1.83e-03 8.92e-04 3.96e-04 1.59e-04 5.59e-05 1.31e-05 -1.31e-05 
-2.43e-05 2.43e-05 4.11e-05 1.04e-04 2.56e-04 5.71e-04 1.17e-03 2.19e-03 3.82e-03 6.15e-03 9.16e-03 1.26e-02 1.59e-02 1.87e-02 2.04e-02 2.11e-02 2.12e-02 2.10e-02 2.12e-02 2.23e-02 2.46e-02 2.85e-02 3.44e-02 4.32e-02 5.70e-02 7.91e-02 1.17e-01 1.87e-01 3.22e-01 5.81e-01 9.63e-01 5.81e-01 3.22e-01 1.87e-01 1.17e-01 7.91e-02 5.70e-02 4.32e-02 3.44e-02 2.85e-02 2.46e-02 2.23e-02 2.12e-02 2.10e-02 2.12e-02 2.11e-02 2.04e-02 1.87e-02 1.59e-02 1.26e-02 9.16e-03 6.15e-03 3.82e-03 2.19e-03 1.17e-03 5.71e-04 2.56e-04 1.03e-04 3.67e-05 8.66e-06 -8.66e-06 
-8.53e-06 8.53e-06 1.43e-05 3.62e-05 8.84e-05 1.97e-04 4.00e-04 7.50e-04 1.30e-03 2.09e-03 3.11e-03 4.25e-03 5.35e-03 6.26e-03 6.85e-03 7.06e-03 7.00e-03 6.98e-03 7.14e-03 7.51e-03 8.33e-03 9.71e-03 1.18e-02 1.50e-02 2.02e-02 2.91e-02 4.65e-02 8.62e-02 1.98e-01 5.80e-01 2.12e+00 5.80e-01 1.98e-01 8.62e-02 4.65e-02 2.91e-02 2.02e-02 1.50e-02 1.18e-02 9.71e-03 8.33e-03 7.51e-03 7.14e-03 6.98e-03 7.00e-03 7.06e-03 6.85e-03 6.26e-03 5.35e-03 4.25e-03 3.11e-03 2.09e-03 1.30e-03 7.50e-04 4.00e-04 1.97e-04 8.83e-05 3.58e-05 1.28e-05 3.03e-06 -3.03e-06 
8.53e-06 -8.53e-06 -1.43e-05 -3.62e-05 -8.84e-05 -1.97e-04 -4.00e-04 -7.50e-04 -1.30e-03 -2.09e-03 -3.11e-03 -4.25e-03 -5.35e-03 -6.26e-03 -6.85e-03 -7.06e-03 -7.00e-03 -6.98e-03 -7.14e-03 -7.51e-03 -8.33e-03 -9.71e-03 -1.18e-02 -1.50e-02 -2.02e-02 -2.91e-02 -4.65e-02 -8.62e-02 -1.98e-01 -5.80e-01 -2.12e+00 -5.80e-01 -1.98e-01 -8.62e-02 -4.65e-02 -2.91e-02 -2.02e-02 -1.50e-02 -1.18e-02 -9.71e-03 -8.33e-03 -7.51e-03 -7.14e-03 -6.98e-03 -7.00e-03 -7.06e-03 -6.85e-03 -6.26e-03 -5.35e-03 -4.25e-03 -3.11e-03 -2.09e-03 -1.30e-03 -7.50e-04 -4.00e-04 -1.97e-04 -8.83e-05 -3.58e-05 -1.28e-05 -3.03e-06 3.03e-06 
2.43e-05 -2.43e-05 -4.11e-05 -1.04e-04 -2.56e-04 -5.71e-04 -1.17e-03 -2.19e-03 -3.82e-03 -6.15e-03 -9.16e-03 -1.26e-02 -1.59e-02 -1.87e-02 -2.04e-02 -2.11e-02 -2.12e-02 -2.10e-02 -2.12e-02 -2.23e-02 -2.46e-02 -2.85e-02 -3.44e-02 -4.32e-02 -5.70e-02 -7.91e-02 -1.17e-01 -1.87e-01 -3.22e-01 -5.81e-01 -9.63e-01 -5.81e-01 -3.22e-01 -1.87e-01 -1.17e-01 -7.91e-02 -5.70e-02 -4.32e-02 -3.44e-02 -2.85e-02 -2.46e-02 -2.23e-02 -2.12e-02 -2.10e-02 -2.12e-02 -2.11e-02 -2.04e-02 -1.87e-02 -1.59e-02 -1.26e-02 -9.16e-03 -6.15e-03 -3.82e-03 -2.19e-03 -1.17e-03 -5.71e-04 -2.56e-04 -1.03e-04 -3.67e-05 -8.66e-06 8.66e-06 
3.67e-05 -3.67e-05 -6.25e-05 -1.60e-04 -3.97e-04 -8.92e-04 -1.83e-03 -3.46e-03 -6.06e-03 -9.84e-03 -1.47e-02 -2.04e-02 -2.59e-02 -3.06e-02 -3.38e-02 -3.51e-02 -3.52e-02 -3.49e-02 -3.52e-02 -3.67e-02 -4.01e-02 -4.57e-02 -5.42e-02 -6.69e-02 -8.54e-02 -1.13e-01 -1.56e-01 -2.23e-01 -3.24e-01 -4.59e-01 -5.70e-01 -4.59e-01 -3.24e-01 -2.23e-01 -1.56e-01 -1.13e-01 -8.54e-02 -6.69e-02 -5.42e-02 -4.57e-02 -4.01e-02 -3.67e-02 -3.52e-02 -3.49e-02 -3.52e-02 -3.51e-02 -3.38e-02 -3.06e-02 -2.59e-02 -2.04e-02 -1.47e-02 -9.84e-03 -6.06e-03 -3.46e-03 -1.83e-03 -8.92e-04 -3.96e-04 -1.59e-04 -5.59e-05 -1.31e-05 1.31e-05 
4.41e-05 -4.41e-05 -7.61e-05 -1.99e-04 -4.98e-04 -1.13e-03 -2.34e-03 -4.47e-03 -7.89e-03 -1.29e-02 -1.95e-02 -2.73e-02 -3.51e-02 -4.19e-02 -4.66e-02 -4.90e-02 -4.94e-02 -4.89e-02 -4.89e-02 -5.05e-02 -5.43e-02 -6.08e-02 -7.08e-02 -8.49e-02 -1.05e-01 -1.33e-01 -1.72e-01 -2.24e-01 -2.91e-01 -3.61e-01 -4.01e-01 -3.61e-01 -2.91e-01 -2.24e-01 -1.72e-01 -1.33e-01 -1.05e-01 -8.49e-02 -7.08e-02 -6.08e-02 -5.43e-02 -5.05e-02 -4.89e-02 -4.89e-02 -4.94e-02 -4.90e-02 -4.66e-02 -4.19e-02 -3.51e-02 -2.73e-02 -1.95e-02 -1.29e-02 -7.89e-03 -4.47e-03 -2.34e-03 -1.13e-03 -4.97e-04 -1.97e-04 -6.84e-05 -1.59e-05 1.59e-05 
4.61e-05 -4.61e-05 -8.09e-05 -2.16e-04 -5.51e-04 -1.27e-03 -2.67e-03 -5.14e-03 -9.18e-03 -1.52e-02 -2.33e-02 -3.29e-02 -4.30e-02 -5.21e-02 -5.88e-02 -6.24e-02 -6.34e-02 -6.30e-02 -6.27e-02 -6.38e-02 -6.74e-02 -7.39e-02 -8.38e-02 -9.79e-02 -1.17e-01 -1.42e-01 -1.74e-01 -2.13e-01 -2.56e-01 -2.94e-01 -3.11e-01 -2.94e-01 -2.56e-01 -2.13e-01 -1.74e-01 -1.42e-01 -1.17e-01 -9.79e-02 -8.38e-02 -7.39e-02 -6.74e-02 -6.38e-02 -6.27e-02 -6.30e-02 -6.34e-02 -6.24e-02 -5.88e-02 -5.21e-02 -4.30e-02 -3.29e-02 -2.33e-02 -1.52e-02 -9.18e-03 -5.14e-03 -2.67e-03 -1.27e-03 -5.51e-04 -2.14e-04 -7.31e-05 -1.67e-05 1.67e-05 
4.31e-05 -4.31e-05 -7.75e-05 -2.13e-04 -5.56e-04 -1.31e-03 -2.79e-03 -5.45e-03 -9.87e-03 -1.66e-02 -2.58e-02 -3.71e-02 -4.93e-02 -6.08e-02 -6.98e-02 -7.53e-02 -7.74e-02 -7.72e-02 -7.65e-02 -7.70e-02 -7.97e-02 -8.54e-02 -9.44e-02 -1.07e-01 -1.24e-01 -1.45e-01 -1.70e-01 -1.98e-01 -2.25e-01 -2.48e-01 -2.57e-01 -2.48e-01 -2.25e-01 -1.98e-01 -1.70e-01 -1.45e-01 -1.24e-01 -1.07e-01 -9.44e-02 -8.54e-02 -7.97e-02 -7.70e-02 -7.65e-02 -7.72e-02 -7.74e-02 -7.53e-02 -6.98e-02 -6.08e-02 -4.93e-02 -3.71e-02 -2.58e-02 -1.66e-02 -9.87e-03 -5.45e-03 -2.79e-03 -1.31e-03 -5.56e-04 -2.12e-04 -7.05e-05 -1.58e-05 1.58e-05 
3.65e-05 -3.65e-05 -6.77e-05 -1.93e-04 -5.19e-04 -1.25e-03 -2.72e-03 -5.41e-03 -9.96e-03 -1.70e-02 -2.69e-02 -3.95e-02 -5.36e-02 -6.75e-02 -7.91e-02 -8.69e-02 -9.08e-02 -9.15e-02 -9.07e-02 -9.03e-02 -9.18e-02 -9.59e-02 -1.03e-01 -1.14e-01 -1.27e-01 -1.44e-01 -1.63e-01 -1.83e-01 -2.02e-01 -2.15e-01 -2.21e-01 -2.15e-01 -2.02e-01 -1.83e-01 -1.63e-01 -1.44e-01 -1.27e-01 -1.14e-01 -1.03e-01 -9.59e-02 -9.18e-02 -9.03e-02 -9.07e-02 -9.15e-02 -9.08e-02 -8.69e-02 -7.91e-02 -6.75e-02 -5.36e-02 -3.95e-02 -2.69e-02 -1.70e-02 -9.96e-03 -5.41e-03 -2.72e-03 -1.25e-03 -5.19e-04 -1.92e-04 -6.21e-05 -1.36e-05 1.36e-05 
2.81e-05 -2.81e-05 -5.42e-05 -1.62e-04 -4.50e-04 -1.12e-03 -2.49e-03 -5.06e-03 -9.49e-03 -1.65e-02 -2.67e-02 -4.01e-02 -5.56e-02 -7.17e-02 -8.61e-02 -9.69e-02 -1.03e-01 -1.05e-01 -1.05e-01 -1.04e-01 -1.04e-01 -1.07e-01 -1.12e-01 -1.20e-01 -1.30e-01 -1.43e-01 -1.57e-01 -1.71e-01 -1.84e-01 -1.93e-01 -1.96e-01 -1.93e-01 -1.84e-01 -1.71e-01 -1.57e-01 -1.43e-01 -1.30e-01 -1.20e-01 -1.12e-01 -1.07e-01 -1.04e-01 -1.04e-01 -1.05e-01 -1.05e-01 -1.03e-01 -9.69e-02 -8.61e-02 -7.17e-02 -5.56e-02 -4.01e-02 -2.67e-02 -1.65e-02 -9.49e-03 -5.06e-03 -2.49e-03 -1.12e-03 -4.50e-04 -1.61e-04 -5.01e-05 -1.07e-05 1.07e-05 
1.96e-05 -1.96e-05 -3.96e-05 -1.25e-04 -3.63e-04 -9.35e-04 -2.15e-03 -4.48e-03 -8.57e-03 -1.52e-02 -2.52e-02 -3.87e-02 -5.52e-02 -7.30e-02 -9.01e-02 -1.04e-01 -1.14e-01 -1.18e-01 -1.19e-01 -1.19e-01 -1.18e-01 -1.18e-01 -1.21e-01 -1.26e-01 -1.33e-01 -1.42e-01 -1.52e-01 -1.62e-01 -1.71e-01 -1.77e-01 -1.79e-01 -1.77e-01 -1.71e-01 -1.62e-01 -1.52e-01 -1.42e-01 -1.33e-01 -1.26e-01 -1.21e-01 -1.18e-01 -1.18e-01 -1.19e-01 -1.19e-01 -1.18e-01 -1.14e-01 -1.04e-01 -9.01e-02 -7.30e-02 -5.52e-02 -3.87e-02 -2.52e-02 -1.52e-02 -8.57e-03 -4.48e-03 -2.15e-03 -9.35e-04 -3.63e-04 -1.24e-04 -3.69e-05 -7.56e-06 7.56e-06 
1.23e-05 -1.23e-05 -2.63e-05 -8.84e-05 -2.71e-04 -7.31e-04 -1.75e-03 -3.74e-03 -7.35e-03 -1.34e-02 -2.26e-02 -3.57e-02 -5.23e-02 -7.13e-02 -9.06e-02 -1.08e-01 -1.21e-01 -1.29e-01 -1.33e-01 -1.33e-01 -1.32e-01 -1.32e-01 -1.32e-01 -1.34e-01 -1.39e-01 -1.44e-01 -1.51e-01 -1.57e-01 -1.63e-01 -1.67e-01 -1.68e-01 -1.67e-01 -1.63e-01 -1.57e-01 -1.51e-01 -1.44e-01 -1.39e-01 -1.34e-01 -1.32e-01 -1.32e-01 -1.32e-01 -1.33e-01 -1.33e-01 -1.29e-01 -1.21e-01 -1.08e-01 -9.06e-02 -7.13e-02 -5.23e-02 -3.57e-02 -2.26e-02 -1.34e-02 -7.35e-03 -3.74e-03 -1.75e-03 -7.31e-04 -2.71e-04 -8.81e-05 -2.47e-05 -4.84e-06 4.84e-06 
6.84e-06 -6.84e-06 -1.57e-05 -5.70e-05 -1.86e-04 -5.31e-04 -1.33e-03 -2.96e-03 -5.97e-03 -1.11e-02 -1.93e-02 -3.14e-02 -4.74e-02 -6.65e-02 -8.73e-02 -1.07e-01 -1.24e-01 -1.37e-01 -1.44e-01 -1.47e-01 -1.47e-01 -1.46e-01 -1.46e-01 -1.46e-01 -1.47e-01 -1.50e-01 -1.53e-01 -1.57e-01 -1.61e-01 -1.63e-01 -1.64e-01 -1.63e-01 -1.61e-01 -1.57e-01 -1.53e-01 -1.50e-01 -1.47e-01 -1.46e-01 -1.46e-01 -1.46e-01 -1.47e-01 -1.47e-01 -1.44e-01 -1.37e-01 -1.24e-01 -1.07e-01 -8.73e-02 -6.65e-02 -4.74e-02 -3.14e-02 -1.93e-02 -1.11e-02 -5.97e-03 -2.96e-03 -1.33e-03 -5.31e-04 -1.86e-04 -5.68e-05 -1.49e-05 -2.75e-06 2.75e-06 
3.33e-06 -3.33e-06 -8.29e-06 -3.29e-05 -1.16e-04 -3.55e-04 -9.41e-04 -2.19e-03 -4.59e-03 -8.80e-03 -1.57e-02 -2.62e-02 -4.08e-02 -5.92e-02 -8.03e-02 -1.02e-01 -1.23e-01 -1.39e-01 -1.51e-01 -1.58e-01 -1.61e-01 -1.62e-01 -1.61e-01 -1.60e-01 -1.59e-01 -1.60e-01 -1.61e-01 -1.63e-01 -1.64e-01 -1.65e-01 -1.66e-01 -1.65e-01 -1.64e-01 -1.63e-01 -1.61e-01 -1.60e-01 -1.59e-01 -1.60e-01 -1.61e-01 -1.62e-01 -1.61e-01 -1.58e-01 -1.51e-01 -1.39e-01 -1.23e-01 -1.02e-01 -8.03e-02 -5.92e-02 -4.08e-02 -2.62e-02 -1.57e-02 -8.80e-03 -4.59e-03 -2.19e-03 -9.41e-04 -3.55e-04 -1.16e-04 -3.29e-05 -7.95e-06 -1.37e-06 1.37e-06 
1.40e-06 -1.40e-06 -3.82e-06 -1.68e-05 -6.51e-05 -2.16e-04 -6.14e-04 -1.52e-03 -3.33e-03 -6.59e-03 -1.21e-02 -2.08e-02 -3.33e-02 -5.00e-02 -7.03e-02 -9.27e-02 -1.15e-01 -1.35e-01 -1.52e-01 -1.64e-01 -1.71e-01 -1.75e-01 -1.76e-01 -1.76e-01 -1.75e-01 -1.74e-01 -1.74e-01 -1.74e-01 -1.74e-01 -1.74e-01 -1.75e-01 -1.74e-01 -1.74e-01 -1.74e-01 -1.74e-01 -1.74e-01 -1.75e-01 -1.76e-01 -1.76e-01 -1.75e-01 -1.71e-01 -1.64e-01 -1.52e-01 -1.35e-01 -1.15e-01 -9.27e-02 -7.03e-02 -5.00e-02 -3.33e-02 -2.08e-02 -1.21e-02 -6.59e-03 -3.33e-03 -1.52e-03 -6.14e-04 -2.16e-04 -6.51e-05 -1.68e-05 -3.70e-06 -5.87e-07 5.87e-07 
4.98e-07 -4.98e-07 -1.52e-06 -7.48e-06 -3.21e-05 -1.17e-04 -3.64e-04 -9.71e-04 -2.25e-03 -4.66e-03 -8.81e-03 -1.56e-02 -2.58e-02 -4.01e-02 -5.82e-02 -7.96e-02 -1.03e-01 -1.25e-01 -1.46e-01 -1.62e-01 -1.75e-01 -1.83e-01 -1.88e-01 -1.90e-01 -1.91e-01 -1.90e-01 -1.90e-01 -1.90e-01 -1.89e-01 -1.89e-01 -1.89e-01 -1.89e-01 -1.89e-01 -1.90e-01 -1.90e-01 -1.90e-01 -1.91e-01 -1.90e-01 -1.88e-01 -1.83e-01 -1.75e-01 -1.62e-01 -1.46e-01 -1.25e-01 -1.03e-01 -7.96e-02 -5.82e-02 -4.01e-02 -2.58e-02 -1.56e-02 -8.81e-03 -4.66e-03 -2.25e-03 -9.71e-04 -3.64e-04 -1.17e-04 -3.21e-05 -7.47e-06 -1.48e-06 -2.13e-07 2.13e-07 
1.49e-07 -1.49e-07 -5.09e-07 -2.84e-06 -1.36e-05 -5.55e-05 -1.91e-04 -5.61e-04 -1.41e-03 -3.09e-03 -6.07e-03 -1.10e-02 -1.88e-02 -3.03e-02 -4.56e-02 -6.45e-02 -8.62e-02 -1.09e-01 -1.32e-01 -1.52e-01 -1.69e-01 -1.82e-01 -1.92e-01 -1.98e-01 -2.02e-01 -2.04e-01 -2.05e-01 -2.05e-01 -2.05e-01 -2.05e-01 -2.05e-01 -2.05e-01 -2.05e-01 -2.05e-01 -2.05e-01 -2.04e-01 -2.02e-01 -1.98e-01 -1.92e-01 -1.82e-01 -1.69e-01 -1.52e-01 -1.32e-01 -1.09e-01 -8.62e-02 -6.45e-02 -4.56e-02 -3.03e-02 -1.88e-02 -1.10e-02 -6.07e-03 -3.09e-03 -1.41e-03 -5.61e-04 -1.91e-04 -5.55e-05 -1.36e-05 -2.84e-06 -4.98e-07 -6.50e-08 6.50e-08 
3.69e-08 -3.69e-08 -1.43e-07 -9.09e-07 -4.94e-06 -2.26e-05 -8.76e-05 -2.86e-04 -7.93e-04 -1.89e-03 -3.92e-03 -7.38e-03 -1.29e-02 -2.15e-02 -3.36e-02 -4.93e-02 -6.81e-02 -8.95e-02 -1.12e-01 -1.34e-01 -1.54e-01 -1.71e-01 -1.85e-01 -1.96e-01 -2.04e-01 -2.09e-01 -2.13e-01 -2.15e-01 -2.17e-01 -2.17e-01 -2.18e-01 -2.17e-01 -2.17e-01 -2.15e-01 -2.13e-01 -2.09e-01 -2.04e-01 -1.96e-01 -1.85e-01 -1.71e-01 -1.54e-01 -1.34e-01 -1.12e-01 -8.95e-02 -6.81e-02 -4.93e-02 -3.36e-02 -2.15e-02 -1.29e-02 -7.38e-03 -3.92e-03 -1.89e-03 -7.93e-04 -2.86e-04 -8.76e-05 -2.26e-05 -4.94e-06 -9.09e-07 -1.41e-07 -1.64e-08 1.64e-08 
7.54e-09 -7.54e-09 -3.35e-08 -2.44e-07 -1.51e-06 -7.83e-06 -3.43e-05 -1.26e-04 -3.92e-04 -1.03e-03 -2.34e-03 -4.65e-03 -8.42e-03 -1.43e-02 -2.31e-02 -3.52e-02 -5.05e-02 -6.87e-02 -8.89e-02 -1.10e-01 -1.31e-01 -1.50e-01 -1.67e-01 -1.82e-01 -1.93e-01 -2.02e-01 -2.09e-01 -2.14e-01 -2.17e-01 -2.19e-01 -2.19e-01 -2.19e-01 -2.17e-01 -2.14e-01 -2.09e-01 -2.02e-01 -1.93e-01 -1.82e-01 -1.67e-01 -1.50e-01 -1.31e-01 -1.10e-01 -8.89e-02 -6.87e-02 -5.05e-02 -3.52e-02 -2.31e-02 -1.43e-02 -8.42e-03 -4.65e-03 -2.34e-03 -1.03e-03 -3.92e-04 -1.26e-04 -3.43e-05 -7.83e-06 -1.51e-06 -2.44e-07 -3.31e-08 -3.41e-09 3.41e-09 
1.26e-09 -1.26e-09 -6.46e-09 -5.42e-08 -3.83e-07 -2.27e-06 -1.13e-05 -4.74e-05 -1.67e-04 -4.94e-04 -1.24e-03 -2.69e-03 -5.15e-03 -9.03e-03 -1.49e-02 -2.35e-02 -3.49e-02 -4.92e-02 -6.59e-02 -8.43e-02 -1.03e-01 -1.22e-01 -1.40e-01 -1.56e-01 -1.70e-01 -1.82e-01 -1.91e-01 -1.98e-01 -2.02e-01 -2.05e-01 -2.06e-01 -2.05e-01 -2.02e-01 -1.98e-01 -1.91e-01 -1.82e-01 -1.70e-01 -1.56e-01 -1.40e-01 -1.22e-01 -1.03e-01 -8.43e-02 -6.59e-02 -4.92e-02 -3.49e-02 -2.35e-02 -1.49e-02 -9.03e-03 -5.15e-03 -2.69e-03 -1.24e-03 -4.94e-04 -1.67e-04 -4.74e-05 -1.13e-05 -2.27e-06 -3.83e-07 -5.42e-08 -6.41e-09 -5.79e-10 5.79e-10 
1.71e-10 -1.71e-10 -1.02e-09 -9.95e-09 -8.10e-08 -5.50e-07 -3.13e-06 -1.49e-05 -5.99e-05 -2.02e-04 -5.72e-04 -1.38e-03 -2.88e-03 -5.34e-03 -9.11e-03 -1.47e-02 -2.25e-02 -3.27e-02 -4.53e-02 -5.99e-02 -7.59e-02 -9.25e-02 -1.09e-01 -1.25e-01 -1.39e-01 -1.51e-01 -1.61e-01 -1.69e-01 -1.74e-01 -1.78e-01 -1.79e-01 -1.78e-01 -1.74e-01 -1.69e-01 -1.61e-01 -1.51e-01 -1.39e-01 -1.25e-01 -1.09e-01 -9.25e-02 -7.59e-02 -5.99e-02 -4.53e-02 -3.27e-02 -2.25e-02 -1.47e-02 -9.11e-03 -5.34e-03 -2.88e-03 -1.38e-03 -5.72e-04 -2.02e-04 -5.99e-05 -1.49e-05 -3.13e-06 -5.50e-07 -8.10e-08 -9.95e-09 -1.01e-09 -7.95e-11 7.95e-11 
1.85e-11 -1.85e-11 -1.31e-10 -1.50e-09 -1.41e-08 -1.11e-07 -7.23e-07 -3.95e-06 -1.81e-05 -6.93e-05 -2.24e-04 -6.10e-04 -1.42e-03 -2.86e-03 -5.18e-03 -8.63e-03 -1.36e-02 -2.03e-02 -2.90e-02 -3.95e-02 -5.15e-02 -6.46e-02 -7.81e-02 -9.14e-02 -1.04e-01 -1.15e-01 -1.25e-01 -1.33e-01 -1.38e-01 -1.42e-01 -1.43e-01 -1.42e-01 -1.38e-01 -1.33e-01 -1.25e-01 -1.15e-01 -1.04e-01 -9.14e-02 -7.81e-02 -6.46e-02 -5.15e-02 -3.95e-02 -2.90e-02 -2.03e-02 -1.36e-02 -8.63e-03 -5.18e-03 -2.86e-03 -1.42e-03 -6.10e-04 -2.24e-04 -6.93e-05 -1.81e-05 -3.95e-06 -7.23e-07 -1.11e-07 -1.41e-08 -1.50e-09 -1.30e-10 -8.71e-12 8.71e-12 
1.57e-12 -1.57e-12 -1.34e-11 -1.83e-10 -2.02e-09 -1.84e-08 -1.38e-07 -8.68e-07 -4.55e-06 -2.00e-05 -7.35e-05 -2.28e-04 -5.98e-04 -1.35e-03 -2.65e-03 -4.69e-03 -7.67e-03 -1.18e-02 -1.73e-02 -2.42e-02 -3.24e-02 -4.17e-02 -5.17e-02 -6.19e-02 -7.18e-02 -8.10e-02 -8.91e-02 -9.57e-02 -1.01e-01 -1.04e-01 -1.05e-01 -1.04e-01 -1.01e-01 -9.57e-02 -8.91e-02 -8.10e-02 -7.18e-02 -6.19e-02 -5.17e-02 -4.17e-02 -3.24e-02 -2.42e-02 -1.73e-02 -1.18e-02 -7.67e-03 -4.69e-03 -2.65e-03 -1.35e-03 -5.98e-04 -2.28e-04 -7.35e-05 -2.00e-05 -4.55e-06 -8.68e-07 -1.38e-07 -1.84e-08 -2.02e-09 -1.83e-10 -1.34e-11 -7.50e-13 7.50e-13 
1.03e-13 -1.03e-13 -1.09e-12 -1.79e-11 -2.35e-10 -2.51e-09 -2.19e-08 -1.59e-07 -9.56e-07 -4.80e-06 -2.02e-05 -7.15e-05 -2.13e-04 -5.40e-04 -1.18e-03 -2.27e-03 -3.95e-03 -6.36e-03 -9.62e-03 -1.38e-02 -1.90e-02 -2.50e-02 -3.17e-02 -3.87e-02 -4.57e-02 -5.24e-02 -5.85e-02 -6.35e-02 -6.73e-02 -6.96e-02 -7.04e-02 -6.96e-02 -6.73e-02 -6.35e-02 -5.85e-02 -5.24e-02 -4.57e-02 -3.87e-02 -3.17e-02 -2.50e-02 -1.90e-02 -1.38e-02 -9.62e-03 -6.36e-03 -3.95e-03 -2.27e-03 -1.18e-03 -5.40e-04 -2.13e-04 -7.15e-05 -2.02e-05 -4.80e-06 -9.56e-07 -1.59e-07 -2.19e-08 -2.51e-09 -2.35e-10 -1.79e-11 -1.09e-12 -4.96e-14 4.96e-14 
4.98e-15 -4.98e-15 -6.80e-14 -1.39e-12 -2.20e-11 -2.79e-10 -2.86e-09 -2.40e-08 -1.67e-07 -9.64e-07 -4.65e-06 -1.88e-05 -6.37e-05 -1.83e-04 -4.49e-04 -9.56e-04 -1.80e-03 -3.09e-03 -4.89e-03 -7.29e-03 -1.03e-02 -1.39e-02 -1.80e-02 -2.24e-02 -2.70e-02 -3.14e-02 -3.54e-02 -3.88e-02 -4.14e-02 -4.31e-02 -4.36e-02 -4.31e-02 -4.14e-02 -3.88e-02 -3.54e-02 -3.14e-02 -2.70e-02 -2.24e-02 -1.80e-02 -1.39e-02 -1.03e-02 -7.29e-03 -4.89e-03 -3.09e-03 -1.80e-03 -9.56e-04 -4.49e-04 -1.83e-04 -6.37e-05 -1.88e-05 -4.65e-06 -9.64e-07 -1.67e-07 -2.40e-08 -2.86e-09 -2.79e-10 -2.20e-11 -1.39e-12 -6.79e-14 -2.43e-15 2.43e-15 
1.68e-16 -1.68e-16 -3.14e-15 -8.28e-14 -1.63e-12 -2.50e-11 -3.04e-10 -2.99e-09 -2.42e-08 -1.61e-07 -8.91e-07 -4.11e-06 -1.59e-05 -5.20e-05 -1.44e-04 -3.43e-04 -7.12e-04 -1.32e-03 -2.22e-03 -3.48e-03 -5.11e-03 -7.11e-03 -9.43e-03 -1.20e-02 -1.47e-02 -1.74e-02 -1.98e-02 -2.20e-02 -2.36e-02 -2.46e-02 -2.50e-02 -2.46e-02 -2.36e-02 -2.20e-02 -1.98e-02 -1.74e-02 -1.47e-02 -1.20e-02 -9.43e-03 -7.11e-03 -5.11e-03 -3.48e-03 -2.22e-03 -1.32e-03 -7.12e-04 -3.43e-04 -1.44e-04 -5.20e-05 -1.59e-05 -4.11e-06 -8.91e-07 -1.61e-07 -2.42e-08 -2.99e-09 -3.04e-10 -2.50e-11 -1.63e-12 -8.28e-14 -3.14e-15 -8.26e-17 8.26e-17 
3.52e-18 -3.52e-18 -1.02e-16 -3.67e-15 -9.33e-14 -1.77e-12 -2.61e-11 -3.05e-10 -2.88e-09 -2.23e-08 -1.42e-07 -7.54e-07 -3.34e-06 -1.24e-05 -3.88e-05 -1.04e-04 -2.40e-04 -4.86e-04 -8.85e-04 -1.47e-03 -2.27e-03 -3.28e-03 -4.50e-03 -5.87e-03 -7.34e-03 -8.82e-03 -1.02e-02 -1.14e-02 -1.24e-02 -1.30e-02 -1.32e-02 -1.30e-02 -1.24e-02 -1.14e-02 -1.02e-02 -8.82e-03 -7.34e-03 -5.87e-03 -4.50e-03 -3.28e-03 -2.27e-03 -1.47e-03 -8.85e-04 -4.86e-04 -2.40e-04 -1.04e-04 -3.88e-05 -1.24e-05 -3.34e-06 -7.54e-07 -1.42e-07 -2.23e-08 -2.88e-09 -3.05e-10 -2.61e-11 -1.77e-12 -9.33e-14 -3.67e-15 -1.02e-16 -1.75e-18 1.75e-18 
3.45e-20 -3.45e-20 -2.04e-18 -1.14e-16 -3.97e-15 -9.72e-14 -1.77e-12 -2.51e-11 -2.82e-10 -2.55e-09 -1.89e-08 -1.15e-07 -5.85e-07 -2.47e-06 -8.80e-06 -2.65e-05 -6.84e-05 -1.53e-04 -3.04e-04 -5.42e-04 -8.87e-04 -1.35e-03 -1.92e-03 -2.59e-03 -3.32e-03 -4.07e-03 -4.79e-03 -5.42e-03 -5.92e-03 -6.24e-03 -6.34e-03 -6.24e-03 -5.92e-03 -5.42e-03 -4.79e-03 -4.07e-03 -3.32e-03 -2.59e-03 -1.92e-03 -1.35e-03 -8.87e-04 -5.42e-04 -3.04e-04 -1.53e-04 -6.84e-05 -2.65e-05 -8.80e-06 -2.47e-06 -5.85e-07 -1.15e-07 -1.89e-08 -2.55e-09 -2.82e-10 -2.51e-11 -1.77e-12 -9.72e-14 -3.97e-15 -1.14e-16 -2.04e-18 -1.72e-20 1.72e-20 
-0.00e+00 0.00e+00 -1.92e-20 -2.20e-18 -1.18e-16 -3.97e-15 -9.36e-14 -1.64e-12 -2.23e-11 -2.40e-10 -2.08e-09 -1.47e-08 -8.57e-08 -4.15e-07 -1.68e-06 -5.71e-06 -1.65e-05 -4.11e-05 -8.94e-05 -1.73e-04 -3.02e-04 -4.85e-04 -7.24e-04 -1.01e-03 -1.34e-03 -1.68e-03 -2.02e-03 -2.32e-03 -2.56e-03 -2.71e-03 -2.76e-03 -2.71e-03 -2.56e-03 -2.32e-03 -2.02e-03 -1.68e-03 -1.34e-03 -1.01e-03 -7.24e-04 -4.85e-04 -3.02e-04 -1.73e-04 -8.94e-05 -4.11e-05 -1.65e-05 -5.71e-06 -1.68e-06 -4.15e-07 -8.57e-08 -1.47e-08 -2.08e-09 -2.40e-10 -2.23e-11 -1.64e-12 -9.36e-14 -3.97e-15 -1.18e-16 -2.20e-18 -1.92e-20 0.00e+00 -0.00e+00 
-0.00e+00 0.00e+00 0.00e+00 -1.99e-20 -2.20e-18 -1.14e-16 -3.68e-15 -8.33e-14 -1.40e-12 -1.82e-11 -1.87e-10 -1.55e-09 -1.05e-08 -5.83e-08 -2.69e-07 -1.04e-06 -3.38e-06 -9.37e-06 -2.25e-05 -4.75e-05 -8.94e-05 -1.53e-04 -2.40e-04 -3.51e-04 -4.81e-04 -6.22e-04 -7.63e-04 -8.92e-04 -9.95e-04 -1.06e-03 -1.08e-03 -1.06e-03 -9.95e-04 -8.92e-04 -7.63e-04 -6.22e-04 -4.81e-04 -3.51e-04 -2.40e-04 -1.53e-04 -8.94e-05 -4.75e-05 -2.25e-05 -9.37e-06 -3.38e-06 -1.04e-06 -2.69e-07 -5.83e-08 -1.05e-08 -1.55e-09 -1.87e-10 -1.82e-11 -1.40e-12 -8.33e-14 -3.68e-15 -1.14e-16 -2.20e-18 -1.99e-20 0.00e+00 0.00e+00 -0.00e+00 
-0.00e+00 0.00e+00 0.00e+00 0.00e+00 -1.92e-20 -2.04e-18 -1.02e-16 -3.16e-15 -6.86e-14 -1.11e-12 -1.38e-11 -1.35e-10 -1.07e-09 -6.90e-09 -3.66e-08 -1.61e-07 -5.95e-07 -1.86e-06 -4.97e-06 -1.15e-05 -2.37e-05 -4.36e-05 -7.30e-05 -1.12e-04 -1.61e-04 -2.15e-04 -2.72e-04 -3.24e-04 -3.67e-04 -3.95e-04 -4.05e-04 -3.95e-04 -3.67e-04 -3.24e-04 -2.72e-04 -2.15e-04 -1.61e-04 -1.12e-04 -7.30e-05 -4.36e-05 -2.37e-05 -1.15e-05 -4.97e-06 -1.86e-06 -5.95e-07 -1.61e-07 -3.66e-08 -6.90e-09 -1.07e-09 -1.35e-10 -1.38e-11 -1.11e-12 -6.86e-14 -3.16e-15 -1.02e-16 -2.04e-18 -1.92e-20 0.00e+00 0.00e+00 0.00e+00 -0.00e+00 
-0.00e+00 0.00e+00 0.00e+00 0.00e+00 0.00e+00 -3.45e-20 -3.52e-18 -1.69e-16 -5.02e-15 -1.04e-13 -1.60e-12 -1.90e-11 -1.78e-10 -1.34e-09 -8.17e-09 -4.10e-08 -1.71e-07 -5.98e-07 -1.77e-06 -4.51e-06 -1.00e-05 -1.97e-05 -3.48e-05 -5.61e-05 -8.33e-05 -1.15e-04 -1.48e-04 -1.80e-04 -2.06e-04 -2.24e-04 -2.30e-04 -2.24e-04 -2.06e-04 -1.80e-04 -1.48e-04 -1.15e-04 -8.33e-05 -5.61e-05 -3.48e-05 -1.97e-05 -1.00e-05 -4.51e-06 -1.77e-06 -5.98e-07 -1.71e-07 -4.10e-08 -8.17e-09 -1.34e-09 -1.78e-10 -1.90e-11 -1.60e-12 -1.04e-13 -5.02e-15 -1.69e-16 -3.52e-18 -3.45e-20 0.00e+00 0.00e+00 0.00e+00 0.00e+00 -0.00e+00 
0.00e+00 -0.00e+00 -0.00e+00 -0.00e+00 -0.00e+00 3.45e-20 3.52e-18 1.69e-16 5.02e-15 1.04e-13 1.60e-12 1.90e-11 1.78e-10 1.34e-09 8.17e-09 4.10e-08 1.71e-07 5.98e-07 1.77e-06 4.51e-06 1.00e-05 1.97e-05 3.48e-05 5.61e-05 8.33e-05 1.15e-04 1.48e-04 1.80e-04 2.06e-04 2.24e-04 2.30e-04 2.24e-04 2.06e-04 1.80e-04 1.48e-04 1.15e-04 8.33e-05 5.61e-05 3.48e-05 1.97e-05 1.00e-05 4.51e-06 1.77e-06 5.98e-07 1.71e-07 4.10e-08 8.17e-09 1.34e-09 1.78e-10 1.90e-11 1.60e-12 1.04e-13 5.02e-15 1.69e-16 3.52e-18 3.45e-20 -0.00e+00 -0.00e+00 -0.00e+00 -0.00e+00 0.00e+00 
