0.00e+00 -0.00e+00 -0.00e+00 -0.00e+00 -0.00e+00 -0.00e+00 -0.00e+00 -0.00e+00 -0.00e+00 -0.00e+00 -0.00e+00 -0.00e+00 -0.00e+00 -2.96e-18 -2.05e-16 -6.51e-15 -1.25e-13 -1.63e-12 -1.53e-11 -1.07e-10 -5.74e-10 -2.41e-09 -8.04e-09 -2.18e-08 -4.92e-08 -9.41e-08 -1.56e-07 -2.28e-07 -2.96e-07 -3.45e-07 -3.63e-07 -3.45e-07 -2.96e-07 -2.28e-07 -1.56e-07 -9.41e-08 -4.92e-08 -2.18e-08 -8.04e-09 -2.41e-09 -5.74e-10 -1.07e-10 -1.53e-11 -1.63e-12 -1.25e-13 -6.51e-15 -2.05e-16 -2.96e-18 -0.00e+00 -0.00e+00 -0.00e+00 -0.00e+00 -0.00e+00 -0.00e+00 -0.00e+00 -0.00e+00 -0.00e+00 -0.00e+00 -0.00e+00 -0.00e+00 0.00e+00 
-0.00e+00 0.00e+00 0.00e+00 0.00e+00 0.00e+00 0.00e+00 0.00e+00 0.00e+00 0.00e+00 0.00e+00 0.00e+00 0.00e+00 0.00e+00 2.96e-18 2.05e-16 6.51e-15 1.25e-13 1.63e-12 1.53e-11 1.07e-10 5.74e-10 2.41e-09 8.04e-09 2.18e-08 4.92e-08 9.41e-08 1.56e-07 2.28e-07 2.96e-07 3.45e-07 3.63e-07 3.45e-07 2.96e-07 2.28e-07 1.56e-07 9.41e-08 4.92e-08 2.18e-08 8.04e-09 2.41e-09 5.74e-10 1.07e-10 1.53e-11 1.63e-12 1.25e-13 6.51e-15 2.05e-16 2.96e-18 0.00e+00 0.00e+00 0.00e+00 0.00e+00 0.00e+00 0.00e+00 0.00e+00 0.00e+00 0.00e+00 0.00e+00 0.00e+00 0.00e+00 -0.00e+00 
-0.00e+00 0.00e+00 0.00e+00 0.00e+00 0.00e+00 0.00e+00 0.00e+00 0.00e+00 0.00e+00 0.00e+00 0.00e+00 0.00e+00 4.61e-18 3.41e-16 1.16e-14 2.39e-13 3.37e-12 3.43e-11 2.61e-10 1.53e-09 7.06e-09 2.59e-08 7.70e-08 1.90e-07 3.95e-07 7.10e-07 1.12e-06 1.58e-06 2.01e-06 2.31e-06 2.42e-06 2.31e-06 2.01e-06 1.58e-06 1.12e-06 7.10e-07 3.95e-07 1.90e-07 7.70e-08 2.59e-08 7.06e-09 1.53e-09 2.61e-10 3.43e-11 3.37e-12 2.39e-13 1.16e-14 3.41e-16 4.61e-18 0.00e+00 0.00e+00 0.00e+00 0.00e+00 0.00e+00 0.00e+00 0.00e+00 0.00e+00 0.00e+00 0.00e+00 0.00e+00 -0.00e+00 
-0.00e+00 0.00e+00 0.00e+00 0.00e+00 0.00e+00 0.00e+00 0.00e+00 0.00e+00 0.00e+00 0.00e+00 0.00e+00 6.54e-18 5.11e-16 1.84e-14 4.03e-13 6.03e-12 6.56e-11 5.37e-10 3.38e-09 1.67e-08 6.61e-08 2.12e-07 5.59e-07 1.24e-06 2.39e-06 4.02e-06 6.04e-06 8.20e-06 1.01e-05 1.15e-05 1.20e-05 1.15e-05 1.01e-05 8.20e-06 6.04e-06 4.02e-06 2.39e-06 1.24e-06 5.59e-07 2.12e-07 6.61e-08 1.67e-08 3.38e-09 5.37e-10 6.56e-11 6.03e-12 4.03e-13 1.84e-14 5.11e-16 6.54e-18 0.00e+00 0.00e+00 0.00e+00 0.00e+00 0.00e+00 0.00e+00 0.00e+00 0.00e+00 0.00e+00 0.00e+00 -0.00e+00 
-0.00e+00 0.00e+00 0.00e+00 0.00e+00 0.00e+00 0.00e+00 0.00e+00 0.00e+00 0.00e+00 0.00e+00 8.51e-18 6.99e-16 2.65e-14 6.15e-13 9.77e-12 1.13e-10 9.86e-10 6.65e-09 3.52e-08 1.49e-07 5.11e-07 1.44e-06 3.41e-06 6.92e-06 1.23e-05 1.95e-05 2.81e-05 3.68e-05 4.45e-05 4.97e-05 5.16e-05 4.97e-05 4.45e-05 3.68e-05 2.81e-05 1.95e-05 1.23e-05 6.92e-06 3.41e-06 1.44e-06 5.11e-07 1.49e-07 3.52e-08 6.65e-09 9.86e-10 1.13e-10 9.77e-12 6.15e-13 2.65e-14 6.99e-16 8.51e-18 0.00e+00 0.00e+00 0.00e+00 0.00e+00 0.00e+00 0.00e+00 0.00e+00 0.00e+00 0.00e+00 -0.00e+00 
-0.00e+00 0.00e+00 0.00e+00 0.00e+00 0.00e+00 0.00e+00 0.00e+00 0.00e+00 0.00e+00 1.01e-17 8.74e-16 3.48e-14 8.52e-13 1.43e-11 1.76e-10 1.63e-09 1.17e-08 6.61e-08 2.99e-07 1.09e-06 3.27e-06 8.20e-06 1.75e-05 3.27e-05 5.44e-05 8.18e-05 1.13e-04 1.43e-04 1.69e-04 1.87e-04 1.93e-04 1.87e-04 1.69e-04 1.43e-04 1.13e-04 8.18e-05 5.44e-05 3.27e-05 1.75e-05 8.20e-06 3.27e-06 1.09e-06 2.99e-07 6.61e-08 1.17e-08 1.63e-09 1.76e-10 1.43e-11 8.52e-13 3.48e-14 8.74e-16 1.01e-17 0.00e+00 0.00e+00 0.00e+00 0.00e+00 0.00e+00 0.00e+00 0.00e+00 0.00e+00 -0.00e+00 
-0.00e+00 0.00e+00 0.00e+00 0.00e+00 0.00e+00 0.00e+00 0.00e+00 0.00e+00 1.10e-17 9.98e-16 4.18e-14 1.07e-12 1.90e-11 2.47e-10 2.42e-09 1.85e-08 1.11e-07 5.34e-07 2.07e-06 6.59e-06 1.74e-05 3.91e-05 7.62e-05 1.32e-04 2.06e-04 2.95e-04 3.91e-04 4.83e-04 5.60e-04 6.12e-04 6.30e-04 6.12e-04 5.60e-04 4.83e-04 3.91e-04 2.95e-04 2.06e-04 1.32e-04 7.62e-05 3.91e-05 1.74e-05 6.59e-06 2.07e-06 5.34e-07 1.11e-07 1.85e-08 2.42e-09 2.47e-10 1.90e-11 1.07e-12 4.18e-14 9.98e-16 1.10e-17 0.00e+00 0.00e+00 0.00e+00 0.00e+00 0.00e+00 0.00e+00 0.00e+00 -0.00e+00 
-0.00e+00 0.00e+00 0.00e+00 0.00e+00 0.00e+00 0.00e+00 0.00e+00 1.10e-17 1.04e-15 4.57e-14 1.23e-12 2.30e-11 3.14e-10 3.26e-09 2.63e-08 1.67e-07 8.53e-07 3.51e-06 1.18e-05 3.29e-05 7.72e-05 1.56e-04 2.80e-04 4.52e-04 6.68e-04 9.16e-04 1.18e-03 1.42e-03 1.62e-03 1.75e-03 1.79e-03 1.75e-03 1.62e-03 1.42e-03 1.18e-03 9.16e-04 6.68e-04 4.52e-04 2.80e-04 1.56e-04 7.72e-05 3.29e-05 1.18e-05 3.51e-06 8.53e-07 1.67e-07 2.63e-08 3.26e-09 3.14e-10 2.30e-11 1.23e-12 4.57e-14 1.04e-15 1.10e-17 0.00e+00 0.00e+00 0.00e+00 0.00e+00 0.00e+00 0.00e+00 -0.00e+00 
-0.00e+00 0.00e+00 0.00e+00 0.00e+00 0.00e+00 0.00e+00 1.01e-17 9.97e-16 4.57e-14 1.29e-12 2.52e-11 3.62e-10 3.96e-09 3.37e-08 2.27e-07 1.22e-06 5.32e-06 1.89e-05 5.53e-05 1.36e-04 2.85e-04 5.26e-04 8.73e-04 1.33e-03 1.87e-03 2.47e-03 3.08e-03 3.65e-03 4.10e-03 4.39e-03 4.50e-03 4.39e-03 4.10e-03 3.65e-03 3.08e-03 2.47e-03 1.87e-03 1.33e-03 8.73e-04 5.26e-04 2.85e-04 1.36e-04 5.53e-05 1.89e-05 5.32e-06 1.22e-06 2.27e-07 3.37e-08 3.96e-09 3.62e-10 2.52e-11 1.29e-12 4.57e-14 9.97e-16 1.01e-17 0.00e+00 0.00e+00 0.00e+00 0.00e+00 0.00e+00 -0.00e+00 
-0.00e+00 0.00e+00 0.00e+00 0.00e+00 0.00e+00 8.51e-18 8.72e-16 4.16e-14 1.23e-12 2.52e-11 3.79e-10 4.35e-09 3.90e-08 2.77e-07 1.58e-06 7.24e-06 2.71e-05 8.32e-05 2.13e-04 4.64e-04 8.81e-04 1.50e-03 2.33e-03 3.37e-03 4.57e-03 5.86e-03 7.14e-03 8.30e-03 9.22e-03 9.82e-03 1.00e-02 9.82e-03 9.22e-03 8.30e-03 7.14e-03 5.86e-03 4.57e-03 3.37e-03 2.33e-03 1.50e-03 8.81e-04 4.64e-04 2.13e-04 8.32e-05 2.71e-05 7.24e-06 1.58e-06 2.77e-07 3.90e-08 4.35e-09 3.79e-10 2.52e-11 1.23e-12 4.16e-14 8.72e-16 8.51e-18 0.00e+00 0.00e+00 0.00e+00 0.00e+00 -0.00e+00 
-0.00e+00 0.00e+00 0.00e+00 0.00e+00 6.54e-18 6.97e-16 3.47e-14 1.07e-12 2.28e-11 3.60e-10 4.33e-09 4.08e-08 3.05e-07 1.83e-06 8.84e-06 3.48e-05 1.12e-04 3.00e-04 6.77e-04 1.32e-03 2.30e-03 3.65e-03 5.39e-03 7.49e-03 9.86e-03 1.24e-02 1.48e-02 1.70e-02 1.87e-02 1.98e-02 2.02e-02 1.98e-02 1.87e-02 1.70e-02 1.48e-02 1.24e-02 9.86e-03 7.49e-03 5.39e-03 3.65e-03 2.30e-03 1.32e-03 6.77e-04 3.00e-04 1.12e-04 3.48e-05 8.84e-06 1.83e-06 3.05e-07 4.08e-08 4.33e-09 3.60e-10 2.28e-11 1.07e-12 3.47e-14 6.97e-16 6.54e-18 0.00e+00 0.00e+00 0.00e+00 -0.00e+00 
-0.00e+00 0.00e+00 0.00e+00 4.61e-18 5.09e-16 2.63e-14 8.44e-13 1.88e-11 3.10e-10 3.90e-09 3.85e-08 3.03e-07 1.91e-06 9.72e-06 4.02e-05 1.36e-04 3.80e-04 8.89e-04 1.78e-03 3.17e-03 5.14e-03 7.78e-03 1.11e-02 1.50e-02 1.93e-02 2.37e-02 2.80e-02 3.18e-02 3.47e-02 3.66e-02 3.73e-02 3.66e-02 3.47e-02 3.18e-02 2.80e-02 2.37e-02 1.93e-02 1.50e-02 1.11e-02 7.78e-03 5.14e-03 3.17e-03 1.78e-03 8.89e-04 3.80e-04 1.36e-04 4.02e-05 9.72e-06 1.91e-06 3.03e-07 3.85e-08 3.90e-09 3.10e-10 1.88e-11 8.44e-13 2.63e-14 5.09e-16 4.61e-18 0.00e+00 0.00e+00 -0.00e+00 
-0.00e+00 0.00e+00 2.96e-18 3.39e-16 1.82e-14 6.06e-13 1.41e-11 2.42e-10 3.18e-09 3.29e-08 2.71e-07 1.79e-06 9.60e-06 4.18e-05 1.49e-04 4.34e-04 1.05e-03 2.18e-03 3.97e-03 6.58e-03 1.02e-02 1.49e-02 2.07e-02 2.74e-02 3.46e-02 4.19e-02 4.88e-02 5.48e-02 5.95e-02 6.24e-02 6.34e-02 6.24e-02 5.95e-02 5.48e-02 4.88e-02 4.19e-02 3.46e-02 2.74e-02 2.07e-02 1.49e-02 1.02e-02 6.58e-03 3.97e-03 2.18e-03 1.05e-03 4.34e-04 1.49e-04 4.18e-05 9.60e-06 1.79e-06 2.71e-07 3.29e-08 3.18e-09 2.42e-10 1.41e-11 6.06e-13 1.82e-14 3.39e-16 2.96e-18 0.00e+00 -0.00e+00 
-3.47e-18 3.47e-18 2.06e-16 1.14e-14 3.96e-13 9.55e-12 1.71e-10 2.35e-09 2.54e-08 2.19e-07 1.52e-06 8.53e-06 3.91e-05 1.46e-04 4.46e-04 1.13e-03 2.42e-03 4.53e-03 7.70e-03 1.22e-02 1.84e-02 2.63e-02 3.58e-02 4.64e-02 5.75e-02 6.85e-02 7.87e-02 8.74e-02 9.40e-02 9.81e-02 9.95e-02 9.81e-02 9.40e-02 8.74e-02 7.87e-02 6.85e-02 5.75e-02 4.64e-02 3.58e-02 2.63e-02 1.84e-02 1.22e-02 7.70e-03 4.53e-03 2.42e-03 1.13e-03 4.46e-04 1.46e-04 3.91e-05 8.53e-06 1.52e-06 2.19e-07 2.54e-08 2.35e-09 1.71e-10 9.55e-12 3.96e-13 1.14e-14 2.06e-16 1.74e-18 -1.74e-18 
-2.27e-16 2.27e-16 6.53e-15 2.34e-13 5.87e-12 1.09e-10 1.56e-09 1.76e-08 1.59e-07 1.15e-06 6.82e-06 3.28e-05 1.29e-04 4.14e-04 1.10e-03 2.45e-03 4.74e-03 8.28e-03 1.36e-02 2.11e-02 3.10e-02 4.33e-02 5.74e-02 7.27e-02 8.83e-02 1.03e-01 1.17e-01 1.28e-01 1.36e-01 1.41e-01 1.43e-01 1.41e-01 1.36e-01 1.28e-01 1.17e-01 1.03e-01 8.83e-02 7.27e-02 5.74e-02 4.33e-02 3.10e-02 2.11e-02 1.36e-02 8.28e-03 4.74e-03 2.45e-03 1.10e-03 4.14e-04 1.29e-04 3.28e-05 6.82e-06 1.15e-06 1.59e-07 1.76e-08 1.56e-09 1.09e-10 5.87e-12 2.34e-13 6.53e-15 1.13e-16 -1.13e-16 
-6.74e-15 6.74e-15 1.25e-13 3.25e-12 6.28e-11 9.36e-10 1.10e-08 1.04e-07 7.89e-07 4.89e-06 2.47e-05 1.02e-04 3.46e-04 9.67e-04 2.26e-03 4.54e-03 8.22e-03 1.39e-02 2.24e-02 3.40e-02 4.86e-02 6.59e-02 8.51e-02 1.05e-01 1.25e-01 1.43e-01 1.59e-01 1.72e-01 1.81e-01 1.87e-01 1.89e-01 1.87e-01 1.81e-01 1.72e-01 1.59e-01 1.43e-01 1.25e-01 1.05e-01 8.51e-02 6.59e-02 4.86e-02 3.40e-02 2.24e-02 1.39e-02 8.22e-03 4.54e-03 2.26e-03 9.67e-04 3.46e-04 1.02e-04 2.47e-05 4.89e-06 7.89e-07 1.04e-07 1.10e-08 9.36e-10 6.28e-11 3.25e-12 1.25e-13 3.31e-15 -3.31e-15 
-1.21e-13 1.21e-13 1.62e-12 3.25e-11 5.03e-10 6.17e-09 6.06e-08 4.83e-07 3.14e-06 1.67e-05 7.29e-05 2.61e-04 7.70e-04 1.90e-03 4.00e-03 7.55e-03 1.33e-02 2.21e-02 3.46e-02 5.08e-02 7.05e-02 9.28e-02 1.16e-01 1.40e-01 1.62e-01 1.82e-01 1.99e-01 2.12e-01 2.22e-01 2.27e-01 2.29e-01 2.27e-01 2.22e-01 2.12e-01 1.99e-01 1.82e-01 1.62e-01 1.40e-01 1.16e-01 9.28e-02 7.05e-02 5.08e-02 3.46e-02 2.21e-02 1.33e-02 7.55e-03 4.00e-03 1.90e-03 7.70e-04 2.61e-04 7.29e-05 1.67e-05 3.14e-06 4.83e-07 6.06e-08 6.17e-09 5.03e-10 3.25e-11 1.62e-12 5.87e-14 -5.87e-14 
-1.45e-12 1.45e-12 1.51e-11 2.42e-10 3.09e-09 3.17e-08 2.64e-07 1.80e-06 1.01e-05 4.65e-05 1.76e-04 5.53e-04 1.45e-03 3.24e-03 6.40e-03 1.17e-02 2.02e-02 3.27e-02 4.94e-02 7.03e-02 9.47e-02 1.21e-01 1.48e-01 1.73e-01 1.96e-01 2.15e-01 2.30e-01 2.42e-01 2.51e-01 2.55e-01 2.57e-01 2.55e-01 2.51e-01 2.42e-01 2.30e-01 2.15e-01 1.96e-01 1.73e-01 1.48e-01 1.21e-01 9.47e-02 7.03e-02 4.94e-02 3.27e-02 2.02e-02 1.17e-02 6.40e-03 3.24e-03 1.45e-03 5.53e-04 1.76e-04 4.65e-05 1.01e-05 1.80e-06 2.64e-07 3.17e-08 3.09e-09 2.42e-10 1.51e-11 6.99e-13 -6.99e-13 
-1.24e-11 1.24e-11 1.04e-10 1.38e-09 1.47e-08 1.29e-07 9.21e-07 5.44e-06 2.65e-05 1.07e-04 3.58e-04 1.00e-03 2.39e-03 5.00e-03 9.55e-03 1.71e-02 2.87e-02 4.49e-02 6.58e-02 9.09e-02 1.19e-01 1.47e-01 1.74e-01 1.98e-01 2.19e-01 2.35e-01 2.48e-01 2.57e-01 2.64e-01 2.68e-01 2.69e-01 2.68e-01 2.64e-01 2.57e-01 2.48e-01 2.35e-01 2.19e-01 1.98e-01 1.74e-01 1.47e-01 1.19e-01 9.09e-02 6.58e-02 4.49e-02 2.87e-02 1.71e-02 9.55e-03 5.00e-03 2.39e-03 1.00e-03 3.58e-04 1.07e-04 2.65e-05 5.44e-06 9.21e-07 1.29e-07 1.47e-08 1.38e-09 1.04e-10 5.93e-12 -5.93e-12 
-7.89e-11 7.89e-11 5.46e-10 6.07e-09 5.54e-08 4.17e-07 2.60e-06 1.34e-05 5.78e-05 2.07e-04 6.24e-04 1.60e-03 3.57e-03 7.18e-03 1.34e-02 2.33e-02 3.79e-02 5.76e-02 8.20e-02 1.10e-01 1.39e-01 1.66e-01 1.91e-01 2.12e-01 2.29e-01 2.42e-01 2.51e-01 2.58e-01 2.63e-01 2.66e-01 2.67e-01 2.66e-01 2.63e-01 2.58e-01 2.51e-01 2.42e-01 2.29e-01 2.12e-01 1.91e-01 1.66e-01 1.39e-01 1.10e-01 8.20e-02 5.76e-02 3.79e-02 2.33e-02 1.34e-02 7.18e-03 3.57e-03 1.60e-03 6.24e-04 2.07e-04 5.78e-05 1.34e-05 2.60e-06 4.17e-07 5.54e-08 6.07e-09 5.44e-10 3.72e-11 -3.72e-11 
-3.78e-10 3.78e-10 2.21e-09 2.10e-08 1.66e-07 1.10e-06 6.03e-06 2.77e-05 1.07e-04 3.48e-04 9.64e-04 2.32e-03 4.95e-03 9.66e-03 1.75e-02 2.98e-02 4.71e-02 6.95e-02 9.58e-02 1.24e-01 1.52e-01 1.77e-01 1.98e-01 2.15e-01 2.27e-01 2.36e-01 2.44e-01 2.50e-01 2.54e-01 2.57e-01 2.58e-01 2.57e-01 2.54e-01 2.50e-01 2.44e-01 2.36e-01 2.27e-01 2.15e-01 1.98e-01 1.77e-01 1.52e-01 1.24e-01 9.58e-02 6.95e-02 4.71e-02 2.98e-02 1.75e-02 9.66e-03 4.95e-03 2.32e-03 9.64e-04 3.48e-04 1.07e-04 2.77e-05 6.03e-06 1.10e-06 1.66e-07 2.10e-08 2.20e-09 1.76e-10 -1.76e-10 
-1.39e-09 1.39e-09 7.03e-09 5.81e-08 4.05e-07 2.37e-06 1.17e-05 4.88e-05 1.72e-04 5.19e-04 1.35e-03 3.10e-03 6.39e-03 1.22e-02 2.16e-02 3.57e-02 5.49e-02 7.86e-02 1.05e-01 1.32e-01 1.57e-01 1.78e-01 1.95e-01 2.07e-01 2.16e-01 2.24e-01 2.31e-01 2.38e-01 2.44e-01 2.48e-01 2.49e-01 2.48e-01 2.44e-01 2.38e-01 2.31e-01 2.24e-01 2.16e-01 2.07e-01 1.95e-01 1.78e-01 1.57e-01 1.32e-01 1.05e-01 7.86e-02 5.49e-02 3.57e-02 2.16e-02 1.22e-02 6.39e-03 3.10e-03 1.35e-03 5.19e-04 1.72e-04 4.88e-05 1.17e-05 2.37e-06 4.05e-07 5.81e-08 6.96e-09 6.38e-10 -6.38e-10 
-3.99e-09 3.99e-09 1.78e-08 1.30e-07 8.16e-07 4.33e-06 1.95e-05 7.51e-05 2.47e-04 7.01e-04 1.74e-03 3.84e-03 7.72e-03 1.44e-02 2.50e-02 4.03e-02 6.03e-02 8.39e-02 1.09e-01 1.34e-01 1.54e-01 1.71e-01 1.83e-01 1.92e-01 2.01e-01 2.09e-01 2.19e-01 2.29e-01 2.39e-01 2.46e-01 2.49e-01 2.46e-01 2.39e-01 2.29e-01 2.19e-01 2.09e-01 2.01e-01 1.92e-01 1.83e-01 1.71e-01 1.54e-01 1.34e-01 1.09e-01 8.39e-02 6.03e-02 4.03e-02 2.50e-02 1.44e-02 7.72e-03 3.84e-03 1.74e-03 7.01e-04 2.47e-04 7.51e-05 1.95e-05 4.33e-06 8.16e-07 1.30e-07 1.76e-08 1.81e-09 -1.81e-09 
-9.12e-09 9.12e-09 3.65e-08 2.42e-07 1.38e-06 6.78e-06 2.84e-05 1.03e-04 3.19e-04 8.64e-04 2.06e-03 4.43e-03 8.73e-03 1.60e-02 2.71e-02 4.27e-02 6.24e-02 8.47e-02 1.07e-01 1.28e-01 1.45e-01 1.57e-01 1.66e-01 1.75e-01 1.84e-01 1.95e-01 2.10e-01 2.26e-01 2.43e-01 2.55e-01 2.60e-01 2.55e-01 2.43e-01 2.26e-01 2.10e-01 1.95e-01 1.84e-01 1.75e-01 1.66e-01 1.57e-01 1.45e-01 1.28e-01 1.07e-01 8.47e-02 6.24e-02 4.27e-02 2.71e-02 1.60e-02 8.73e-03 4.43e-03 2.06e-03 8.64e-04 3.19e-04 1.03e-04 2.84e-05 6.78e-06 1.38e-06 2.42e-07 3.59e-08 4.07e-09 -4.07e-09 
-1.68e-08 1.68e-08 6.17e-08 3.77e-07 2.01e-06 9.24e-06 3.66e-05 1.25e-04 3.74e-04 9.76e-04 2.27e-03 4.76e-03 9.21e-03 1.65e-02 2.76e-02 4.25e-02 6.07e-02 8.06e-02 9.99e-02 1.16e-01 1.29e-01 1.39e-01 1.46e-01 1.55e-01 1.66e-01 1.83e-01 2.04e-01 2.30e-01 2.57e-01 2.79e-01 2.88e-01 2.79e-01 2.57e-01 2.30e-01 2.04e-01 1.83e-01 1.66e-01 1.55e-01 1.46e-01 1.39e-01 1.29e-01 1.16e-01 9.99e-02 8.06e-02 6.07e-02 4.25e-02 2.76e-02 1.65e-02 9.21e-03 4.76e-03 2.27e-03 9.76e-04 3.74e-04 1.25e-04 3.66e-05 9.24e-06 2.01e-06 3.77e-07 6.06e-08 7.41e-09 -7.41e-09 
-2.54e-08 2.54e-08 8.72e-08 5.00e-07 2.52e-06 1.10e-05 4.18e-05 1.38e-04 3.97e-04 1.01e-03 2.29e-03 4.73e-03 9.01e-03 1.59e-02 2.61e-02 3.96e-02 5.54e-02 7.22e-02 8.77e-02 1.00e-01 1.10e-01 1.17e-01 1.24e-01 1.34e-01 1.48e-01 1.70e-01 2.00e-01 2.38e-01 2.81e-01 3.20e-01 3.38e-01 3.20e-01 2.81e-01 2.38e-01 2.00e-01 1.70e-01 1.48e-01 1.34e-01 1.24e-01 1.17e-01 1.10e-01 1.00e-01 8.77e-02 7.22e-02 5.54e-02 3.96e-02 2.61e-02 1.59e-02 9.01e-03 4.73e-03 2.29e-03 1.01e-03 3.97e-04 1.38e-04 4.18e-05 1.10e-05 2.52e-06 4.99e-07 8.54e-08 1.11e-08 -1.11e-08 
-3.15e-08 3.15e-08 1.03e-07 5.63e-07 2.72e-06 1.15e-05 4.21e-05 1.35e-04 3.78e-04 9.39e-04 2.10e-03 4.28e-03 8.06e-03 1.41e-02 2.27e-02 3.39e-02 4.68e-02 6.00e-02 7.18e-02 8.12e-02 8.81e-02 9.38e-02 1.01e-01 1.11e-01 1.27e-01 1.53e-01 1.92e-01 2.45e-01 3.14e-01 3.87e-01 4.28e-01 3.87e-01 3.14e-01 2.45e-01 1.92e-01 1.53e-01 1.27e-01 1.11e-01 1.01e-01 9.38e-02 8.81e-02 8.12e-02 7.18e-02 6.00e-02 4.68e-02 3.39e-02 2.27e-02 1.41e-02 8.06e-03 4.28e-03 2.10e-03 9.39e-04 3.78e-04 1.35e-04 4.21e-05 1.15e-05 2.72e-06 5.62e-07 1.01e-07 1.36e-08 -1.36e-08 
-3.16e-08 3.16e-08 9.98e-08 5.26e-07 2.47e-06 1.01e-05 3.62e-05 1.13e-04 3.13e-04 7.67e-04 1.69e-03 3.42e-03 6.38e-03 1.10e-02 1.76e-02 2.60e-02 3.55e-02 4.49e-02 5.32e-02 5.95e-02 6.42e-02 6.87e-02 7.45e-02 8.43e-02 1.01e-01 1.28e-01 1.71e-01 2.40e-01 3.45e-01 4.87e-01 6.04e-01 4.87e-01 3.45e-01 2.40e-01 1.71e-01 1.28e-01 1.01e-01 8.43e-02 7.45e-02 6.87e-02 6.42e-02 5.95e-02 5.32e-02 4.49e-02 3.55e-02 2.60e-02 1.76e-02 1.10e-02 6.38e-03 3.42e-03 1.69e-03 7.67e-04 3.13e-04 1.13e-04 3.62e-05 1.01e-05 2.47e-06 5.25e-07 9.72e-08 1.36e-08 -1.36e-08 
-2.36e-08 2.36e-08 7.29e-08 3.76e-07 1.73e-06 6.97e-06 2.46e-05 7.59e-05 2.07e-04 5.02e-04 1.10e-03 2.21e-03 4.09e-03 7.03e-03 1.12e-02 1.63e-02 2.21e-02 2.77e-02 3.25e-02 3.63e-02 3.92e-02 4.19e-02 4.61e-02 5.33e-02 6.58e-02 8.78e-02 1.27e-01 2.00e-01 3.41e-01 6.13e-01 1.02e+00 6.13e-01 3.41e-01 2.00e-01 1.27e-01 8.78e-02 6.58e-02 5.33e-02 4.61e-02 4.19e-02 3.92e-02 3.63e-02 3.25e-02 2.77e-02 2.21e-02 1.63e-02 1.12e-02 7.03e-03 4.09e-03 2.21e-03 1.10e-03 5.02e-04 2.07e-04 7.59e-05 2.46e-05 6.97e-06 1.73e-06 3.75e-07 7.10e-08 1.01e-08 -1.01e-08 
-8.78e-09 8.78e-09 2.68e-08 1.37e-07 6.23e-07 2.49e-06 8.70e-06 2.67e-05 7.24e-05 1.75e-04 3.82e-04 7.63e-04 1.41e-03 2.42e-03 3.82e-03 5.56e-03 7.49e-03 9.40e-03 1.10e-02 1.22e-02 1.31e-02 1.41e-02 1.56e-02 1.83e-02 2.32e-02 3.21e-02 5.01e-02 9.16e-02 2.09e-01 6.11e-01 2.23e+00 6.11e-01 2.09e-01 9.16e-02 5.01e-02 3.21e-02 2.32e-02 1.83e-02 1.56e-02 1.41e-02 1.31e-02 1.22e-02 1.10e-02 9.40e-03 7.49e-03 5.56e-03 3.82e-03 2.42e-03 1.41e-03 7.63e-04 3.82e-04 1.75e-04 7.24e-05 2.67e-05 8.70e-06 2.49e-06 6.23e-07 1.36e-07 2.61e-08 3.74e-09 -3.74e-09 
8.78e-09 -8.78e-09 -2.68e-08 -1.37e-07 -6.23e-07 -2.49e-06 -8.70e-06 -2.67e-05 -7.24e-05 -1.75e-04 -3.82e-04 -7.63e-04 -1.41e-03 -2.42e-03 -3.82e-03 -5.56e-03 -7.49e-03 -9.40e-03 -1.10e-02 -1.22e-02 -1.31e-02 -1.41e-02 -1.56e-02 -1.83e-02 -2.32e-02 -3.21e-02 -5.01e-02 -9.16e-02 -2.09e-01 -6.11e-01 -2.23e+00 -6.11e-01 -2.09e-01 -9.16e-02 -5.01e-02 -3.21e-02 -2.32e-02 -1.83e-02 -1.56e-02 -1.41e-02 -1.31e-02 -1.22e-02 -1.10e-02 -9.40e-03 -7.49e-03 -5.56e-03 -3.82e-03 -2.42e-03 -1.41e-03 -7.63e-04 -3.82e-04 -1.75e-04 -7.24e-05 -2.67e-05 -8.70e-06 -2.49e-06 -6.23e-07 -1.36e-07 -2.61e-08 -3.74e-09 3.74e-09 
2.36e-08 -2.36e-08 -7.29e-08 -3.76e-07 -1.73e-06 -6.97e-06 -2.46e-05 -7.59e-05 -2.07e-04 -5.02e-04 -1.10e-03 -2.21e-03 -4.09e-03 -7.03e-03 -1.12e-02 -1.63e-02 -2.21e-02 -2.77e-02 -3.25e-02 -3.63e-02 -3.92e-02 -4.19e-02 -4.61e-02 -5.33e-02 -6.58e-02 -8.78e-02 -1.27e-01 -2.00e-01 -3.41e-01 -6.13e-01 -1.02e+00 -6.13e-01 -3.41e-01 -2.00e-01 -1.27e-01 -8.78e-02 -6.58e-02 -5.33e-02 -4.61e-02 -4.19e-02 -3.92e-02 -3.63e-02 -3.25e-02 -2.77e-02 -2.21e-02 -1.63e-02 -1.12e-02 -7.03e-03 -4.09e-03 -2.21e-03 -1.10e-03 -5.02e-04 -2.07e-04 -7.59e-05 -2.46e-05 -6.97e-06 -1.73e-06 -3.75e-07 -7.10e-08 -1.01e-08 1.01e-08 
3.16e-08 -3.16e-08 -9.98e-08 -5.26e-07 -2.47e-06 -1.01e-05 -3.62e-05 -1.13e-04 -3.13e-04 -7.67e-04 -1.69e-03 -3.42e-03 -6.38e-03 -1.10e-02 -1.76e-02 -2.60e-02 -3.55e-02 -4.49e-02 -5.32e-02 -5.95e-02 -6.42e-02 -6.87e-02 -7.45e-02 -8.43e-02 -1.01e-01 -1.28e-01 -1.71e-01 -2.40e-01 -3.45e-01 -4.87e-01 -6.04e-01 -4.87e-01 -3.45e-01 -2.40e-01 -1.71e-01 -1.28e-01 -1.01e-01 -8.43e-02 -7.45e-02 -6.87e-02 -6.42e-02 -5.95e-02 -5.32e-02 -4.49e-02 -3.55e-02 -2.60e-02 -1.76e-02 -1.10e-02 -6.38e-03 -3.42e-03 -1.69e-03 -7.67e-04 -3.13e-04 -1.13e-04 -3.62e-05 -1.01e-05 -2.47e-06 -5.25e-07 -9.72e-08 -1.36e-08 1.36e-08 
3.15e-08 -3.15e-08 -1.03e-07 -5.63e-07 -2.72e-06 -1.15e-05 -4.21e-05 -1.35e-04 -3.78e-04 -9.39e-04 -2.10e-03 -4.28e-03 -8.06e-03 -1.41e-02 -2.27e-02 -3.39e-02 -4.68e-02 -6.00e-02 -7.18e-02 -8.12e-02 -8.81e-02 -9.38e-02 -1.01e-01 -1.11e-01 -1.27e-01 -1.53e-01 -1.92e-01 -2.45e-01 -3.14e-01 -3.87e-01 -4.28e-01 -3.87e-01 -3.14e-01 -2.45e-01 -1.92e-01 -1.53e-01 -1.27e-01 -1.11e-01 -1.01e-01 -9.38e-02 -8.81e-02 -8.12e-02 -7.18e-02 -6.00e-02 -4.68e-02 -3.39e-02 -2.27e-02 -1.41e-02 -8.06e-03 -4.28e-03 -2.10e-03 -9.39e-04 -3.78e-04 -1.35e-04 -4.21e-05 -1.15e-05 -2.72e-06 -5.62e-07 -1.01e-07 -1.36e-08 1.36e-08 
2.54e-08 -2.54e-08 -8.72e-08 -5.00e-07 -2.52e-06 -1.10e-05 -4.18e-05 -1.38e-04 -3.97e-04 -1.01e-03 -2.29e-03 -4.73e-03 -9.01e-03 -1.59e-02 -2.61e-02 -3.96e-02 -5.54e-02 -7.22e-02 -8.77e-02 -1.00e-01 -1.10e-01 -1.17e-01 -1.24e-01 -1.34e-01 -1.48e-01 -1.70e-01 -2.00e-01 -2.38e-01 -2.81e-01 -3.20e-01 -3.38e-01 -3.20e-01 -2.81e-01 -2.38e-01 -2.00e-01 -1.70e-01 -1.48e-01 -1.34e-01 -1.24e-01 -1.17e-01 -1.10e-01 -1.00e-01 -8.77e-02 -7.22e-02 -5.54e-02 -3.96e-02 -2.61e-02 -1.59e-02 -9.01e-03 -4.73e-03 -2.29e-03 -1.01e-03 -3.97e-04 -1.38e-04 -4.18e-05 -1.10e-05 -2.52e-06 -4.99e-07 -8.54e-08 -1.11e-08 1.11e-08 
1.68e-08 -1.68e-08 -6.17e-08 -3.77e-07 -2.01e-06 -9.24e-06 -3.66e-05 -1.25e-04 -3.74e-04 -9.76e-04 -2.27e-03 -4.76e-03 -9.21e-03 -1.65e-02 -2.76e-02 -4.25e-02 -6.07e-02 -8.06e-02 -9.99e-02 -1.16e-01 -1.29e-01 -1.39e-01 -1.46e-01 -1.55e-01 -1.66e-01 -1.83e-01 -2.04e-01 -2.30e-01 -2.57e-01 -2.79e-01 -2.88e-01 -2.79e-01 -2.57e-01 -2.30e-01 -2.04e-01 -1.83e-01 -1.66e-01 -1.55e-01 -1.46e-01 -1.39e-01 -1.29e-01 -1.16e-01 -9.99e-02 -8.06e-02 -6.07e-02 -4.25e-02 -2.76e-02 -1.65e-02 -9.21e-03 -4.76e-03 -2.27e-03 -9.76e-04 -3.74e-04 -1.25e-04 -3.66e-05 -9.24e-06 -2.01e-06 -3.77e-07 -6.06e-08 -7.41e-09 7.41e-09 
9.12e-09 -9.12e-09 -3.65e-08 -2.42e-07 -1.38e-06 -6.78e-06 -2.84e-05 -1.03e-04 -3.19e-04 -8.64e-04 -2.06e-03 -4.43e-03 -8.73e-03 -1.60e-02 -2.71e-02 -4.27e-02 -6.24e-02 -8.47e-02 -1.07e-01 -1.28e-01 -1.45e-01 -1.57e-01 -1.66e-01 -1.75e-01 -1.84e-01 -1.95e-01 -2.10e-01 -2.26e-01 -2.43e-01 -2.55e-01 -2.60e-01 -2.55e-01 -2.43e-01 -2.26e-01 -2.10e-01 -1.95e-01 -1.84e-01 -1.75e-01 -1.66e-01 -1.57e-01 -1.45e-01 -1.28e-01 -1.07e-01 -8.47e-02 -6.24e-02 -4.27e-02 -2.71e-02 -1.60e-02 -8.73e-03 -4.43e-03 -2.06e-03 -8.64e-04 -3.19e-04 -1.03e-04 -2.84e-05 -6.78e-06 -1.38e-06 -2.42e-07 -3.59e-08 -4.07e-09 4.07e-09 
3.99e-09 -3.99e-09 -1.78e-08 -1.30e-07 -8.16e-07 -4.33e-06 -1.95e-05 -7.51e-05 -2.47e-04 -7.01e-04 -1.74e-03 -3.84e-03 -7.72e-03 -1.44e-02 -2.50e-02 -4.03e-02 -6.03e-02 -8.39e-02 -1.09e-01 -1.34e-01 -1.54e-01 -1.71e-01 -1.83e-01 -1.92e-01 -2.01e-01 -2.09e-01 -2.19e-01 -2.29e-01 -2.39e-01 -2.46e-01 -2.49e-01 -2.46e-01 -2.39e-01 -2.29e-01 -2.19e-01 -2.09e-01 -2.01e-01 -1.92e-01 -1.83e-01 -1.71e-01 -1.54e-01 -1.34e-01 -1.09e-01 -8.39e-02 -6.03e-02 -4.03e-02 -2.50e-02 -1.44e-02 -7.72e-03 -3.84e-03 -1.74e-03 -7.01e-04 -2.47e-04 -7.51e-05 -1.95e-05 -4.33e-06 -8.16e-07 -1.30e-07 -1.76e-08 -1.81e-09 1.81e-09 
1.39e-09 -1.39e-09 -7.03e-09 -5.81e-08 -4.05e-07 -2.37e-06 -1.17e-05 -4.88e-05 -1.72e-04 -5.19e-04 -1.35e-03 -3.10e-03 -6.39e-03 -1.22e-02 -2.16e-02 -3.57e-02 -5.49e-02 -7.86e-02 -1.05e-01 -1.32e-01 -1.57e-01 -1.78e-01 -1.95e-01 -2.07e-01 -2.16e-01 -2.24e-01 -2.31e-01 -2.38e-01 -2.44e-01 -2.48e-01 -2.49e-01 -2.48e-01 -2.44e-01 -2.38e-01 -2.31e-01 -2.24e-01 -2.16e-01 -2.07e-01 -1.95e-01 -1.78e-01 -1.57e-01 -1.32e-01 -1.05e-01 -7.86e-02 -5.49e-02 -3.57e-02 -2.16e-02 -1.22e-02 -6.39e-03 -3.10e-03 -1.35e-03 -5.19e-04 -1.72e-04 -4.88e-05 -1.17e-05 -2.37e-06 -4.05e-07 -5.81e-08 -6.96e-09 -6.38e-10 6.38e-10 
3.78e-10 -3.78e-10 -2.21e-09 -2.10e-08 -1.66e-07 -1.10e-06 -6.03e-06 -2.77e-05 -1.07e-04 -3.48e-04 -9.64e-04 -2.32e-03 -4.95e-03 -9.66e-03 -1.75e-02 -2.98e-02 -4.71e-02 -6.95e-02 -9.58e-02 -1.24e-01 -1.52e-01 -1.77e-01 -1.98e-01 -2.15e-01 -2.27e-01 -2.36e-01 -2.44e-01 -2.50e-01 -2.54e-01 -2.57e-01 -2.58e-01 -2.57e-01 -2.54e-01 -2.50e-01 -2.44e-01 -2.36e-01 -2.27e-01 -2.15e-01 -1.98e-01 -1.77e-01 -1.52e-01 -1.24e-01 -9.58e-02 -6.95e-02 -4.71e-02 -2.98e-02 -1.75e-02 -9.66e-03 -4.95e-03 -2.32e-03 -9.64e-04 -3.48e-04 -1.07e-04 -2.77e-05 -6.03e-06 -1.10e-06 -1.66e-07 -2.10e-08 -2.20e-09 -1.76e-10 1.76e-10 
7.89e-11 -7.89e-11 -5.46e-10 -6.07e-09 -5.54e-08 -4.17e-07 -2.60e-06 -1.34e-05 -5.78e-05 -2.07e-04 -6.24e-04 -1.60e-03 -3.57e-03 -7.18e-03 -1.34e-02 -2.33e-02 -3.79e-02 -5.76e-02 -8.20e-02 -1.10e-01 -1.39e-01 -1.66e-01 -1.91e-01 -2.12e-01 -2.29e-01 -2.42e-01 -2.51e-01 -2.58e-01 -2.63e-01 -2.66e-01 -2.67e-01 -2.66e-01 -2.63e-01 -2.58e-01 -2.51e-01 -2.42e-01 -2.29e-01 -2.12e-01 -1.91e-01 -1.66e-01 -1.39e-01 -1.10e-01 -8.20e-02 -5.76e-02 -3.79e-02 -2.33e-02 -1.34e-02 -7.18e-03 -3.57e-03 -1.60e-03 -6.24e-04 -2.07e-04 -5.78e-05 -1.34e-05 -2.60e-06 -4.17e-07 -5.54e-08 -6.07e-09 -5.44e-10 -3.72e-11 3.72e-11 
1.24e-11 -1.24e-11 -1.04e-10 -1.38e-09 -1.47e-08 -1.29e-07 -9.21e-07 -5.44e-06 -2.65e-05 -1.07e-04 -3.58e-04 -1.00e-03 -2.39e-03 -5.00e-03 -9.55e-03 -1.71e-02 -2.87e-02 -4.49e-02 -6.58e-02 -9.09e-02 -1.19e-01 -1.47e-01 -1.74e-01 -1.98e-01 -2.19e-01 -2.35e-01 -2.48e-01 -2.57e-01 -2.64e-01 -2.68e-01 -2.69e-01 -2.68e-01 -2.64e-01 -2.57e-01 -2.48e-01 -2.35e-01 -2.19e-01 -1.98e-01 -1.74e-01 -1.47e-01 -1.19e-01 -9.09e-02 -6.58e-02 -4.49e-02 -2.87e-02 -1.71e-02 -9.55e-03 -5.00e-03 -2.39e-03 -1.00e-03 -3.58e-04 -1.07e-04 -2.65e-05 -5.44e-06 -9.21e-07 -1.29e-07 -1.47e-08 -1.38e-09 -1.04e-10 -5.93e-12 5.93e-12 
1.45e-12 -1.45e-12 -1.51e-11 -2.42e-10 -3.09e-09 -3.17e-08 -2.64e-07 -1.80e-06 -1.01e-05 -4.65e-05 -1.76e-04 -5.53e-04 -1.45e-03 -3.24e-03 -6.40e-03 -1.17e-02 -2.02e-02 -3.27e-02 -4.94e-02 -7.03e-02 -9.47e-02 -1.21e-01 -1.48e-01 -1.73e-01 -1.96e-01 -2.15e-01 -2.30e-01 -2.42e-01 -2.51e-01 -2.55e-01 -2.57e-01 -2.55e-01 -2.51e-01 -2.42e-01 -2.30e-01 -2.15e-01 -1.96e-01 -1.73e-01 -1.48e-01 -1.21e-01 -9.47e-02 -7.03e-02 -4.94e-02 -3.27e-02 -2.02e-02 -1.17e-02 -6.40e-03 -3.24e-03 -1.45e-03 -5.53e-04 -1.76e-04 -4.65e-05 -1.01e-05 -1.80e-06 -2.64e-07 -3.17e-08 -3.09e-09 -2.42e-10 -1.51e-11 -6.99e-13 6.99e-13 
1.21e-13 -1.21e-13 -1.62e-12 -3.25e-11 -5.03e-10 -6.17e-09 -6.06e-08 -4.83e-07 -3.14e-06 -1.67e-05 -7.29e-05 -2.61e-04 -7.70e-04 -1.90e-03 -4.00e-03 -7.55e-03 -1.33e-02 -2.21e-02 -3.46e-02 -5.08e-02 -7.05e-02 -9.28e-02 -1.16e-01 -1.40e-01 -1.62e-01 -1.82e-01 -1.99e-01 -2.12e-01 -2.22e-01 -2.27e-01 -2.29e-01 -2.27e-01 -2.22e-01 -2.12e-01 -1.99e-01 -1.82e-01 -1.62e-01 -1.40e-01 -1.16e-01 -9.28e-02 -7.05e-02 -5.08e-02 -3.46e-02 -2.21e-02 -1.33e-02 -7.55e-03 -4.00e-03 -1.90e-03 -7.70e-04 -2.61e-04 -7.29e-05 -1.67e-05 -3.14e-06 -4.83e-07 -6.06e-08 -6.17e-09 -5.03e-10 -3.25e-11 -1.62e-12 -5.87e-14 5.87e-14 
6.74e-15 -6.74e-15 -1.25e-13 -3.25e-12 -6.28e-11 -9.36e-10 -1.10e-08 -1.04e-07 -7.89e-07 -4.89e-06 -2.47e-05 -1.02e-04 -3.46e-04 -9.67e-04 -2.26e-03 -4.54e-03 -8.22e-03 -1.39e-02 -2.24e-02 -3.40e-02 -4.86e-02 -6.59e-02 -8.51e-02 -1.05e-01 -1.25e-01 -1.43e-01 -1.59e-01 -1.72e-01 -1.81e-01 -1.87e-01 -1.89e-01 -1.87e-01 -1.81e-01 -1.72e-01 -1.59e-01 -1.43e-01 -1.25e-01 -1.05e-01 -8.51e-02 -6.59e-02 -4.86e-02 -3.40e-02 -2.24e-02 -1.39e-02 -8.22e-03 -4.54e-03 -2.26e-03 -9.67e-04 -3.46e-04 -1.02e-04 -2.47e-05 -4.89e-06 -7.89e-07 -1.04e-07 -1.10e-08 -9.36e-10 -6.28e-11 -3.25e-12 -1.25e-13 -3.31e-15 3.31e-15 
2.27e-16 -2.27e-16 -6.53e-15 -2.34e-13 -5.87e-12 -1.09e-10 -1.56e-09 -1.76e-08 -1.59e-07 -1.15e-06 -6.82e-06 -3.28e-05 -1.29e-04 -4.14e-04 -1.10e-03 -2.45e-03 -4.74e-03 -8.28e-03 -1.36e-02 -2.11e-02 -3.10e-02 -4.33e-02 -5.74e-02 -7.27e-02 -8.83e-02 -1.03e-01 -1.17e-01 -1.28e-01 -1.36e-01 -1.41e-01 -1.43e-01 -1.41e-01 -1.36e-01 -1.28e-01 -1.17e-01 -1.03e-01 -8.83e-02 -7.27e-02 -5.74e-02 -4.33e-02 -3.10e-02 -2.11e-02 -1.36e-02 -8.28e-03 -4.74e-03 -2.45e-03 -1.10e-03 -4.14e-04 -1.29e-04 -3.28e-05 -6.82e-06 -1.15e-06 -1.59e-07 -1.76e-08 -1.56e-09 -1.09e-10 -5.87e-12 -2.34e-13 -6.53e-15 -1.13e-16 1.13e-16 
3.47e-18 -3.47e-18 -2.06e-16 -1.14e-14 -3.96e-13 -9.55e-12 -1.71e-10 -2.35e-09 -2.54e-08 -2.19e-07 -1.52e-06 -8.53e-06 -3.91e-05 -1.46e-04 -4.46e-04 -1.13e-03 -2.42e-03 -4.53e-03 -7.70e-03 -1.22e-02 -1.84e-02 -2.63e-02 -3.58e-02 -4.64e-02 -5.75e-02 -6.85e-02 -7.87e-02 -8.74e-02 -9.40e-02 -9.81e-02 -9.95e-02 -9.81e-02 -9.40e-02 -8.74e-02 -7.87e-02 -6.85e-02 -5.75e-02 -4.64e-02 -3.58e-02 -2.63e-02 -1.84e-02 -1.22e-02 -7.70e-03 -4.53e-03 -2.42e-03 -1.13e-03 -4.46e-04 -1.46e-04 -3.91e-05 -8.53e-06 -1.52e-06 -2.19e-07 -2.54e-08 -2.35e-09 -1.71e-10 -9.55e-12 -3.96e-13 -1.14e-14 -2.06e-16 -1.74e-18 1.74e-18 
-0.00e+00 0.00e+00 -2.96e-18 -3.39e-16 -1.82e-14 -6.06e-13 -1.41e-11 -2.42e-10 -3.18e-09 -3.29e-08 -2.71e-07 -1.79e-06 -9.60e-06 -4.18e-05 -1.49e-04 -4.34e-04 -1.05e-03 -2.18e-03 -3.97e-03 -6.58e-03 -1.02e-02 -1.49e-02 -2.07e-02 -2.74e-02 -3.46e-02 -4.19e-02 -4.88e-02 -5.48e-02 -5.95e-02 -6.24e-02 -6.34e-02 -6.24e-02 -5.95e-02 -5.48e-02 -4.88e-02 -4.19e-02 -3.46e-02 -2.74e-02 -2.07e-02 -1.49e-02 -1.02e-02 -6.58e-03 -3.97e-03 -2.18e-03 -1.05e-03 -4.34e-04 -1.49e-04 -4.18e-05 -9.60e-06 -1.79e-06 -2.71e-07 -3.29e-08 -3.18e-09 -2.42e-10 -1.41e-11 -6.06e-13 -1.82e-14 -3.39e-16 -2.96e-18 0.00e+00 -0.00e+00 
-0.00e+00 0.00e+00 0.00e+00 -4.61e-18 -5.09e-16 -2.63e-14 -8.44e-13 -1.88e-11 -3.10e-10 -3.90e-09 -3.85e-08 -3.03e-07 -1.91e-06 -9.72e-06 -4.02e-05 -1.36e-04 -3.80e-04 -8.89e-04 -1.78e-03 -3.17e-03 -5.14e-03 -7.78e-03 -1.11e-02 -1.50e-02 -1.93e-02 -2.37e-02 -2.80e-02 -3.18e-02 -3.47e-02 -3.66e-02 -3.73e-02 -3.66e-02 -3.47e-02 -3.18e-02 -2.80e-02 -2.37e-02 -1.93e-02 -1.50e-02 -1.11e-02 -7.78e-03 -5.14e-03 -3.17e-03 -1.78e-03 -8.89e-04 -3.80e-04 -1.36e-04 -4.02e-05 -9.72e-06 -1.91e-06 -3.03e-07 -3.85e-08 -3.90e-09 -3.10e-10 -1.88e-11 -8.44e-13 -2.63e-14 -5.09e-16 -4.61e-18 0.00e+00 0.00e+00 -0.00e+00 
-0.00e+00 0.00e+00 0.00e+00 0.00e+00 -6.54e-18 -6.97e-16 -3.47e-14 -1.07e-12 -2.28e-11 -3.60e-10 -4.33e-09 -4.08e-08 -3.05e-07 -1.83e-06 -8.84e-06 -3.48e-05 -1.12e-04 -3.00e-04 -6.77e-04 -1.32e-03 -2.30e-03 -3.65e-03 -5.39e-03 -7.49e-03 -9.86e-03 -1.24e-02 -1.48e-02 -1.70e-02 -1.87e-02 -1.98e-02 -2.02e-02 -1.98e-02 -1.87e-02 -1.70e-02 -1.48e-02 -1.24e-02 -9.86e-03 -7.49e-03 -5.39e-03 -3.65e-03 -2.30e-03 -1.32e-03 -6.77e-04 -3.00e-04 -1.12e-04 -3.48e-05 -8.84e-06 -1.83e-06 -3.05e-07 -4.08e-08 -4.33e-09 -3.60e-10 -2.28e-11 -1.07e-12 -3.47e-14 -6.97e-16 -6.54e-18 0.00e+00 0.00e+00 0.00e+00 -0.00e+00 
-0.00e+00 0.00e+00 0.00e+00 0.00e+00 0.00e+00 -8.51e-18 -8.72e-16 -4.16e-14 -1.23e-12 -2.52e-11 -3.79e-10 -4.35e-09 -3.90e-08 -2.77e-07 -1.58e-06 -7.24e-06 -2.71e-05 -8.32e-05 -2.13e-04 -4.64e-04 -8.81e-04 -1.50e-03 -2.33e-03 -3.37e-03 -4.57e-03 -5.86e-03 -7.14e-03 -8.30e-03 -9.22e-03 -9.82e-03 -1.00e-02 -9.82e-03 -9.22e-03 -8.30e-03 -7.14e-03 -5.86e-03 -4.57e-03 -3.37e-03 -2.33e-03 -1.50e-03 -8.81e-04 -4.64e-04 -2.13e-04 -8.32e-05 -2.71e-05 -7.24e-06 -1.58e-06 -2.77e-07 -3.90e-08 -4.35e-09 -3.79e-10 -2.52e-11 -1.23e-12 -4.16e-14 -8.72e-16 -8.51e-18 0.00e+00 0.00e+00 0.00e+00 0.00e+00 -0.00e+00 
-0.00e+00 0.00e+00 0.00e+00 0.00e+00 0.00e+00 0.00e+00 -1.01e-17 -9.97e-16 -4.57e-14 -1.29e-12 -2.52e-11 -3.62e-10 -3.96e-09 -3.37e-08 -2.27e-07 -1.22e-06 -5.32e-06 -1.89e-05 -5.53e-05 -1.36e-04 -2.85e-04 -5.26e-04 -8.73e-04 -1.33e-03 -1.87e-03 -2.47e-03 -3.08e-03 -3.65e-03 -4.10e-03 -4.39e-03 -4.50e-03 -4.39e-03 -4.10e-03 -3.65e-03 -3.08e-03 -2.47e-03 -1.87e-03 -1.33e-03 -8.73e-04 -5.26e-04 -2.85e-04 -1.36e-04 -5.53e-05 -1.89e-05 -5.32e-06 -1.22e-06 -2.27e-07 -3.37e-08 -3.96e-09 -3.62e-10 -2.52e-11 -1.29e-12 -4.57e-14 -9.97e-16 -1.01e-17 0.00e+00 0.00e+00 0.00e+00 0.00e+00 0.00e+00 -0.00e+00 
-0.00e+00 0.00e+00 0.00e+00 0.00e+00 0.00e+00 0.00e+00 0.00e+00 -1.10e-17 -1.04e-15 -4.57e-14 -1.23e-12 -2.30e-11 -3.14e-10 -3.26e-09 -2.63e-08 -1.67e-07 -8.53e-07 -3.51e-06 -1.18e-05 -3.29e-05 -7.72e-05 -1.56e-04 -2.80e-04 -4.52e-04 -6.68e-04 -9.16e-04 -1.18e-03 -1.42e-03 -1.62e-03 -1.75e-03 -1.79e-03 -1.75e-03 -1.62e-03 -1.42e-03 -1.18e-03 -9.16e-04 -6.68e-04 -4.52e-04 -2.80e-04 -1.56e-04 -7.72e-05 -3.29e-05 -1.18e-05 -3.51e-06 -8.53e-07 -1.67e-07 -2.63e-08 -3.26e-09 -3.14e-10 -2.30e-11 -1.23e-12 -4.57e-14 -1.04e-15 -1.10e-17 0.00e+00 0.00e+00 0.00e+00 0.00e+00 0.00e+00 0.00e+00 -0.00e+00 
-0.00e+00 0.00e+00 0.00e+00 0.00e+00 0.00e+00 0.00e+00 0.00e+00 0.00e+00 -1.10e-17 -9.98e-16 -4.18e-14 -1.07e-12 -1.90e-11 -2.47e-10 -2.42e-09 -1.85e-08 -1.11e-07 -5.34e-07 -2.07e-06 -6.59e-06 -1.74e-05 -3.91e-05 -7.62e-05 -1.32e-04 -2.06e-04 -2.95e-04 -3.91e-04 -4.83e-04 -5.60e-04 -6.12e-04 -6.30e-04 -6.12e-04 -5.60e-04 -4.83e-04 -3.91e-04 -2.95e-04 -2.06e-04 -1.32e-04 -7.62e-05 -3.91e-05 -1.74e-05 -6.59e-06 -2.07e-06 -5.34e-07 -1.11e-07 -1.85e-08 -2.42e-09 -2.47e-10 -1.90e-11 -1.07e-12 -4.18e-14 -9.98e-16 -1.10e-17 0.00e+00 0.00e+00 0.00e+00 0.00e+00 0.00e+00 0.00e+00 0.00e+00 -0.00e+00 
-0.00e+00 0.00e+00 0.00e+00 0.00e+00 0.00e+00 0.00e+00 0.00e+00 0.00e+00 0.00e+00 -1.01e-17 -8.74e-16 -3.48e-14 -8.52e-13 -1.43e-11 -1.76e-10 -1.63e-09 -1.17e-08 -6.61e-08 -2.99e-07 -1.09e-06 -3.27e-06 -8.20e-06 -1.75e-05 -3.27e-05 -5.44e-05 -8.18e-05 -1.13e-04 -1.43e-04 -1.69e-04 -1.87e-04 -1.93e-04 -1.87e-04 -1.69e-04 -1.43e-04 -1.13e-04 -8.18e-05 -5.44e-05 -3.27e-05 -1.75e-05 -8.20e-06 -3.27e-06 -1.09e-06 -2.99e-07 -6.61e-08 -1.17e-08 -1.63e-09 -1.76e-10 -1.43e-11 -8.52e-13 -3.48e-14 -8.74e-16 -1.01e-17 0.00e+00 0.00e+00 0.00e+00 0.00e+00 0.00e+00 0.00e+00 0.00e+00 0.00e+00 -0.00e+00 
-0.00e+00 0.00e+00 0.00e+00 0.00e+00 0.00e+00 0.00e+00 0.00e+00 0.00e+00 0.00e+00 0.00e+00 -8.51e-18 -6.99e-16 -2.65e-14 -6.15e-13 -9.77e-12 -1.13e-10 -9.86e-10 -6.65e-09 -3.52e-08 -1.49e-07 -5.11e-07 -1.44e-06 -3.41e-06 -6.92e-06 -1.23e-05 -1.95e-05 -2.81e-05 -3.68e-05 -4.45e-05 -4.97e-05 -5.16e-05 -4.97e-05 -4.45e-05 -3.68e-05 -2.81e-05 -1.95e-05 -1.23e-05 -6.92e-06 -3.41e-06 -1.44e-06 -5.11e-07 -1.49e-07 -3.52e-08 -6.65e-09 -9.86e-10 -1.13e-10 -9.77e-12 -6.15e-13 -2.65e-14 -6.99e-16 -8.51e-18 0.00e+00 0.00e+00 0.00e+00 0.00e+00 0.00e+00 0.00e+00 0.00e+00 0.00e+00 0.00e+00 -0.00e+00 
-0.00e+00 0.00e+00 0.00e+00 0.00e+00 0.00e+00 0.00e+00 0.00e+00 0.00e+00 0.00e+00 0.00e+00 0.00e+00 -6.54e-18 -5.11e-16 -1.84e-14 -4.03e-13 -6.03e-12 -6.56e-11 -5.37e-10 -3.38e-09 -1.67e-08 -6.61e-08 -2.12e-07 -5.59e-07 -1.24e-06 -2.39e-06 -4.02e-06 -6.04e-06 -8.20e-06 -1.01e-05 -1.15e-05 -1.20e-05 -1.15e-05 -1.01e-05 -8.20e-06 -6.04e-06 -4.02e-06 -2.39e-06 -1.24e-06 -5.59e-07 -2.12e-07 -6.61e-08 -1.67e-08 -3.38e-09 -5.37e-10 -6.56e-11 -6.03e-12 -4.03e-13 -1.84e-14 -5.11e-16 -6.54e-18 0.00e+00 0.00e+00 0.00e+00 0.00e+00 0.00e+00 0.00e+00 0.00e+00 0.00e+00 0.00e+00 0.00e+00 -0.00e+00 
-0.00e+00 0.00e+00 0.00e+00 0.00e+00 0.00e+00 0.00e+00 0.00e+00 0.00e+00 0.00e+00 0.00e+00 0.00e+00 0.00e+00 -4.61e-18 -3.41e-16 -1.16e-14 -2.39e-13 -3.37e-12 -3.43e-11 -2.62e-10 -1.54e-09 -7.06e-09 -2.59e-08 -7.70e-08 -1.90e-07 -3.95e-07 -7.11e-07 -1.13e-06 -1.59e-06 -2.01e-06 -2.32e-06 -2.43e-06 -2.32e-06 -2.01e-06 -1.59e-06 -1.13e-06 -7.11e-07 -3.95e-07 -1.90e-07 -7.70e-08 -2.59e-08 -7.06e-09 -1.54e-09 -2.62e-10 -3.43e-11 -3.37e-12 -2.39e-13 -1.16e-14 -3.41e-16 -4.61e-18 0.00e+00 0.00e+00 0.00e+00 0.00e+00 0.00e+00 0.00e+00 0.00e+00 0.00e+00 0.00e+00 0.00e+00 0.00e+00 -0.00e+00 
-0.00e+00 0.00e+00 0.00e+00 0.00e+00 0.00e+00 0.00e+00 0.00e+00 0.00e+00 0.00e+00 0.00e+00 0.00e+00 0.00e+00 0.00e+00 -2.96e-18 -2.07e-16 -6.62e-15 -1.28e-13 -1.69e-12 -1.61e-11 -1.14e-10 -6.21e-10 -2.64e-09 -8.97e-09 -2.47e-08 -5.66e-08 -1.10e-07 -1.84e-07 -2.71e-07 -3.55e-07 -4.16e-07 -4.38e-07 -4.16e-07 -3.55e-07 -2.71e-07 -1.84e-07 -1.10e-07 -5.66e-08 -2.47e-08 -8.97e-09 -2.64e-09 -6.21e-10 -1.14e-10 -1.61e-11 -1.69e-12 -1.28e-13 -6.62e-15 -2.07e-16 -2.96e-18 0.00e+00 0.00e+00 0.00e+00 0.00e+00 0.00e+00 0.00e+00 0.00e+00 0.00e+00 0.00e+00 0.00e+00 0.00e+00 0.00e+00 -0.00e+00 
-0.00e+00 0.00e+00 0.00e+00 0.00e+00 0.00e+00 0.00e+00 0.00e+00 0.00e+00 0.00e+00 0.00e+00 0.00e+00 0.00e+00 0.00e+00 0.00e+00 -3.47e-18 -2.29e-16 -6.85e-15 -1.24e-13 -1.52e-12 -1.34e-11 -8.77e-11 -4.39e-10 -1.71e-09 -5.33e-09 -1.35e-08 -2.83e-08 -5.04e-08 -7.77e-08 -1.05e-07 -1.25e-07 -1.32e-07 -1.25e-07 -1.05e-07 -7.77e-08 -5.04e-08 -2.83e-08 -1.35e-08 -5.33e-09 -1.71e-09 -4.39e-10 -8.77e-11 -1.34e-11 -1.52e-12 -1.24e-13 -6.85e-15 -2.29e-16 -3.47e-18 0.00e+00 0.00e+00 0.00e+00 0.00e+00 0.00e+00 0.00e+00 0.00e+00 0.00e+00 0.00e+00 0.00e+00 0.00e+00 0.00e+00 0.00e+00 -0.00e+00 
0.00e+00 -0.00e+00 -0.00e+00 -0.00e+00 -0.00e+00 -0.00e+00 -0.00e+00 -0.00e+00 -0.00e+00 -0.00e+00 -0.00e+00 -0.00e+00 -0.00e+00 -0.00e+00 3.47e-18 2.29e-16 6.85e-15 1.24e-13 1.52e-12 1.34e-11 8.77e-11 4.39e-10 1.71e-09 5.33e-09 1.35e-08 2.83e-08 5.04e-08 7.77e-08 1.05e-07 1.25e-07 1.32e-07 1.25e-07 1.05e-07 7.77e-08 5.04e-08 2.83e-08 1.35e-08 5.33e-09 1.71e-09 4.39e-10 8.77e-11 1.34e-11 1.52e-12 1.24e-13 6.85e-15 2.29e-16 3.47e-18 -0.00e+00 -0.00e+00 -0.00e+00 -0.00e+00 -0.00e+00 -0.00e+00 -0.00e+00 -0.00e+00 -0.00e+00 -0.00e+00 -0.00e+00 -0.00e+00 -0.00e+00 0.00e+00 
