0.00e+00 -0.00e+00 -0.00e+00 -0.00e+00 -0.00e+00 -0.00e+00 -0.00e+00 -0.00e+00 -0.00e+00 -0.00e+00 -0.00e+00 -0.00e+00 -0.00e+00 -0.00e+00 -0.00e+00 -0.00e+00 -0.00e+00 -0.00e+00 -0.00e+00 -0.00e+00 -0.00e+00 -0.00e+00 -0.00e+00 -0.00e+00 -0.00e+00 -0.00e+00 -0.00e+00 -0.00e+00 -0.00e+00 -0.00e+00 -0.00e+00 -0.00e+00 -0.00e+00 -0.00e+00 -0.00e+00 -0.00e+00 -0.00e+00 -0.00e+00 -0.00e+00 -0.00e+00 -0.00e+00 -0.00e+00 -0.00e+00 -0.00e+00 -0.00e+00 -0.00e+00 -0.00e+00 -0.00e+00 -0.00e+00 -0.00e+00 -0.00e+00 -0.00e+00 -0.00e+00 -0.00e+00 -0.00e+00 -0.00e+00 -0.00e+00 -0.00e+00 -0.00e+00 -0.00e+00 0.00e+00 
-0.00e+00 0.00e+00 0.00e+00 0.00e+00 0.00e+00 0.00e+00 0.00e+00 0.00e+00 0.00e+00 0.00e+00 0.00e+00 0.00e+00 0.00e+00 0.00e+00 0.00e+00 0.00e+00 0.00e+00 0.00e+00 0.00e+00 0.00e+00 0.00e+00 0.00e+00 0.00e+00 0.00e+00 0.00e+00 0.00e+00 0.00e+00 0.00e+00 0.00e+00 0.00e+00 0.00e+00 0.00e+00 0.00e+00 0.00e+00 0.00e+00 0.00e+00 0.00e+00 0.00e+00 0.00e+00 0.00e+00 0.00e+00 0.00e+00 0.00e+00 0.00e+00 0.00e+00 0.00e+00 0.00e+00 0.00e+00 0.00e+00 0.00e+00 0.00e+00 0.00e+00 0.00e+00 0.00e+00 0.00e+00 0.00e+00 0.00e+00 0.00e+00 0.00e+00 0.00e+00 -0.00e+00 
-0.00e+00 0.00e+00 0.00e+00 0.00e+00 0.00e+00 0.00e+00 0.00e+00 0.00e+00 0.00e+00 0.00e+00 0.00e+00 0.00e+00 0.00e+00 0.00e+00 0.00e+00 0.00e+00 0.00e+00 0.00e+00 0.00e+00 0.00e+00 0.00e+00 0.00e+00 0.00e+00 0.00e+00 0.00e+00 0.00e+00 0.00e+00 0.00e+00 0.00e+00 0.00e+00 0.00e+00 0.00e+00 0.00e+00 0.00e+00 0.00e+00 0.00e+00 0.00e+00 0.00e+00 0.00e+00 0.00e+00 0.00e+00 0.00e+00 0.00e+00 0.00e+00 0.00e+00 0.00e+00 0.00e+00 0.00e+00 0.00e+00 0.00e+00 0.00e+00 0.00e+00 0.00e+00 0.00e+00 0.00e+00 0.00e+00 0.00e+00 0.00e+00 0.00e+00 0.00e+00 -0.00e+00 
-0.00e+00 0.00e+00 0.00e+00 0.00e+00 0.00e+00 0.00e+00 0.00e+00 0.00e+00 0.00e+00 0.00e+00 0.00e+00 0.00e+00 0.00e+00 0.00e+00 0.00e+00 0.00e+00 0.00e+00 0.00e+00 0.00e+00 0.00e+00 0.00e+00 0.00e+00 0.00e+00 0.00e+00 0.00e+00 0.00e+00 0.00e+00 0.00e+00 0.00e+00 0.00e+00 7.38e-19 0.00e+00 0.00e+00 0.00e+00 0.00e+00 0.00e+00 0.00e+00 0.00e+00 0.00e+00 0.00e+00 0.00e+00 0.00e+00 0.00e+00 0.00e+00 0.00e+00 0.00e+00 0.00e+00 0.00e+00 0.00e+00 0.00e+00 0.00e+00 0.00e+00 0.00e+00 0.00e+00 0.00e+00 0.00e+00 0.00e+00 0.00e+00 0.00e+00 0.00e+00 -0.00e+00 
-0.00e+00 0.00e+00 0.00e+00 0.00e+00 0.00e+00 0.00e+00 0.00e+00 0.00e+00 0.00e+00 0.00e+00 0.00e+00 0.00e+00 0.00e+00 0.00e+00 0.00e+00 0.00e+00 0.00e+00 0.00e+00 0.00e+00 0.00e+00 0.00e+00 0.00e+00 0.00e+00 0.00e+00 0.00e+00 0.00e+00 0.00e+00 0.00e+00 0.00e+00 1.92e-17 8.09e-17 1.92e-17 0.00e+00 0.00e+00 0.00e+00 0.00e+00 0.00e+00 0.00e+00 0.00e+00 0.00e+00 0.00e+00 0.00e+00 0.00e+00 0.00e+00 0.00e+00 0.00e+00 0.00e+00 0.00e+00 0.00e+00 0.00e+00 0.00e+00 0.00e+00 0.00e+00 0.00e+00 0.00e+00 0.00e+00 0.00e+00 0.00e+00 0.00e+00 0.00e+00 -0.00e+00 
-0.00e+00 0.00e+00 0.00e+00 0.00e+00 0.00e+00 0.00e+00 0.00e+00 0.00e+00 0.00e+00 0.00e+00 0.00e+00 0.00e+00 0.00e+00 0.00e+00 0.00e+00 0.00e+00 0.00e+00 0.00e+00 0.00e+00 0.00e+00 0.00e+00 0.00e+00 0.00e+00 0.00e+00 0.00e+00 0.00e+00 0.00e+00 0.00e+00 2.40e-16 2.02e-15 4.49e-15 2.02e-15 2.40e-16 0.00e+00 0.00e+00 0.00e+00 0.00e+00 0.00e+00 0.00e+00 0.00e+00 0.00e+00 0.00e+00 0.00e+00 0.00e+00 0.00e+00 0.00e+00 0.00e+00 0.00e+00 0.00e+00 0.00e+00 0.00e+00 0.00e+00 0.00e+00 0.00e+00 0.00e+00 0.00e+00 0.00e+00 0.00e+00 0.00e+00 0.00e+00 -0.00e+00 
-0.00e+00 0.00e+00 0.00e+00 0.00e+00 0.00e+00 0.00e+00 0.00e+00 0.00e+00 0.00e+00 0.00e+00 0.00e+00 0.00e+00 0.00e+00 0.00e+00 0.00e+00 0.00e+00 0.00e+00 0.00e+00 0.00e+00 0.00e+00 0.00e+00 0.00e+00 0.00e+00 0.00e+00 0.00e+00 0.00e+00 0.00e+00 1.92e-15 2.43e-14 1.02e-13 1.67e-13 1.02e-13 2.43e-14 1.92e-15 0.00e+00 0.00e+00 0.00e+00 0.00e+00 0.00e+00 0.00e+00 0.00e+00 0.00e+00 0.00e+00 0.00e+00 0.00e+00 0.00e+00 0.00e+00 0.00e+00 0.00e+00 0.00e+00 0.00e+00 0.00e+00 0.00e+00 0.00e+00 0.00e+00 0.00e+00 0.00e+00 0.00e+00 0.00e+00 0.00e+00 -0.00e+00 
-0.00e+00 0.00e+00 0.00e+00 0.00e+00 0.00e+00 0.00e+00 0.00e+00 0.00e+00 0.00e+00 0.00e+00 0.00e+00 0.00e+00 0.00e+00 0.00e+00 0.00e+00 0.00e+00 0.00e+00 0.00e+00 0.00e+00 0.00e+00 0.00e+00 0.00e+00 0.00e+00 0.00e+00 0.00e+00 0.00e+00 1.10e-14 1.86e-13 1.15e-12 3.28e-12 4.57e-12 3.28e-12 1.15e-12 1.86e-13 1.10e-14 0.00e+00 0.00e+00 0.00e+00 0.00e+00 0.00e+00 0.00e+00 0.00e+00 0.00e+00 0.00e+00 0.00e+00 0.00e+00 0.00e+00 0.00e+00 0.00e+00 0.00e+00 0.00e+00 0.00e+00 0.00e+00 0.00e+00 0.00e+00 0.00e+00 0.00e+00 0.00e+00 0.00e+00 0.00e+00 -0.00e+00 
-0.00e+00 0.00e+00 0.00e+00 0.00e+00 0.00e+00 0.00e+00 0.00e+00 0.00e+00 0.00e+00 0.00e+00 0.00e+00 0.00e+00 0.00e+00 0.00e+00 0.00e+00 0.00e+00 0.00e+00 0.00e+00 0.00e+00 0.00e+00 0.00e+00 0.00e+00 0.00e+00 0.00e+00 0.00e+00 4.85e-14 1.02e-12 8.35e-12 3.40e-11 7.52e-11 9.62e-11 7.52e-11 3.40e-11 8.35e-12 1.02e-12 4.85e-14 0.00e+00 0.00e+00 0.00e+00 0.00e+00 0.00e+00 0.00e+00 0.00e+00 0.00e+00 0.00e+00 0.00e+00 0.00e+00 0.00e+00 0.00e+00 0.00e+00 0.00e+00 0.00e+00 0.00e+00 0.00e+00 0.00e+00 0.00e+00 0.00e+00 0.00e+00 0.00e+00 0.00e+00 -0.00e+00 
-0.00e+00 0.00e+00 0.00e+00 0.00e+00 0.00e+00 0.00e+00 0.00e+00 0.00e+00 0.00e+00 0.00e+00 0.00e+00 0.00e+00 0.00e+00 0.00e+00 0.00e+00 0.00e+00 0.00e+00 0.00e+00 0.00e+00 0.00e+00 0.00e+00 0.00e+00 0.00e+00 0.00e+00 1.70e-13 4.29e-12 4.35e-11 2.31e-10 7.02e-10 1.31e-09 1.59e-09 1.31e-09 7.02e-10 2.31e-10 4.35e-11 4.29e-12 1.70e-13 0.00e+00 0.00e+00 0.00e+00 0.00e+00 0.00e+00 0.00e+00 0.00e+00 0.00e+00 0.00e+00 0.00e+00 0.00e+00 0.00e+00 0.00e+00 0.00e+00 0.00e+00 0.00e+00 0.00e+00 0.00e+00 0.00e+00 0.00e+00 0.00e+00 0.00e+00 0.00e+00 -0.00e+00 
-0.00e+00 0.00e+00 0.00e+00 0.00e+00 0.00e+00 0.00e+00 0.00e+00 0.00e+00 0.00e+00 0.00e+00 0.00e+00 0.00e+00 0.00e+00 0.00e+00 0.00e+00 0.00e+00 0.00e+00 0.00e+00 0.00e+00 0.00e+00 0.00e+00 0.00e+00 0.00e+00 4.85e-13 1.43e-11 1.73e-10 1.13e-09 4.39e-09 1.08e-08 1.77e-08 2.08e-08 1.77e-08 1.08e-08 4.39e-09 1.13e-09 1.73e-10 1.43e-11 4.85e-13 0.00e+00 0.00e+00 0.00e+00 0.00e+00 0.00e+00 0.00e+00 0.00e+00 0.00e+00 0.00e+00 0.00e+00 0.00e+00 0.00e+00 0.00e+00 0.00e+00 0.00e+00 0.00e+00 0.00e+00 0.00e+00 0.00e+00 0.00e+00 0.00e+00 0.00e+00 -0.00e+00 
-0.00e+00 0.00e+00 0.00e+00 0.00e+00 0.00e+00 0.00e+00 0.00e+00 0.00e+00 0.00e+00 0.00e+00 0.00e+00 0.00e+00 0.00e+00 0.00e+00 0.00e+00 0.00e+00 0.00e+00 0.00e+00 0.00e+00 0.00e+00 0.00e+00 0.00e+00 1.15e-12 3.88e-11 5.47e-10 4.24e-09 2.00e-08 6.10e-08 1.27e-07 1.91e-07 2.18e-07 1.91e-07 1.27e-07 6.10e-08 2.00e-08 4.24e-09 5.47e-10 3.88e-11 1.15e-12 0.00e+00 0.00e+00 0.00e+00 0.00e+00 0.00e+00 0.00e+00 0.00e+00 0.00e+00 0.00e+00 0.00e+00 0.00e+00 0.00e+00 0.00e+00 0.00e+00 0.00e+00 0.00e+00 0.00e+00 0.00e+00 0.00e+00 0.00e+00 0.00e+00 -0.00e+00 
-0.00e+00 0.00e+00 0.00e+00 0.00e+00 0.00e+00 0.00e+00 0.00e+00 0.00e+00 0.00e+00 0.00e+00 0.00e+00 0.00e+00 0.00e+00 0.00e+00 0.00e+00 0.00e+00 0.00e+00 0.00e+00 0.00e+00 0.00e+00 0.00e+00 2.31e-12 8.72e-11 1.40e-09 1.26e-08 7.00e-08 2.55e-07 6.41e-07 1.17e-06 1.65e-06 1.84e-06 1.65e-06 1.17e-06 6.41e-07 2.55e-07 7.00e-08 1.26e-08 1.40e-09 8.72e-11 2.31e-12 0.00e+00 0.00e+00 0.00e+00 0.00e+00 0.00e+00 0.00e+00 0.00e+00 0.00e+00 0.00e+00 0.00e+00 0.00e+00 0.00e+00 0.00e+00 0.00e+00 0.00e+00 0.00e+00 0.00e+00 0.00e+00 0.00e+00 0.00e+00 -0.00e+00 
-0.00e+00 0.00e+00 0.00e+00 0.00e+00 0.00e+00 0.00e+00 0.00e+00 0.00e+00 0.00e+00 0.00e+00 0.00e+00 0.00e+00 0.00e+00 0.00e+00 0.00e+00 0.00e+00 0.00e+00 0.00e+00 0.00e+00 0.00e+00 3.92e-12 1.65e-10 2.97e-09 3.03e-08 1.94e-07 8.25e-07 2.43e-06 5.21e-06 8.59e-06 1.14e-05 1.26e-05 1.14e-05 8.59e-06 5.21e-06 2.43e-06 8.25e-07 1.94e-07 3.03e-08 2.97e-09 1.65e-10 3.92e-12 0.00e+00 0.00e+00 0.00e+00 0.00e+00 0.00e+00 0.00e+00 0.00e+00 0.00e+00 0.00e+00 0.00e+00 0.00e+00 0.00e+00 0.00e+00 0.00e+00 0.00e+00 0.00e+00 0.00e+00 0.00e+00 0.00e+00 -0.00e+00 
-0.00e+00 0.00e+00 0.00e+00 0.00e+00 0.00e+00 0.00e+00 0.00e+00 0.00e+00 0.00e+00 0.00e+00 0.00e+00 0.00e+00 0.00e+00 0.00e+00 0.00e+00 0.00e+00 0.00e+00 0.00e+00 0.00e+00 5.70e-12 2.63e-10 5.26e-09 6.02e-08 4.36e-07 2.12e-06 7.18e-06 1.76e-05 3.32e-05 5.05e-05 6.42e-05 6.95e-05 6.42e-05 5.05e-05 3.32e-05 1.76e-05 7.18e-06 2.12e-06 4.36e-07 6.02e-08 5.26e-09 2.63e-10 5.70e-12 0.00e+00 0.00e+00 0.00e+00 0.00e+00 0.00e+00 0.00e+00 0.00e+00 0.00e+00 0.00e+00 0.00e+00 0.00e+00 0.00e+00 0.00e+00 0.00e+00 0.00e+00 0.00e+00 0.00e+00 0.00e+00 -0.00e+00 
-0.00e+00 0.00e+00 0.00e+00 0.00e+00 0.00e+00 0.00e+00 0.00e+00 0.00e+00 0.00e+00 0.00e+00 0.00e+00 0.00e+00 0.00e+00 0.00e+00 0.00e+00 0.00e+00 0.00e+00 0.00e+00 7.12e-12 3.58e-10 7.87e-09 9.97e-08 8.07e-07 4.42e-06 1.69e-05 4.69e-05 9.86e-05 1.67e-04 2.38e-04 2.92e-04 3.12e-04 2.92e-04 2.38e-04 1.67e-04 9.86e-05 4.69e-05 1.69e-05 4.42e-06 8.07e-07 9.97e-08 7.87e-09 3.58e-10 7.12e-12 0.00e+00 0.00e+00 0.00e+00 0.00e+00 0.00e+00 0.00e+00 0.00e+00 0.00e+00 0.00e+00 0.00e+00 0.00e+00 0.00e+00 0.00e+00 0.00e+00 0.00e+00 0.00e+00 0.00e+00 -0.00e+00 
-0.00e+00 0.00e+00 0.00e+00 0.00e+00 0.00e+00 0.00e+00 0.00e+00 0.00e+00 0.00e+00 0.00e+00 0.00e+00 0.00e+00 0.00e+00 0.00e+00 0.00e+00 0.00e+00 0.00e+00 7.67e-12 4.18e-10 9.99e-09 1.39e-07 1.24e-06 7.56e-06 3.23e-05 9.99e-05 2.32e-04 4.30e-04 6.69e-04 9.05e-04 1.08e-03 1.14e-03 1.08e-03 9.05e-04 6.69e-04 4.30e-04 2.32e-04 9.99e-05 3.23e-05 7.56e-06 1.24e-06 1.39e-07 9.99e-09 4.18e-10 7.67e-12 0.00e+00 0.00e+00 0.00e+00 0.00e+00 0.00e+00 0.00e+00 0.00e+00 0.00e+00 0.00e+00 0.00e+00 0.00e+00 0.00e+00 0.00e+00 0.00e+00 0.00e+00 0.00e+00 -0.00e+00 
-0.00e+00 0.00e+00 0.00e+00 0.00e+00 0.00e+00 0.00e+00 0.00e+00 0.00e+00 0.00e+00 0.00e+00 0.00e+00 0.00e+00 0.00e+00 0.00e+00 0.00e+00 0.00e+00 7.12e-12 4.17e-10 1.08e-08 1.63e-07 1.60e-06 1.07e-05 5.07e-05 1.73e-04 4.42e-04 8.86e-04 1.48e-03 2.16e-03 2.81e-03 3.27e-03 3.44e-03 3.27e-03 2.81e-03 2.16e-03 1.48e-03 8.86e-04 4.42e-04 1.73e-04 5.07e-05 1.07e-05 1.60e-06 1.63e-07 1.08e-08 4.17e-10 7.12e-12 0.00e+00 0.00e+00 0.00e+00 0.00e+00 0.00e+00 0.00e+00 0.00e+00 0.00e+00 0.00e+00 0.00e+00 0.00e+00 0.00e+00 0.00e+00 0.00e+00 0.00e+00 -0.00e+00 
-0.00e+00 0.00e+00 0.00e+00 0.00e+00 0.00e+00 0.00e+00 0.00e+00 0.00e+00 0.00e+00 0.00e+00 0.00e+00 0.00e+00 0.00e+00 0.00e+00 0.00e+00 5.70e-12 3.57e-10 9.93e-09 1.62e-07 1.73e-06 1.27e-05 6.58e-05 2.47e-04 6.88e-04 1.48e-03 2.64e-03 4.11e-03 5.75e-03 7.27e-03 8.36e-03 8.76e-03 8.36e-03 7.27e-03 5.75e-03 4.11e-03 2.64e-03 1.48e-03 6.88e-04 2.47e-04 6.58e-05 1.27e-05 1.73e-06 1.62e-07 9.93e-09 3.57e-10 5.70e-12 0.00e+00 0.00e+00 0.00e+00 0.00e+00 0.00e+00 0.00e+00 0.00e+00 0.00e+00 0.00e+00 0.00e+00 0.00e+00 0.00e+00 0.00e+00 0.00e+00 -0.00e+00 
-0.00e+00 0.00e+00 0.00e+00 0.00e+00 0.00e+00 0.00e+00 0.00e+00 0.00e+00 0.00e+00 0.00e+00 0.00e+00 0.00e+00 0.00e+00 0.00e+00 3.92e-12 2.61e-10 7.78e-09 1.37e-07 1.57e-06 1.25e-05 7.08e-05 2.91e-04 8.81e-04 2.04e-03 3.86e-03 6.38e-03 9.57e-03 1.31e-02 1.63e-02 1.87e-02 1.95e-02 1.87e-02 1.63e-02 1.31e-02 9.57e-03 6.38e-03 3.86e-03 2.04e-03 8.81e-04 2.91e-04 7.08e-05 1.25e-05 1.57e-06 1.37e-07 7.78e-09 2.61e-10 3.92e-12 0.00e+00 0.00e+00 0.00e+00 0.00e+00 0.00e+00 0.00e+00 0.00e+00 0.00e+00 0.00e+00 0.00e+00 0.00e+00 0.00e+00 0.00e+00 -0.00e+00 
-0.00e+00 0.00e+00 0.00e+00 0.00e+00 0.00e+00 0.00e+00 0.00e+00 0.00e+00 0.00e+00 0.00e+00 0.00e+00 0.00e+00 0.00e+00 2.31e-12 1.63e-10 5.16e-09 9.69e-08 1.20e-06 1.03e-05 6.34e-05 2.83e-04 9.34e-04 2.34e-03 4.70e-03 8.23e-03 1.32e-02 1.96e-02 2.66e-02 3.32e-02 3.79e-02 3.96e-02 3.79e-02 3.32e-02 2.66e-02 1.96e-02 1.32e-02 8.23e-03 4.70e-03 2.34e-03 9.34e-04 2.83e-04 6.34e-05 1.03e-05 1.20e-06 9.69e-08 5.16e-09 1.63e-10 2.31e-12 0.00e+00 0.00e+00 0.00e+00 0.00e+00 0.00e+00 0.00e+00 0.00e+00 0.00e+00 0.00e+00 0.00e+00 0.00e+00 0.00e+00 -0.00e+00 
-0.00e+00 0.00e+00 0.00e+00 0.00e+00 0.00e+00 0.00e+00 0.00e+00 0.00e+00 0.00e+00 0.00e+00 0.00e+00 0.00e+00 1.15e-12 8.60e-11 2.89e-09 5.78e-08 7.65e-07 7.08e-06 4.70e-05 2.28e-04 8.19e-04 2.22e-03 4.79e-03 8.94e-03 1.55e-02 2.49e-02 3.67e-02 4.99e-02 6.22e-02 7.11e-02 7.44e-02 7.11e-02 6.22e-02 4.99e-02 3.67e-02 2.49e-02 1.55e-02 8.94e-03 4.79e-03 2.22e-03 8.19e-04 2.28e-04 4.70e-05 7.08e-06 7.65e-07 5.78e-08 2.89e-09 8.60e-11 1.15e-12 0.00e+00 0.00e+00 0.00e+00 0.00e+00 0.00e+00 0.00e+00 0.00e+00 0.00e+00 0.00e+00 0.00e+00 0.00e+00 -0.00e+00 
-0.00e+00 0.00e+00 0.00e+00 0.00e+00 0.00e+00 0.00e+00 0.00e+00 0.00e+00 0.00e+00 0.00e+00 0.00e+00 4.85e-13 3.81e-11 1.35e-09 2.87e-08 4.05e-07 4.01e-06 2.88e-05 1.51e-04 5.92e-04 1.76e-03 4.12e-03 8.26e-03 1.54e-02 2.68e-02 4.30e-02 6.34e-02 8.62e-02 1.08e-01 1.23e-01 1.29e-01 1.23e-01 1.08e-01 8.62e-02 6.34e-02 4.30e-02 2.68e-02 1.54e-02 8.26e-03 4.12e-03 1.76e-03 5.92e-04 1.51e-04 2.88e-05 4.01e-06 4.05e-07 2.87e-08 1.35e-09 3.81e-11 4.85e-13 0.00e+00 0.00e+00 0.00e+00 0.00e+00 0.00e+00 0.00e+00 0.00e+00 0.00e+00 0.00e+00 0.00e+00 -0.00e+00 
-0.00e+00 0.00e+00 0.00e+00 0.00e+00 0.00e+00 0.00e+00 0.00e+00 0.00e+00 0.00e+00 0.00e+00 1.70e-13 1.40e-11 5.22e-10 1.17e-08 1.75e-07 1.86e-06 1.43e-05 8.19e-05 3.51e-04 1.15e-03 2.96e-03 6.49e-03 1.30e-02 2.45e-02 4.24e-02 6.75e-02 9.98e-02 1.36e-01 1.71e-01 1.96e-01 2.06e-01 1.96e-01 1.71e-01 1.36e-01 9.98e-02 6.75e-02 4.24e-02 2.45e-02 1.30e-02 6.49e-03 2.96e-03 1.15e-03 3.51e-04 8.19e-05 1.43e-05 1.86e-06 1.75e-07 1.17e-08 5.22e-10 1.40e-11 1.70e-13 0.00e+00 0.00e+00 0.00e+00 0.00e+00 0.00e+00 0.00e+00 0.00e+00 0.00e+00 0.00e+00 -0.00e+00 
-0.00e+00 0.00e+00 0.00e+00 0.00e+00 0.00e+00 0.00e+00 0.00e+00 0.00e+00 0.00e+00 4.85e-14 4.17e-12 1.63e-10 3.85e-09 6.12e-08 6.92e-07 5.75e-06 3.57e-05 1.68e-04 6.12e-04 1.77e-03 4.29e-03 9.30e-03 1.87e-02 3.49e-02 6.00e-02 9.61e-02 1.43e-01 1.96e-01 2.49e-01 2.90e-01 3.07e-01 2.90e-01 2.49e-01 1.96e-01 1.43e-01 9.61e-02 6.00e-02 3.49e-02 1.87e-02 9.30e-03 4.29e-03 1.77e-03 6.12e-04 1.68e-04 3.57e-05 5.75e-06 6.92e-07 6.12e-08 3.85e-09 1.63e-10 4.17e-12 4.85e-14 0.00e+00 0.00e+00 0.00e+00 0.00e+00 0.00e+00 0.00e+00 0.00e+00 0.00e+00 -0.00e+00 
-0.00e+00 0.00e+00 0.00e+00 0.00e+00 0.00e+00 0.00e+00 0.00e+00 0.00e+00 1.10e-14 9.84e-13 4.02e-11 9.97e-10 1.68e-08 2.02e-07 1.81e-06 1.23e-05 6.40e-05 2.62e-04 8.57e-04 2.33e-03 5.52e-03 1.19e-02 2.37e-02 4.41e-02 7.63e-02 1.23e-01 1.84e-01 2.58e-01 3.36e-01 4.02e-01 4.31e-01 4.02e-01 3.36e-01 2.58e-01 1.84e-01 1.23e-01 7.63e-02 4.41e-02 2.37e-02 1.19e-02 5.52e-03 2.33e-03 8.57e-04 2.62e-04 6.40e-05 1.23e-05 1.81e-06 2.02e-07 1.68e-08 9.97e-10 4.02e-11 9.84e-13 1.10e-14 0.00e+00 0.00e+00 0.00e+00 0.00e+00 0.00e+00 0.00e+00 0.00e+00 -0.00e+00 
-0.00e+00 0.00e+00 0.00e+00 0.00e+00 0.00e+00 0.00e+00 0.00e+00 1.92e-15 1.77e-13 7.50e-12 1.95e-10 3.45e-09 4.44e-08 4.30e-07 3.21e-06 1.87e-05 8.71e-05 3.26e-04 1.01e-03 2.64e-03 6.14e-03 1.31e-02 2.63e-02 4.91e-02 8.52e-02 1.39e-01 2.13e-01 3.08e-01 4.20e-01 5.29e-01 5.88e-01 5.29e-01 4.20e-01 3.08e-01 2.13e-01 1.39e-01 8.52e-02 4.91e-02 2.63e-02 1.31e-02 6.14e-03 2.64e-03 1.01e-03 3.26e-04 8.71e-05 1.87e-05 3.21e-06 4.30e-07 4.44e-08 3.45e-09 1.95e-10 7.50e-12 1.77e-13 1.92e-15 0.00e+00 0.00e+00 0.00e+00 0.00e+00 0.00e+00 0.00e+00 -0.00e+00 
-0.00e+00 0.00e+00 0.00e+00 0.00e+00 0.00e+00 0.00e+00 2.40e-16 2.26e-14 9.87e-13 2.66e-11 4.98e-10 6.87e-09 7.26e-08 6.02e-07 3.99e-06 2.13e-05 9.22e-05 3.27e-04 9.71e-04 2.49e-03 5.76e-03 1.24e-02 2.47e-02 4.60e-02 8.07e-02 1.34e-01 2.12e-01 3.24e-01 4.80e-01 6.74e-01 8.26e-01 6.74e-01 4.80e-01 3.24e-01 2.12e-01 1.34e-01 8.07e-02 4.60e-02 2.47e-02 1.24e-02 5.76e-03 2.49e-03 9.71e-04 3.27e-04 9.22e-05 2.13e-05 3.99e-06 6.02e-07 7.26e-08 6.87e-09 4.98e-10 2.66e-11 9.87e-13 2.26e-14 2.40e-16 0.00e+00 0.00e+00 0.00e+00 0.00e+00 0.00e+00 -0.00e+00 
-0.00e+00 0.00e+00 0.00e+00 0.00e+00 0.00e+00 1.92e-17 1.80e-15 7.95e-14 2.21e-12 4.35e-11 6.48e-10 7.60e-09 7.16e-08 5.47e-07 3.39e-06 1.72e-05 7.10e-05 2.44e-04 7.09e-04 1.80e-03 4.15e-03 8.86e-03 1.77e-02 3.34e-02 5.92e-02 1.00e-01 1.66e-01 2.76e-01 4.70e-01 8.21e-01 1.32e+00 8.21e-01 4.70e-01 2.76e-01 1.66e-01 1.00e-01 5.92e-02 3.34e-02 1.77e-02 8.86e-03 4.15e-03 1.80e-03 7.09e-04 2.44e-04 7.10e-05 1.72e-05 3.39e-06 5.47e-07 7.16e-08 7.60e-09 6.48e-10 4.35e-11 2.21e-12 7.95e-14 1.80e-15 1.92e-17 0.00e+00 0.00e+00 0.00e+00 0.00e+00 -0.00e+00 
-0.00e+00 0.00e+00 0.00e+00 0.00e+00 7.38e-19 6.25e-17 2.53e-15 6.74e-14 1.36e-12 2.23e-11 3.03e-10 3.37e-09 3.04e-08 2.23e-07 1.34e-06 6.57e-06 2.68e-05 9.09e-05 2.61e-04 6.55e-04 1.51e-03 3.26e-03 6.54e-03 1.22e-02 2.19e-02 3.82e-02 6.68e-02 1.25e-01 2.77e-01 7.78e-01 2.77e+00 7.78e-01 2.77e-01 1.25e-01 6.68e-02 3.82e-02 2.19e-02 1.22e-02 6.54e-03 3.26e-03 1.51e-03 6.55e-04 2.61e-04 9.09e-05 2.68e-05 6.57e-06 1.34e-06 2.23e-07 3.04e-08 3.37e-09 3.03e-10 2.23e-11 1.36e-12 6.74e-14 2.53e-15 6.25e-17 7.38e-19 0.00e+00 0.00e+00 0.00e+00 -0.00e+00 
-0.00e+00 0.00e+00 0.00e+00 0.00e+00 -7.38e-19 -6.25e-17 -2.53e-15 -6.74e-14 -1.36e-12 -2.23e-11 -3.03e-10 -3.37e-09 -3.04e-08 -2.23e-07 -1.34e-06 -6.57e-06 -2.68e-05 -9.09e-05 -2.61e-04 -6.55e-04 -1.51e-03 -3.26e-03 -6.54e-03 -1.22e-02 -2.19e-02 -3.82e-02 -6.68e-02 -1.25e-01 -2.77e-01 -7.78e-01 -2.77e+00 -7.78e-01 -2.77e-01 -1.25e-01 -6.68e-02 -3.82e-02 -2.19e-02 -1.22e-02 -6.54e-03 -3.26e-03 -1.51e-03 -6.55e-04 -2.61e-04 -9.09e-05 -2.68e-05 -6.57e-06 -1.34e-06 -2.23e-07 -3.04e-08 -3.37e-09 -3.03e-10 -2.23e-11 -1.36e-12 -6.74e-14 -2.53e-15 -6.25e-17 -7.38e-19 0.00e+00 0.00e+00 0.00e+00 -0.00e+00 
-0.00e+00 0.00e+00 0.00e+00 0.00e+00 0.00e+00 -1.92e-17 -1.80e-15 -7.95e-14 -2.21e-12 -4.35e-11 -6.48e-10 -7.60e-09 -7.16e-08 -5.47e-07 -3.39e-06 -1.72e-05 -7.10e-05 -2.44e-04 -7.09e-04 -1.80e-03 -4.15e-03 -8.86e-03 -1.77e-02 -3.34e-02 -5.92e-02 -1.00e-01 -1.66e-01 -2.76e-01 -4.70e-01 -8.21e-01 -1.32e+00 -8.21e-01 -4.70e-01 -2.76e-01 -1.66e-01 -1.00e-01 -5.92e-02 -3.34e-02 -1.77e-02 -8.86e-03 -4.15e-03 -1.80e-03 -7.09e-04 -2.44e-04 -7.10e-05 -1.72e-05 -3.39e-06 -5.47e-07 -7.16e-08 -7.60e-09 -6.48e-10 -4.35e-11 -2.21e-12 -7.95e-14 -1.80e-15 -1.92e-17 0.00e+00 0.00e+00 0.00e+00 0.00e+00 -0.00e+00 
-0.00e+00 0.00e+00 0.00e+00 0.00e+00 0.00e+00 0.00e+00 -2.40e-16 -2.26e-14 -9.87e-13 -2.66e-11 -4.98e-10 -6.87e-09 -7.26e-08 -6.02e-07 -3.99e-06 -2.13e-05 -9.22e-05 -3.27e-04 -9.71e-04 -2.49e-03 -5.76e-03 -1.24e-02 -2.47e-02 -4.60e-02 -8.07e-02 -1.34e-01 -2.12e-01 -3.24e-01 -4.80e-01 -6.74e-01 -8.26e-01 -6.74e-01 -4.80e-01 -3.24e-01 -2.12e-01 -1.34e-01 -8.07e-02 -4.60e-02 -2.47e-02 -1.24e-02 -5.76e-03 -2.49e-03 -9.71e-04 -3.27e-04 -9.22e-05 -2.13e-05 -3.99e-06 -6.02e-07 -7.26e-08 -6.87e-09 -4.98e-10 -2.66e-11 -9.87e-13 -2.26e-14 -2.40e-16 0.00e+00 0.00e+00 0.00e+00 0.00e+00 0.00e+00 -0.00e+00 
-0.00e+00 0.00e+00 0.00e+00 0.00e+00 0.00e+00 0.00e+00 0.00e+00 -1.92e-15 -1.77e-13 -7.50e-12 -1.95e-10 -3.45e-09 -4.44e-08 -4.30e-07 -3.21e-06 -1.87e-05 -8.71e-05 -3.26e-04 -1.01e-03 -2.64e-03 -6.14e-03 -1.31e-02 -2.63e-02 -4.91e-02 -8.52e-02 -1.39e-01 -2.13e-01 -3.08e-01 -4.20e-01 -5.29e-01 -5.88e-01 -5.29e-01 -4.20e-01 -3.08e-01 -2.13e-01 -1.39e-01 -8.52e-02 -4.91e-02 -2.63e-02 -1.31e-02 -6.14e-03 -2.64e-03 -1.01e-03 -3.26e-04 -8.71e-05 -1.87e-05 -3.21e-06 -4.30e-07 -4.44e-08 -3.45e-09 -1.95e-10 -7.50e-12 -1.77e-13 -1.92e-15 0.00e+00 0.00e+00 0.00e+00 0.00e+00 0.00e+00 0.00e+00 -0.00e+00 
-0.00e+00 0.00e+00 0.00e+00 0.00e+00 0.00e+00 0.00e+00 0.00e+00 0.00e+00 -1.10e-14 -9.84e-13 -4.02e-11 -9.97e-10 -1.68e-08 -2.02e-07 -1.81e-06 -1.23e-05 -6.40e-05 -2.62e-04 -8.57e-04 -2.33e-03 -5.52e-03 -1.19e-02 -2.37e-02 -4.41e-02 -7.63e-02 -1.23e-01 -1.84e-01 -2.58e-01 -3.36e-01 -4.02e-01 -4.31e-01 -4.02e-01 -3.36e-01 -2.58e-01 -1.84e-01 -1.23e-01 -7.63e-02 -4.41e-02 -2.37e-02 -1.19e-02 -5.52e-03 -2.33e-03 -8.57e-04 -2.62e-04 -6.40e-05 -1.23e-05 -1.81e-06 -2.02e-07 -1.68e-08 -9.97e-10 -4.02e-11 -9.84e-13 -1.10e-14 0.00e+00 0.00e+00 0.00e+00 0.00e+00 0.00e+00 0.00e+00 0.00e+00 -0.00e+00 
-0.00e+00 0.00e+00 0.00e+00 0.00e+00 0.00e+00 0.00e+00 0.00e+00 0.00e+00 0.00e+00 -4.85e-14 -4.17e-12 -1.63e-10 -3.85e-09 -6.12e-08 -6.92e-07 -5.75e-06 -3.57e-05 -1.68e-04 -6.12e-04 -1.77e-03 -4.29e-03 -9.30e-03 -1.87e-02 -3.49e-02 -6.00e-02 -9.61e-02 -1.43e-01 -1.96e-01 -2.49e-01 -2.90e-01 -3.07e-01 -2.90e-01 -2.49e-01 -1.96e-01 -1.43e-01 -9.61e-02 -6.00e-02 -3.49e-02 -1.87e-02 -9.30e-03 -4.29e-03 -1.77e-03 -6.12e-04 -1.68e-04 -3.57e-05 -5.75e-06 -6.92e-07 -6.12e-08 -3.85e-09 -1.63e-10 -4.17e-12 -4.85e-14 0.00e+00 0.00e+00 0.00e+00 0.00e+00 0.00e+00 0.00e+00 0.00e+00 0.00e+00 -0.00e+00 
-0.00e+00 0.00e+00 0.00e+00 0.00e+00 0.00e+00 0.00e+00 0.00e+00 0.00e+00 0.00e+00 0.00e+00 -1.70e-13 -1.40e-11 -5.22e-10 -1.17e-08 -1.75e-07 -1.86e-06 -1.43e-05 -8.19e-05 -3.51e-04 -1.15e-03 -2.96e-03 -6.49e-03 -1.30e-02 -2.45e-02 -4.24e-02 -6.75e-02 -9.98e-02 -1.36e-01 -1.71e-01 -1.96e-01 -2.06e-01 -1.96e-01 -1.71e-01 -1.36e-01 -9.98e-02 -6.75e-02 -4.24e-02 -2.45e-02 -1.30e-02 -6.49e-03 -2.96e-03 -1.15e-03 -3.51e-04 -8.19e-05 -1.43e-05 -1.86e-06 -1.75e-07 -1.17e-08 -5.22e-10 -1.40e-11 -1.70e-13 0.00e+00 0.00e+00 0.00e+00 0.00e+00 0.00e+00 0.00e+00 0.00e+00 0.00e+00 0.00e+00 -0.00e+00 
-0.00e+00 0.00e+00 0.00e+00 0.00e+00 0.00e+00 0.00e+00 0.00e+00 0.00e+00 0.00e+00 0.00e+00 0.00e+00 -4.85e-13 -3.81e-11 -1.35e-09 -2.87e-08 -4.05e-07 -4.01e-06 -2.88e-05 -1.51e-04 -5.92e-04 -1.76e-03 -4.12e-03 -8.26e-03 -1.54e-02 -2.68e-02 -4.30e-02 -6.34e-02 -8.62e-02 -1.08e-01 -1.23e-01 -1.29e-01 -1.23e-01 -1.08e-01 -8.62e-02 -6.34e-02 -4.30e-02 -2.68e-02 -1.54e-02 -8.26e-03 -4.12e-03 -1.76e-03 -5.92e-04 -1.51e-04 -2.88e-05 -4.01e-06 -4.05e-07 -2.87e-08 -1.35e-09 -3.81e-11 -4.85e-13 0.00e+00 0.00e+00 0.00e+00 0.00e+00 0.00e+00 0.00e+00 0.00e+00 0.00e+00 0.00e+00 0.00e+00 -0.00e+00 
-0.00e+00 0.00e+00 0.00e+00 0.00e+00 0.00e+00 0.00e+00 0.00e+00 0.00e+00 0.00e+00 0.00e+00 0.00e+00 0.00e+00 -1.15e-12 -8.60e-11 -2.89e-09 -5.78e-08 -7.65e-07 -7.08e-06 -4.70e-05 -2.28e-04 -8.19e-04 -2.22e-03 -4.79e-03 -8.94e-03 -1.55e-02 -2.49e-02 -3.67e-02 -4.99e-02 -6.22e-02 -7.11e-02 -7.44e-02 -7.11e-02 -6.22e-02 -4.99e-02 -3.67e-02 -2.49e-02 -1.55e-02 -8.94e-03 -4.79e-03 -2.22e-03 -8.19e-04 -2.28e-04 -4.70e-05 -7.08e-06 -7.65e-07 -5.78e-08 -2.89e-09 -8.60e-11 -1.15e-12 0.00e+00 0.00e+00 0.00e+00 0.00e+00 0.00e+00 0.00e+00 0.00e+00 0.00e+00 0.00e+00 0.00e+00 0.00e+00 -0.00e+00 
-0.00e+00 0.00e+00 0.00e+00 0.00e+00 0.00e+00 0.00e+00 0.00e+00 0.00e+00 0.00e+00 0.00e+00 0.00e+00 0.00e+00 0.00e+00 -2.31e-12 -1.63e-10 -5.16e-09 -9.69e-08 -1.20e-06 -1.03e-05 -6.34e-05 -2.83e-04 -9.34e-04 -2.34e-03 -4.70e-03 -8.23e-03 -1.32e-02 -1.96e-02 -2.66e-02 -3.32e-02 -3.79e-02 -3.96e-02 -3.79e-02 -3.32e-02 -2.66e-02 -1.96e-02 -1.32e-02 -8.23e-03 -4.70e-03 -2.34e-03 -9.34e-04 -2.83e-04 -6.34e-05 -1.03e-05 -1.20e-06 -9.69e-08 -5.16e-09 -1.63e-10 -2.31e-12 0.00e+00 0.00e+00 0.00e+00 0.00e+00 0.00e+00 0.00e+00 0.00e+00 0.00e+00 0.00e+00 0.00e+00 0.00e+00 0.00e+00 -0.00e+00 
-0.00e+00 0.00e+00 0.00e+00 0.00e+00 0.00e+00 0.00e+00 0.00e+00 0.00e+00 0.00e+00 0.00e+00 0.00e+00 0.00e+00 0.00e+00 0.00e+00 -3.92e-12 -2.61e-10 -7.78e-09 -1.37e-07 -1.57e-06 -1.25e-05 -7.08e-05 -2.91e-04 -8.81e-04 -2.04e-03 -3.86e-03 -6.38e-03 -9.57e-03 -1.31e-02 -1.63e-02 -1.87e-02 -1.95e-02 -1.87e-02 -1.63e-02 -1.31e-02 -9.57e-03 -6.38e-03 -3.86e-03 -2.04e-03 -8.81e-04 -2.91e-04 -7.08e-05 -1.25e-05 -1.57e-06 -1.37e-07 -7.78e-09 -2.61e-10 -3.92e-12 0.00e+00 0.00e+00 0.00e+00 0.00e+00 0.00e+00 0.00e+00 0.00e+00 0.00e+00 0.00e+00 0.00e+00 0.00e+00 0.00e+00 0.00e+00 -0.00e+00 
-0.00e+00 0.00e+00 0.00e+00 0.00e+00 0.00e+00 0.00e+00 0.00e+00 0.00e+00 0.00e+00 0.00e+00 0.00e+00 0.00e+00 0.00e+00 0.00e+00 0.00e+00 -5.70e-12 -3.57e-10 -9.93e-09 -1.62e-07 -1.73e-06 -1.27e-05 -6.58e-05 -2.47e-04 -6.88e-04 -1.48e-03 -2.64e-03 -4.11e-03 -5.75e-03 -7.27e-03 -8.36e-03 -8.76e-03 -8.36e-03 -7.27e-03 -5.75e-03 -4.11e-03 -2.64e-03 -1.48e-03 -6.88e-04 -2.47e-04 -6.58e-05 -1.27e-05 -1.73e-06 -1.62e-07 -9.93e-09 -3.57e-10 -5.70e-12 0.00e+00 0.00e+00 0.00e+00 0.00e+00 0.00e+00 0.00e+00 0.00e+00 0.00e+00 0.00e+00 0.00e+00 0.00e+00 0.00e+00 0.00e+00 0.00e+00 -0.00e+00 
-0.00e+00 0.00e+00 0.00e+00 0.00e+00 0.00e+00 0.00e+00 0.00e+00 0.00e+00 0.00e+00 0.00e+00 0.00e+00 0.00e+00 0.00e+00 0.00e+00 0.00e+00 0.00e+00 -7.12e-12 -4.17e-10 -1.08e-08 -1.63e-07 -1.60e-06 -1.07e-05 -5.07e-05 -1.73e-04 -4.42e-04 -8.86e-04 -1.48e-03 -2.16e-03 -2.81e-03 -3.27e-03 -3.44e-03 -3.27e-03 -2.81e-03 -2.16e-03 -1.48e-03 -8.86e-04 -4.42e-04 -1.73e-04 -5.07e-05 -1.07e-05 -1.60e-06 -1.63e-07 -1.08e-08 -4.17e-10 -7.12e-12 0.00e+00 0.00e+00 0.00e+00 0.00e+00 0.00e+00 0.00e+00 0.00e+00 0.00e+00 0.00e+00 0.00e+00 0.00e+00 0.00e+00 0.00e+00 0.00e+00 0.00e+00 -0.00e+00 
-0.00e+00 0.00e+00 0.00e+00 0.00e+00 0.00e+00 0.00e+00 0.00e+00 0.00e+00 0.00e+00 0.00e+00 0.00e+00 0.00e+00 0.00e+00 0.00e+00 0.00e+00 0.00e+00 0.00e+00 -7.67e-12 -4.18e-10 -9.99e-09 -1.39e-07 -1.24e-06 -7.56e-06 -3.23e-05 -9.99e-05 -2.32e-04 -4.30e-04 -6.69e-04 -9.05e-04 -1.08e-03 -1.14e-03 -1.08e-03 -9.05e-04 -6.69e-04 -4.30e-04 -2.32e-04 -9.99e-05 -3.23e-05 -7.56e-06 -1.24e-06 -1.39e-07 -9.99e-09 -4.18e-10 -7.67e-12 0.00e+00 0.00e+00 0.00e+00 0.00e+00 0.00e+00 0.00e+00 0.00e+00 0.00e+00 0.00e+00 0.00e+00 0.00e+00 0.00e+00 0.00e+00 0.00e+00 0.00e+00 0.00e+00 -0.00e+00 
-0.00e+00 0.00e+00 0.00e+00 0.00e+00 0.00e+00 0.00e+00 0.00e+00 0.00e+00 0.00e+00 0.00e+00 0.00e+00 0.00e+00 0.00e+00 0.00e+00 0.00e+00 0.00e+00 0.00e+00 0.00e+00 -7.12e-12 -3.58e-10 -7.87e-09 -9.97e-08 -8.07e-07 -4.42e-06 -1.69e-05 -4.69e-05 -9.86e-05 -1.67e-04 -2.38e-04 -2.92e-04 -3.12e-04 -2.92e-04 -2.38e-04 -1.67e-04 -9.86e-05 -4.69e-05 -1.69e-05 -4.42e-06 -8.07e-07 -9.97e-08 -7.87e-09 -3.58e-10 -7.12e-12 0.00e+00 0.00e+00 0.00e+00 0.00e+00 0.00e+00 0.00e+00 0.00e+00 0.00e+00 0.00e+00 0.00e+00 0.00e+00 0.00e+00 0.00e+00 0.00e+00 0.00e+00 0.00e+00 0.00e+00 -0.00e+00 
-0.00e+00 0.00e+00 0.00e+00 0.00e+00 0.00e+00 0.00e+00 0.00e+00 0.00e+00 0.00e+00 0.00e+00 0.00e+00 0.00e+00 0.00e+00 0.00e+00 0.00e+00 0.00e+00 0.00e+00 0.00e+00 0.00e+00 -5.70e-12 -2.63e-10 -5.26e-09 -6.02e-08 -4.36e-07 -2.12e-06 -7.18e-06 -1.76e-05 -3.32e-05 -5.05e-05 -6.42e-05 -6.95e-05 -6.42e-05 -5.05e-05 -3.32e-05 -1.76e-05 -7.18e-06 -2.12e-06 -4.36e-07 -6.02e-08 -5.26e-09 -2.63e-10 -5.70e-12 0.00e+00 0.00e+00 0.00e+00 0.00e+00 0.00e+00 0.00e+00 0.00e+00 0.00e+00 0.00e+00 0.00e+00 0.00e+00 0.00e+00 0.00e+00 0.00e+00 0.00e+00 0.00e+00 0.00e+00 0.00e+00 -0.00e+00 
-0.00e+00 0.00e+00 0.00e+00 0.00e+00 0.00e+00 0.00e+00 0.00e+00 0.00e+00 0.00e+00 0.00e+00 0.00e+00 0.00e+00 0.00e+00 0.00e+00 0.00e+00 0.00e+00 0.00e+00 0.00e+00 0.00e+00 0.00e+00 -3.92e-12 -1.65e-10 -2.97e-09 -3.03e-08 -1.94e-07 -8.25e-07 -2.43e-06 -5.21e-06 -8.59e-06 -1.14e-05 -1.26e-05 -1.14e-05 -8.59e-06 -5.21e-06 -2.43e-06 -8.25e-07 -1.94e-07 -3.03e-08 -2.97e-09 -1.65e-10 -3.92e-12 0.00e+00 0.00e+00 0.00e+00 0.00e+00 0.00e+00 0.00e+00 0.00e+00 0.00e+00 0.00e+00 0.00e+00 0.00e+00 0.00e+00 0.00e+00 0.00e+00 0.00e+00 0.00e+00 0.00e+00 0.00e+00 0.00e+00 -0.00e+00 
-0.00e+00 0.00e+00 0.00e+00 0.00e+00 0.00e+00 0.00e+00 0.00e+00 0.00e+00 0.00e+00 0.00e+00 0.00e+00 0.00e+00 0.00e+00 0.00e+00 0.00e+00 0.00e+00 0.00e+00 0.00e+00 0.00e+00 0.00e+00 0.00e+00 -2.31e-12 -8.72e-11 -1.40e-09 -1.26e-08 -7.00e-08 -2.55e-07 -6.41e-07 -1.17e-06 -1.65e-06 -1.84e-06 -1.65e-06 -1.17e-06 -6.41e-07 -2.55e-07 -7.00e-08 -1.26e-08 -1.40e-09 -8.72e-11 -2.31e-12 0.00e+00 0.00e+00 0.00e+00 0.00e+00 0.00e+00 0.00e+00 0.00e+00 0.00e+00 0.00e+00 0.00e+00 0.00e+00 0.00e+00 0.00e+00 0.00e+00 0.00e+00 0.00e+00 0.00e+00 0.00e+00 0.00e+00 0.00e+00 -0.00e+00 
-0.00e+00 0.00e+00 0.00e+00 0.00e+00 0.00e+00 0.00e+00 0.00e+00 0.00e+00 0.00e+00 0.00e+00 0.00e+00 0.00e+00 0.00e+00 0.00e+00 0.00e+00 0.00e+00 0.00e+00 0.00e+00 0.00e+00 0.00e+00 0.00e+00 0.00e+00 -1.15e-12 -3.88e-11 -5.47e-10 -4.24e-09 -2.00e-08 -6.10e-08 -1.27e-07 -1.91e-07 -2.18e-07 -1.91e-07 -1.27e-07 -6.10e-08 -2.00e-08 -4.24e-09 -5.47e-10 -3.88e-11 -1.15e-12 0.00e+00 0.00e+00 0.00e+00 0.00e+00 0.00e+00 0.00e+00 0.00e+00 0.00e+00 0.00e+00 0.00e+00 0.00e+00 0.00e+00 0.00e+00 0.00e+00 0.00e+00 0.00e+00 0.00e+00 0.00e+00 0.00e+00 0.00e+00 0.00e+00 -0.00e+00 
-0.00e+00 0.00e+00 0.00e+00 0.00e+00 0.00e+00 0.00e+00 0.00e+00 0.00e+00 0.00e+00 0.00e+00 0.00e+00 0.00e+00 0.00e+00 0.00e+00 0.00e+00 0.00e+00 0.00e+00 0.00e+00 0.00e+00 0.00e+00 0.00e+00 0.00e+00 0.00e+00 -4.85e-13 -1.43e-11 -1.73e-10 -1.13e-09 -4.39e-09 -1.08e-08 -1.77e-08 -2.08e-08 -1.77e-08 -1.08e-08 -4.39e-09 -1.13e-09 -1.73e-10 -1.43e-11 -4.85e-13 0.00e+00 0.00e+00 0.00e+00 0.00e+00 0.00e+00 0.00e+00 0.00e+00 0.00e+00 0.00e+00 0.00e+00 0.00e+00 0.00e+00 0.00e+00 0.00e+00 0.00e+00 0.00e+00 0.00e+00 0.00e+00 0.00e+00 0.00e+00 0.00e+00 0.00e+00 -0.00e+00 
-0.00e+00 0.00e+00 0.00e+00 0.00e+00 0.00e+00 0.00e+00 0.00e+00 0.00e+00 0.00e+00 0.00e+00 0.00e+00 0.00e+00 0.00e+00 0.00e+00 0.00e+00 0.00e+00 0.00e+00 0.00e+00 0.00e+00 0.00e+00 0.00e+00 0.00e+00 0.00e+00 0.00e+00 -1.70e-13 -4.29e-12 -4.35e-11 -2.31e-10 -7.02e-10 -1.31e-09 -1.59e-09 -1.31e-09 -7.02e-10 -2.31e-10 -4.35e-11 -4.29e-12 -1.70e-13 0.00e+00 0.00e+00 0.00e+00 0.00e+00 0.00e+00 0.00e+00 0.00e+00 0.00e+00 0.00e+00 0.00e+00 0.00e+00 0.00e+00 0.00e+00 0.00e+00 0.00e+00 0.00e+00 0.00e+00 0.00e+00 0.00e+00 0.00e+00 0.00e+00 0.00e+00 0.00e+00 -0.00e+00 
-0.00e+00 0.00e+00 0.00e+00 0.00e+00 0.00e+00 0.00e+00 0.00e+00 0.00e+00 0.00e+00 0.00e+00 0.00e+00 0.00e+00 0.00e+00 0.00e+00 0.00e+00 0.00e+00 0.00e+00 0.00e+00 0.00e+00 0.00e+00 0.00e+00 0.00e+00 0.00e+00 0.00e+00 0.00e+00 -4.85e-14 -1.02e-12 -8.35e-12 -3.40e-11 -7.52e-11 -9.62e-11 -7.52e-11 -3.40e-11 -8.35e-12 -1.02e-12 -4.85e-14 0.00e+00 0.00e+00 0.00e+00 0.00e+00 0.00e+00 0.00e+00 0.00e+00 0.00e+00 0.00e+00 0.00e+00 0.00e+00 0.00e+00 0.00e+00 0.00e+00 0.00e+00 0.00e+00 0.00e+00 0.00e+00 0.00e+00 0.00e+00 0.00e+00 0.00e+00 0.00e+00 0.00e+00 -0.00e+00 
-0.00e+00 0.00e+00 0.00e+00 0.00e+00 0.00e+00 0.00e+00 0.00e+00 0.00e+00 0.00e+00 0.00e+00 0.00e+00 0.00e+00 0.00e+00 0.00e+00 0.00e+00 0.00e+00 0.00e+00 0.00e+00 0.00e+00 0.00e+00 0.00e+00 0.00e+00 0.00e+00 0.00e+00 0.00e+00 0.00e+00 -1.10e-14 -1.86e-13 -1.15e-12 -3.28e-12 -4.57e-12 -3.28e-12 -1.15e-12 -1.86e-13 -1.10e-14 0.00e+00 0.00e+00 0.00e+00 0.00e+00 0.00e+00 0.00e+00 0.00e+00 0.00e+00 0.00e+00 0.00e+00 0.00e+00 0.00e+00 0.00e+00 0.00e+00 0.00e+00 0.00e+00 0.00e+00 0.00e+00 0.00e+00 0.00e+00 0.00e+00 0.00e+00 0.00e+00 0.00e+00 0.00e+00 -0.00e+00 
-0.00e+00 0.00e+00 0.00e+00 0.00e+00 0.00e+00 0.00e+00 0.00e+00 0.00e+00 0.00e+00 0.00e+00 0.00e+00 0.00e+00 0.00e+00 0.00e+00 0.00e+00 0.00e+00 0.00e+00 0.00e+00 0.00e+00 0.00e+00 0.00e+00 0.00e+00 0.00e+00 0.00e+00 0.00e+00 0.00e+00 0.00e+00 -1.92e-15 -2.43e-14 -1.02e-13 -1.67e-13 -1.02e-13 -2.43e-14 -1.92e-15 0.00e+00 0.00e+00 0.00e+00 0.00e+00 0.00e+00 0.00e+00 0.00e+00 0.00e+00 0.00e+00 0.00e+00 0.00e+00 0.00e+00 0.00e+00 0.00e+00 0.00e+00 0.00e+00 0.00e+00 0.00e+00 0.00e+00 0.00e+00 0.00e+00 0.00e+00 0.00e+00 0.00e+00 0.00e+00 0.00e+00 -0.00e+00 
-0.00e+00 0.00e+00 0.00e+00 0.00e+00 0.00e+00 0.00e+00 0.00e+00 0.00e+00 0.00e+00 0.00e+00 0.00e+00 0.00e+00 0.00e+00 0.00e+00 0.00e+00 0.00e+00 0.00e+00 0.00e+00 0.00e+00 0.00e+00 0.00e+00 0.00e+00 0.00e+00 0.00e+00 0.00e+00 0.00e+00 0.00e+00 0.00e+00 -2.40e-16 -2.02e-15 -4.49e-15 -2.02e-15 -2.40e-16 0.00e+00 0.00e+00 0.00e+00 0.00e+00 0.00e+00 0.00e+00 0.00e+00 0.00e+00 0.00e+00 0.00e+00 0.00e+00 0.00e+00 0.00e+00 0.00e+00 0.00e+00 0.00e+00 0.00e+00 0.00e+00 0.00e+00 0.00e+00 0.00e+00 0.00e+00 0.00e+00 0.00e+00 0.00e+00 0.00e+00 0.00e+00 -0.00e+00 
-0.00e+00 0.00e+00 0.00e+00 0.00e+00 0.00e+00 0.00e+00 0.00e+00 0.00e+00 0.00e+00 0.00e+00 0.00e+00 0.00e+00 0.00e+00 0.00e+00 0.00e+00 0.00e+00 0.00e+00 0.00e+00 0.00e+00 0.00e+00 0.00e+00 0.00e+00 0.00e+00 0.00e+00 0.00e+00 0.00e+00 0.00e+00 0.00e+00 0.00e+00 -1.92e-17 -8.09e-17 -1.92e-17 0.00e+00 0.00e+00 0.00e+00 0.00e+00 0.00e+00 0.00e+00 0.00e+00 0.00e+00 0.00e+00 0.00e+00 0.00e+00 0.00e+00 0.00e+00 0.00e+00 0.00e+00 0.00e+00 0.00e+00 0.00e+00 0.00e+00 0.00e+00 0.00e+00 0.00e+00 0.00e+00 0.00e+00 0.00e+00 0.00e+00 0.00e+00 0.00e+00 -0.00e+00 
-0.00e+00 0.00e+00 0.00e+00 0.00e+00 0.00e+00 0.00e+00 0.00e+00 0.00e+00 0.00e+00 0.00e+00 0.00e+00 0.00e+00 0.00e+00 0.00e+00 0.00e+00 0.00e+00 0.00e+00 0.00e+00 0.00e+00 0.00e+00 0.00e+00 0.00e+00 0.00e+00 0.00e+00 0.00e+00 0.00e+00 0.00e+00 0.00e+00 0.00e+00 0.00e+00 -7.38e-19 0.00e+00 0.00e+00 0.00e+00 0.00e+00 0.00e+00 0.00e+00 0.00e+00 0.00e+00 0.00e+00 0.00e+00 0.00e+00 0.00e+00 0.00e+00 0.00e+00 0.00e+00 0.00e+00 0.00e+00 0.00e+00 0.00e+00 0.00e+00 0.00e+00 0.00e+00 0.00e+00 0.00e+00 0.00e+00 0.00e+00 0.00e+00 0.00e+00 0.00e+00 -0.00e+00 
-0.00e+00 0.00e+00 0.00e+00 0.00e+00 0.00e+00 0.00e+00 0.00e+00 0.00e+00 0.00e+00 0.00e+00 0.00e+00 0.00e+00 0.00e+00 0.00e+00 0.00e+00 0.00e+00 0.00e+00 0.00e+00 0.00e+00 0.00e+00 0.00e+00 0.00e+00 0.00e+00 0.00e+00 0.00e+00 0.00e+00 0.00e+00 0.00e+00 0.00e+00 0.00e+00 0.00e+00 0.00e+00 0.00e+00 0.00e+00 0.00e+00 0.00e+00 0.00e+00 0.00e+00 0.00e+00 0.00e+00 0.00e+00 0.00e+00 0.00e+00 0.00e+00 0.00e+00 0.00e+00 0.00e+00 0.00e+00 0.00e+00 0.00e+00 0.00e+00 0.00e+00 0.00e+00 0.00e+00 0.00e+00 0.00e+00 0.00e+00 0.00e+00 0.00e+00 0.00e+00 -0.00e+00 
-0.00e+00 0.00e+00 0.00e+00 0.00e+00 0.00e+00 0.00e+00 0.00e+00 0.00e+00 0.00e+00 0.00e+00 0.00e+00 0.00e+00 0.00e+00 0.00e+00 0.00e+00 0.00e+00 0.00e+00 0.00e+00 0.00e+00 0.00e+00 0.00e+00 0.00e+00 0.00e+00 0.00e+00 0.00e+00 0.00e+00 0.00e+00 0.00e+00 0.00e+00 0.00e+00 0.00e+00 0.00e+00 0.00e+00 0.00e+00 0.00e+00 0.00e+00 0.00e+00 0.00e+00 0.00e+00 0.00e+00 0.00e+00 0.00e+00 0.00e+00 0.00e+00 0.00e+00 0.00e+00 0.00e+00 0.00e+00 0.00e+00 0.00e+00 0.00e+00 0.00e+00 0.00e+00 0.00e+00 0.00e+00 0.00e+00 0.00e+00 0.00e+00 0.00e+00 0.00e+00 -0.00e+00 
-0.00e+00 0.00e+00 0.00e+00 0.00e+00 0.00e+00 0.00e+00 0.00e+00 0.00e+00 0.00e+00 0.00e+00 0.00e+00 0.00e+00 0.00e+00 0.00e+00 0.00e+00 0.00e+00 0.00e+00 0.00e+00 0.00e+00 0.00e+00 0.00e+00 0.00e+00 0.00e+00 0.00e+00 0.00e+00 0.00e+00 0.00e+00 0.00e+00 0.00e+00 0.00e+00 0.00e+00 0.00e+00 0.00e+00 0.00e+00 0.00e+00 0.00e+00 0.00e+00 0.00e+00 0.00e+00 0.00e+00 0.00e+00 0.00e+00 0.00e+00 0.00e+00 0.00e+00 0.00e+00 0.00e+00 0.00e+00 0.00e+00 0.00e+00 0.00e+00 0.00e+00 0.00e+00 0.00e+00 0.00e+00 0.00e+00 0.00e+00 0.00e+00 0.00e+00 0.00e+00 -0.00e+00 
0.00e+00 -0.00e+00 -0.00e+00 -0.00e+00 -0.00e+00 -0.00e+00 -0.00e+00 -0.00e+00 -0.00e+00 -0.00e+00 -0.00e+00 -0.00e+00 -0.00e+00 -0.00e+00 -0.00e+00 -0.00e+00 -0.00e+00 -0.00e+00 -0.00e+00 -0.00e+00 -0.00e+00 -0.00e+00 -0.00e+00 -0.00e+00 -0.00e+00 -0.00e+00 -0.00e+00 -0.00e+00 -0.00e+00 -0.00e+00 -0.00e+00 -0.00e+00 -0.00e+00 -0.00e+00 -0.00e+00 -0.00e+00 -0.00e+00 -0.00e+00 -0.00e+00 -0.00e+00 -0.00e+00 -0.00e+00 -0.00e+00 -0.00e+00 -0.00e+00 -0.00e+00 -0.00e+00 -0.00e+00 -0.00e+00 -0.00e+00 -0.00e+00 -0.00e+00 -0.00e+00 -0.00e+00 -0.00e+00 -0.00e+00 -0.00e+00 -0.00e+00 -0.00e+00 -0.00e+00 0.00e+00 
