0.00e+00 -0.00e+00 -4.46e-12 -2.29e-10 -5.11e-09 -6.52e-08 -5.26e-07 -2.81e-06 -1.01e-05 -2.53e-05 -4.57e-05 -6.52e-05 -8.14e-05 -9.28e-05 -9.92e-05 -1.01e-04 -9.92e-05 -9.28e-05 -8.14e-05 -6.52e-05 -4.57e-05 -2.53e-05 -1.01e-05 -2.81e-06 -5.26e-07 -6.52e-08 -5.11e-09 -2.29e-10 -4.46e-12 -0.00e+00 0.00e+00 
-0.00e+00 0.00e+00 4.46e-12 2.29e-10 5.11e-09 6.52e-08 5.26e-07 2.81e-06 1.01e-05 2.53e-05 4.57e-05 6.52e-05 8.14e-05 9.28e-05 9.92e-05 1.01e-04 9.92e-05 9.28e-05 8.14e-05 6.52e-05 4.57e-05 2.53e-05 1.01e-05 2.81e-06 5.26e-07 6.52e-08 5.11e-09 2.29e-10 4.46e-12 0.00e+00 -0.00e+00 
-8.29e-12 8.29e-12 2.33e-10 5.73e-09 8.15e-08 7.40e-07 4.50e-06 1.87e-05 5.36e-05 1.09e-04 1.66e-04 2.12e-04 2.46e-04 2.66e-04 2.77e-04 2.80e-04 2.77e-04 2.66e-04 2.46e-04 2.12e-04 1.66e-04 1.09e-04 5.36e-05 1.87e-05 4.50e-06 7.40e-07 8.15e-08 5.73e-09 2.33e-10 4.15e-12 -4.15e-12 
-3.98e-10 3.98e-10 5.28e-09 8.10e-08 8.00e-07 5.31e-06 2.41e-05 7.55e-05 1.63e-04 2.50e-04 3.02e-04 3.31e-04 3.40e-04 3.35e-04 3.33e-04 3.29e-04 3.33e-04 3.35e-04 3.40e-04 3.31e-04 3.02e-04 2.50e-04 1.63e-04 7.55e-05 2.41e-05 5.31e-06 8.00e-07 8.10e-08 5.27e-09 1.96e-10 -1.96e-10 
-8.26e-09 8.26e-09 6.83e-08 7.27e-07 5.24e-06 2.59e-05 8.79e-05 2.02e-04 3.10e-04 3.36e-04 3.09e-04 2.79e-04 2.28e-04 2.02e-04 1.77e-04 1.74e-04 1.77e-04 2.02e-04 2.28e-04 2.79e-04 3.09e-04 3.36e-04 3.10e-04 2.02e-04 8.79e-05 2.59e-05 5.24e-06 7.27e-07 6.82e-08 3.98e-09 -3.98e-09 
-9.68e-08 9.68e-08 5.57e-07 4.31e-06 2.31e-05 8.51e-05 2.09e-04 3.28e-04 3.11e-04 1.95e-04 1.34e-04 7.38e-05 3.32e-05 3.71e-05 1.34e-05 3.31e-05 1.34e-05 3.71e-05 3.32e-05 7.38e-05 1.34e-04 1.95e-04 3.11e-04 3.28e-04 2.09e-04 8.51e-05 2.31e-05 4.31e-06 5.54e-07 4.57e-08 -4.57e-08 
-7.07e-07 7.07e-07 2.99e-06 1.72e-05 6.85e-05 1.82e-04 3.02e-04 2.64e-04 7.71e-05 1.60e-05 4.63e-05 1.79e-05 9.22e-05 8.93e-05 1.24e-04 1.18e-04 1.24e-04 8.93e-05 9.22e-05 1.79e-05 4.63e-05 1.60e-05 7.71e-05 2.64e-04 3.02e-04 1.82e-04 6.85e-05 1.72e-05 2.96e-06 3.25e-07 -3.25e-07 
-3.36e-06 3.36e-06 1.07e-05 4.56e-05 1.33e-04 2.42e-04 2.25e-04 3.83e-05 -1.46e-05 1.31e-04 1.17e-04 1.55e-04 2.10e-04 1.50e-04 2.25e-04 1.48e-04 2.25e-04 1.50e-04 2.10e-04 1.55e-04 1.17e-04 1.31e-04 -1.46e-05 3.83e-05 2.25e-04 2.42e-04 1.33e-04 4.56e-05 1.05e-05 1.49e-06 -1.49e-06 
-1.05e-05 1.05e-05 2.57e-05 8.09e-05 1.68e-04 1.94e-04 7.75e-05 1.64e-05 1.62e-04 1.51e-04 6.06e-05 1.59e-04 4.08e-05 1.14e-04 6.72e-05 1.02e-04 6.72e-05 1.14e-04 4.08e-05 1.59e-04 6.06e-05 1.51e-04 1.62e-04 1.64e-05 7.75e-05 1.94e-04 1.68e-04 8.08e-05 2.49e-05 4.48e-06 -4.48e-06 
-2.21e-05 2.21e-05 4.25e-05 9.95e-05 1.52e-04 1.25e-04 6.35e-05 9.37e-05 7.95e-05 -1.06e-05 1.01e-04 8.08e-05 8.33e-05 1.91e-04 1.15e-04 2.29e-04 1.15e-04 1.91e-04 8.33e-05 8.08e-05 1.01e-04 -1.06e-05 7.95e-05 9.37e-05 6.35e-05 1.25e-04 1.52e-04 9.91e-05 4.00e-05 8.92e-06 -8.92e-06 
-3.24e-05 3.24e-05 5.18e-05 9.79e-05 1.27e-04 9.64e-05 3.65e-05 8.07e-06 4.70e-05 1.46e-04 1.25e-04 9.66e-05 2.04e-04 1.42e-04 2.25e-04 1.75e-04 2.25e-04 1.42e-04 2.04e-04 9.66e-05 1.25e-04 1.46e-04 4.70e-05 8.07e-06 3.65e-05 9.63e-05 1.27e-04 9.71e-05 4.73e-05 1.23e-05 -1.23e-05 
-3.64e-05 3.64e-05 5.27e-05 8.72e-05 9.58e-05 4.48e-05 4.25e-06 7.86e-05 1.33e-04 1.44e-05 1.69e-05 1.25e-04 8.69e-05 1.67e-04 1.77e-04 2.30e-04 1.77e-04 1.67e-04 8.69e-05 1.25e-04 1.69e-05 1.44e-05 1.33e-04 7.86e-05 4.25e-06 4.48e-05 9.56e-05 8.60e-05 4.66e-05 1.31e-05 -1.31e-05 
-3.34e-05 3.34e-05 4.48e-05 6.45e-05 6.01e-05 3.37e-05 3.76e-05 3.46e-05 -2.55e-05 4.76e-05 1.56e-04 9.38e-05 1.74e-04 2.01e-04 3.15e-04 3.63e-04 3.15e-04 2.01e-04 1.74e-04 9.38e-05 1.56e-04 4.76e-05 -2.55e-05 3.46e-05 3.76e-05 3.37e-05 5.98e-05 6.32e-05 3.86e-05 1.16e-05 -1.16e-05 
-2.30e-05 2.30e-05 2.94e-05 4.06e-05 3.86e-05 1.42e-05 -9.47e-06 2.51e-05 1.01e-04 5.41e-05 -2.21e-05 6.08e-05 7.14e-05 1.86e-04 3.38e-04 5.50e-04 3.38e-04 1.86e-04 7.14e-05 6.08e-05 -2.21e-05 5.41e-05 1.01e-04 2.51e-05 -9.47e-06 1.42e-05 3.84e-05 3.95e-05 2.47e-05 7.76e-06 -7.76e-06 
-8.33e-06 8.33e-06 1.06e-05 1.33e-05 8.49e-06 4.95e-06 2.47e-05 1.85e-05 -5.90e-05 -2.37e-05 9.02e-05 3.99e-05 9.29e-05 1.41e-04 3.53e-04 1.28e-03 3.53e-04 1.41e-04 9.29e-05 3.99e-05 9.02e-05 -2.37e-05 -5.90e-05 1.85e-05 2.47e-05 4.94e-06 8.41e-06 1.28e-05 8.87e-06 2.80e-06 -2.80e-06 
8.33e-06 -8.33e-06 -1.06e-05 -1.33e-05 -8.49e-06 -4.95e-06 -2.47e-05 -1.85e-05 5.90e-05 2.37e-05 -9.02e-05 -3.99e-05 -9.29e-05 -1.41e-04 -3.53e-04 -1.28e-03 -3.53e-04 -1.41e-04 -9.29e-05 -3.99e-05 -9.02e-05 2.37e-05 5.90e-05 -1.85e-05 -2.47e-05 -4.94e-06 -8.41e-06 -1.28e-05 -8.87e-06 -2.80e-06 2.80e-06 
2.30e-05 -2.30e-05 -2.94e-05 -4.06e-05 -3.86e-05 -1.42e-05 9.47e-06 -2.51e-05 -1.01e-04 -5.41e-05 2.21e-05 -6.08e-05 -7.14e-05 -1.86e-04 -3.38e-04 -5.50e-04 -3.38e-04 -1.86e-04 -7.14e-05 -6.08e-05 2.21e-05 -5.41e-05 -1.01e-04 -2.51e-05 9.47e-06 -1.42e-05 -3.84e-05 -3.95e-05 -2.47e-05 -7.76e-06 7.76e-06 
3.34e-05 -3.34e-05 -4.48e-05 -6.45e-05 -6.01e-05 -3.37e-05 -3.76e-05 -3.46e-05 2.55e-05 -4.76e-05 -1.56e-04 -9.38e-05 -1.74e-04 -2.01e-04 -3.15e-04 -3.63e-04 -3.15e-04 -2.01e-04 -1.74e-04 -9.38e-05 -1.56e-04 -4.76e-05 2.55e-05 -3.46e-05 -3.76e-05 -3.37e-05 -5.98e-05 -6.32e-05 -3.86e-05 -1.16e-05 1.16e-05 
3.64e-05 -3.64e-05 -5.27e-05 -8.72e-05 -9.58e-05 -4.48e-05 -4.25e-06 -7.86e-05 -1.33e-04 -1.44e-05 -1.69e-05 -1.25e-04 -8.69e-05 -1.67e-04 -1.77e-04 -2.30e-04 -1.77e-04 -1.67e-04 -8.69e-05 -1.25e-04 -1.69e-05 -1.44e-05 -1.33e-04 -7.86e-05 -4.25e-06 -4.48e-05 -9.56e-05 -8.60e-05 -4.66e-05 -1.31e-05 1.31e-05 
3.24e-05 -3.24e-05 -5.18e-05 -9.79e-05 -1.27e-04 -9.64e-05 -3.65e-05 -8.07e-06 -4.70e-05 -1.46e-04 -1.25e-04 -9.66e-05 -2.04e-04 -1.42e-04 -2.25e-04 -1.75e-04 -2.25e-04 -1.42e-04 -2.04e-04 -9.66e-05 -1.25e-04 -1.46e-04 -4.70e-05 -8.07e-06 -3.65e-05 -9.63e-05 -1.27e-04 -9.71e-05 -4.73e-05 -1.23e-05 1.23e-05 
2.21e-05 -2.21e-05 -4.25e-05 -9.95e-05 -1.52e-04 -1.25e-04 -6.35e-05 -9.37e-05 -7.95e-05 1.06e-05 -1.01e-04 -8.08e-05 -8.33e-05 -1.91e-04 -1.15e-04 -2.29e-04 -1.15e-04 -1.91e-04 -8.33e-05 -8.08e-05 -1.01e-04 1.06e-05 -7.95e-05 -9.37e-05 -6.35e-05 -1.25e-04 -1.52e-04 -9.91e-05 -4.00e-05 -8.92e-06 8.92e-06 
1.05e-05 -1.05e-05 -2.57e-05 -8.09e-05 -1.68e-04 -1.94e-04 -7.75e-05 -1.64e-05 -1.62e-04 -1.51e-04 -6.06e-05 -1.59e-04 -4.08e-05 -1.14e-04 -6.72e-05 -1.02e-04 -6.72e-05 -1.14e-04 -4.08e-05 -1.59e-04 -6.06e-05 -1.51e-04 -1.62e-04 -1.64e-05 -7.75e-05 -1.94e-04 -1.68e-04 -8.08e-05 -2.49e-05 -4.48e-06 4.48e-06 
3.36e-06 -3.36e-06 -1.07e-05 -4.56e-05 -1.33e-04 -2.42e-04 -2.25e-04 -3.83e-05 1.46e-05 -1.31e-04 -1.17e-04 -1.55e-04 -2.10e-04 -1.50e-04 -2.25e-04 -1.48e-04 -2.25e-04 -1.50e-04 -2.10e-04 -1.55e-04 -1.17e-04 -1.31e-04 1.46e-05 -3.83e-05 -2.25e-04 -2.42e-04 -1.33e-04 -4.56e-05 -1.05e-05 -1.49e-06 1.49e-06 
7.07e-07 -7.07e-07 -2.99e-06 -1.72e-05 -6.85e-05 -1.82e-04 -3.02e-04 -2.64e-04 -7.71e-05 -1.60e-05 -4.63e-05 -1.79e-05 -9.22e-05 -8.93e-05 -1.24e-04 -1.18e-04 -1.24e-04 -8.93e-05 -9.22e-05 -1.79e-05 -4.63e-05 -1.60e-05 -7.71e-05 -2.64e-04 -3.02e-04 -1.82e-04 -6.85e-05 -1.72e-05 -2.96e-06 -3.25e-07 3.25e-07 
9.68e-08 -9.68e-08 -5.57e-07 -4.31e-06 -2.31e-05 -8.51e-05 -2.09e-04 -3.28e-04 -3.11e-04 -1.95e-04 -1.34e-04 -7.38e-05 -3.32e-05 -3.71e-05 -1.35e-05 -3.32e-05 -1.35e-05 -3.71e-05 -3.32e-05 -7.38e-05 -1.34e-04 -1.95e-04 -3.11e-04 -3.28e-04 -2.09e-04 -8.51e-05 -2.31e-05 -4.31e-06 -5.54e-07 -4.57e-08 4.57e-08 
8.26e-09 -8.26e-09 -6.83e-08 -7.27e-07 -5.24e-06 -2.59e-05 -8.79e-05 -2.02e-04 -3.10e-04 -3.36e-04 -3.09e-04 -2.79e-04 -2.28e-04 -2.02e-04 -1.78e-04 -1.75e-04 -1.78e-04 -2.02e-04 -2.28e-04 -2.79e-04 -3.09e-04 -3.36e-04 -3.10e-04 -2.02e-04 -8.79e-05 -2.59e-05 -5.24e-06 -7.27e-07 -6.82e-08 -3.98e-09 3.98e-09 
3.98e-10 -3.98e-10 -5.28e-09 -8.10e-08 -8.00e-07 -5.31e-06 -2.41e-05 -7.55e-05 -1.63e-04 -2.50e-04 -3.03e-04 -3.32e-04 -3.42e-04 -3.39e-04 -3.37e-04 -3.33e-04 -3.37e-04 -3.39e-04 -3.42e-04 -3.32e-04 -3.03e-04 -2.50e-04 -1.63e-04 -7.55e-05 -2.41e-05 -5.31e-06 -8.00e-07 -8.10e-08 -5.27e-09 -1.96e-10 1.96e-10 
8.29e-12 -8.29e-12 -2.33e-10 -5.73e-09 -8.15e-08 -7.40e-07 -4.50e-06 -1.87e-05 -5.38e-05 -1.10e-04 -1.69e-04 -2.19e-04 -2.58e-04 -2.83e-04 -2.97e-04 -3.01e-04 -2.97e-04 -2.83e-04 -2.58e-04 -2.19e-04 -1.69e-04 -1.10e-04 -5.38e-05 -1.87e-05 -4.50e-06 -7.40e-07 -8.15e-08 -5.73e-09 -2.33e-10 -4.15e-12 4.15e-12 
-0.00e+00 0.00e+00 -4.46e-12 -2.33e-10 -5.31e-09 -6.95e-08 -5.78e-07 -3.21e-06 -1.22e-05 -3.26e-05 -6.37e-05 -9.87e-05 -1.32e-04 -1.59e-04 -1.76e-04 -1.82e-04 -1.76e-04 -1.59e-04 -1.32e-04 -9.87e-05 -6.37e-05 -3.26e-05 -1.22e-05 -3.21e-06 -5.78e-07 -6.95e-08 -5.31e-09 -2.33e-10 -4.46e-12 0.00e+00 -0.00e+00 
-0.00e+00 0.00e+00 0.00e+00 -8.29e-12 -4.00e-10 -8.36e-09 -9.97e-08 -7.49e-07 -3.73e-06 -1.27e-05 -3.05e-05 -5.52e-05 -8.14e-05 -1.05e-04 -1.20e-04 -1.26e-04 -1.20e-04 -1.05e-04 -8.14e-05 -5.52e-05 -3.05e-05 -1.27e-05 -3.73e-06 -7.49e-07 -9.97e-08 -8.36e-09 -4.00e-10 -8.29e-12 0.00e+00 0.00e+00 -0.00e+00 
0.00e+00 -0.00e+00 -0.00e+00 8.29e-12 4.00e-10 8.36e-09 9.97e-08 7.49e-07 3.73e-06 1.27e-05 3.05e-05 5.52e-05 8.14e-05 1.05e-04 1.20e-04 1.26e-04 1.20e-04 1.05e-04 8.14e-05 5.52e-05 3.05e-05 1.27e-05 3.73e-06 7.49e-07 9.97e-08 8.36e-09 4.00e-10 8.29e-12 -0.00e+00 -0.00e+00 0.00e+00 
