7.71e-05 -7.71e-05 -9.12e-05 -9.96e-05 -4.00e-05 7.70e-05 1.51e-04 1.51e-04 1.30e-04 7.92e-05 2.50e-05 -9.10e-06 -4.73e-05 -5.82e-05 -7.61e-05 -7.20e-05 -7.61e-05 -5.82e-05 -4.73e-05 -9.10e-06 2.50e-05 7.92e-05 1.30e-04 1.51e-04 1.51e-04 7.71e-05 -3.93e-05 -9.57e-05 -7.47e-05 -2.54e-05 2.54e-05 
-7.71e-05 7.71e-05 9.12e-05 9.96e-05 4.00e-05 -7.70e-05 -1.51e-04 -1.51e-04 -1.30e-04 -7.92e-05 -2.50e-05 9.10e-06 4.73e-05 5.82e-05 7.61e-05 7.20e-05 7.61e-05 5.82e-05 4.73e-05 9.10e-06 -2.50e-05 -7.92e-05 -1.30e-04 -1.51e-04 -1.51e-04 -7.71e-05 3.93e-05 9.57e-05 7.47e-05 2.54e-05 -2.54e-05 
-2.41e-04 2.41e-04 2.49e-04 2.03e-04 2.33e-05 -1.81e-04 -2.49e-04 -2.41e-04 -2.14e-04 -1.29e-04 -7.90e-05 -2.94e-05 1.07e-05 2.18e-05 4.65e-05 3.63e-05 4.65e-05 2.18e-05 1.07e-05 -2.94e-05 -7.90e-05 -1.29e-04 -2.14e-04 -2.41e-04 -2.49e-04 -1.82e-04 1.96e-05 1.86e-04 1.86e-04 7.13e-05 -7.13e-05 
-3.76e-04 3.76e-04 3.16e-04 1.36e-04 -5.50e-05 -8.40e-05 -5.01e-05 -1.06e-04 -1.15e-04 -1.29e-04 -1.83e-04 -1.61e-04 -2.00e-04 -1.72e-04 -1.95e-04 -1.74e-04 -1.95e-04 -1.72e-04 -2.00e-04 -1.61e-04 -1.83e-04 -1.29e-04 -1.15e-04 -1.06e-04 -5.05e-05 -8.65e-05 -6.75e-05 8.76e-05 1.77e-04 8.67e-05 -8.67e-05 
-3.83e-04 3.83e-04 2.66e-04 6.14e-05 3.25e-05 1.19e-04 3.97e-05 -5.48e-05 -6.19e-05 -1.77e-04 -1.76e-04 -1.95e-04 -2.19e-04 -1.83e-04 -2.24e-04 -1.77e-04 -2.24e-04 -1.83e-04 -2.19e-04 -1.95e-04 -1.76e-04 -1.77e-04 -6.19e-05 -5.50e-05 3.83e-05 1.11e-04 9.02e-07 -3.64e-05 4.53e-05 4.35e-05 -4.35e-05 
-2.67e-04 2.67e-04 1.93e-04 1.25e-04 1.59e-04 7.97e-05 -4.11e-05 2.22e-05 -1.75e-05 -4.73e-05 2.42e-05 -6.55e-05 7.32e-06 -6.69e-05 -1.50e-05 -6.67e-05 -1.50e-05 -6.69e-05 7.32e-06 -6.55e-05 2.42e-05 -4.73e-05 -1.76e-05 2.15e-05 -4.52e-05 6.16e-05 9.80e-05 -2.58e-05 -6.97e-05 -2.46e-05 2.46e-05 
-1.60e-04 1.60e-04 1.60e-04 1.69e-04 1.13e-04 1.86e-05 8.20e-05 1.05e-04 2.50e-05 1.08e-04 2.57e-05 2.02e-05 2.62e-05 -3.44e-05 2.28e-05 -4.91e-05 2.28e-05 -3.44e-05 2.62e-05 2.02e-05 2.57e-05 1.08e-04 2.47e-05 1.03e-04 7.29e-05 -1.45e-05 2.19e-05 -1.48e-05 -9.22e-05 -5.45e-05 5.45e-05 
-9.45e-05 9.45e-05 1.15e-04 1.42e-04 1.33e-04 1.26e-04 8.60e-05 5.58e-06 5.84e-05 4.61e-05 1.95e-06 8.49e-05 1.77e-05 1.01e-04 4.16e-05 1.05e-04 4.16e-05 1.01e-04 1.77e-05 8.49e-05 1.94e-06 4.60e-05 5.76e-05 1.69e-06 7.04e-05 7.74e-05 1.98e-05 -4.93e-05 -1.04e-04 -5.80e-05 5.80e-05 
-3.34e-05 3.34e-05 8.40e-05 1.69e-04 1.54e-04 3.99e-05 1.01e-05 9.33e-05 8.11e-05 5.87e-05 1.25e-04 9.68e-05 1.31e-04 1.23e-04 1.33e-04 1.33e-04 1.33e-04 1.23e-04 1.31e-04 9.68e-05 1.25e-04 5.84e-05 7.96e-05 8.70e-05 -1.20e-05 -2.02e-05 3.14e-05 -1.24e-05 -9.05e-05 -5.67e-05 5.67e-05 
-2.25e-05 2.25e-05 7.67e-05 1.27e-04 7.37e-05 7.45e-05 1.46e-04 6.36e-05 1.94e-05 8.61e-05 4.41e-05 8.77e-05 7.40e-05 1.02e-04 1.10e-04 1.16e-04 1.10e-04 1.02e-04 7.40e-05 8.77e-05 4.40e-05 8.57e-05 1.73e-05 5.50e-05 1.19e-04 8.61e-06 -4.72e-05 -2.91e-05 -5.03e-05 -3.47e-05 3.47e-05 
-1.32e-05 1.32e-05 4.73e-05 9.70e-05 1.19e-04 9.97e-05 1.00e-05 4.48e-06 8.74e-05 5.88e-05 1.02e-04 1.08e-04 1.28e-04 1.82e-04 1.70e-04 2.19e-04 1.70e-04 1.82e-04 1.28e-04 1.08e-04 1.02e-04 5.82e-05 8.47e-05 -5.49e-06 -1.88e-05 3.51e-05 1.09e-05 -2.93e-05 -4.46e-05 -2.36e-05 2.36e-05 
-7.89e-06 7.89e-06 4.61e-05 8.61e-05 4.70e-05 2.31e-05 9.60e-05 1.02e-04 3.47e-05 6.93e-05 5.55e-05 7.51e-05 1.34e-04 1.32e-04 2.02e-04 1.91e-04 2.02e-04 1.32e-04 1.34e-04 7.50e-05 5.54e-05 6.85e-05 3.18e-05 9.19e-05 6.88e-05 -3.39e-05 -4.20e-05 -9.25e-06 -1.39e-05 -1.21e-05 1.21e-05 
-1.39e-05 1.39e-05 2.48e-05 3.59e-05 6.32e-05 9.86e-05 2.45e-05 -3.61e-05 4.69e-05 3.87e-05 6.69e-05 1.21e-04 1.19e-04 2.06e-04 2.55e-04 3.51e-04 2.55e-04 2.06e-04 1.19e-04 1.21e-04 6.68e-05 3.80e-05 4.43e-05 -4.46e-05 2.35e-06 5.44e-05 -2.11e-06 -2.94e-05 -1.45e-05 -3.68e-06 3.68e-06 
-1.62e-06 1.62e-06 1.96e-05 4.42e-05 2.17e-05 -1.87e-05 3.31e-05 9.03e-05 3.11e-05 4.08e-05 4.81e-05 3.59e-05 1.06e-04 1.55e-04 3.40e-04 5.23e-04 3.40e-04 1.55e-04 1.06e-04 3.59e-05 4.80e-05 4.03e-05 2.93e-05 8.46e-05 1.87e-05 -4.66e-05 -1.82e-05 5.68e-06 -1.14e-06 -3.45e-06 3.45e-06 
-7.74e-06 7.74e-06 3.63e-06 -6.58e-06 1.48e-05 6.17e-05 9.99e-06 -6.20e-05 1.58e-06 2.05e-06 8.54e-06 5.73e-05 4.64e-05 1.43e-04 3.26e-04 1.20e-03 3.26e-04 1.43e-04 4.64e-05 5.73e-05 8.50e-06 1.88e-06 9.30e-07 -6.40e-05 4.98e-06 5.21e-05 1.54e-06 -1.88e-05 -3.48e-06 1.72e-06 -1.72e-06 
7.74e-06 -7.74e-06 -3.63e-06 6.58e-06 -1.48e-05 -6.17e-05 -9.99e-06 6.20e-05 -1.58e-06 -2.05e-06 -8.54e-06 -5.73e-05 -4.64e-05 -1.43e-04 -3.26e-04 -1.20e-03 -3.26e-04 -1.43e-04 -4.64e-05 -5.73e-05 -8.50e-06 -1.88e-06 -9.30e-07 6.40e-05 -4.98e-06 -5.21e-05 -1.54e-06 1.88e-05 3.48e-06 -1.72e-06 1.72e-06 
1.62e-06 -1.62e-06 -1.96e-05 -4.42e-05 -2.17e-05 1.87e-05 -3.31e-05 -9.03e-05 -3.11e-05 -4.08e-05 -4.81e-05 -3.59e-05 -1.06e-04 -1.55e-04 -3.40e-04 -5.23e-04 -3.40e-04 -1.55e-04 -1.06e-04 -3.59e-05 -4.80e-05 -4.03e-05 -2.93e-05 -8.46e-05 -1.87e-05 4.66e-05 1.82e-05 -5.68e-06 1.14e-06 3.45e-06 -3.45e-06 
1.39e-05 -1.39e-05 -2.48e-05 -3.59e-05 -6.32e-05 -9.86e-05 -2.45e-05 3.61e-05 -4.69e-05 -3.87e-05 -6.69e-05 -1.21e-04 -1.19e-04 -2.06e-04 -2.55e-04 -3.51e-04 -2.55e-04 -2.06e-04 -1.19e-04 -1.21e-04 -6.68e-05 -3.80e-05 -4.43e-05 4.46e-05 -2.35e-06 -5.44e-05 2.11e-06 2.94e-05 1.45e-05 3.68e-06 -3.68e-06 
7.89e-06 -7.89e-06 -4.61e-05 -8.61e-05 -4.70e-05 -2.31e-05 -9.60e-05 -1.02e-04 -3.47e-05 -6.93e-05 -5.55e-05 -7.51e-05 -1.34e-04 -1.32e-04 -2.02e-04 -1.91e-04 -2.02e-04 -1.32e-04 -1.34e-04 -7.51e-05 -5.54e-05 -6.86e-05 -3.18e-05 -9.19e-05 -6.88e-05 3.39e-05 4.20e-05 9.25e-06 1.39e-05 1.21e-05 -1.21e-05 
1.32e-05 -1.32e-05 -4.73e-05 -9.70e-05 -1.19e-04 -9.97e-05 -1.00e-05 -4.48e-06 -8.75e-05 -5.89e-05 -1.03e-04 -1.09e-04 -1.28e-04 -1.83e-04 -1.71e-04 -2.20e-04 -1.71e-04 -1.83e-04 -1.28e-04 -1.09e-04 -1.02e-04 -5.83e-05 -8.47e-05 5.48e-06 1.88e-05 -3.51e-05 -1.09e-05 2.93e-05 4.46e-05 2.36e-05 -2.36e-05 
2.25e-05 -2.25e-05 -7.67e-05 -1.27e-04 -7.37e-05 -7.45e-05 -1.46e-04 -6.36e-05 -1.96e-05 -8.65e-05 -4.48e-05 -8.89e-05 -7.58e-05 -1.05e-04 -1.12e-04 -1.19e-04 -1.12e-04 -1.05e-04 -7.58e-05 -8.89e-05 -4.48e-05 -8.61e-05 -1.74e-05 -5.50e-05 -1.19e-04 -8.62e-06 4.72e-05 2.91e-05 5.03e-05 3.47e-05 -3.47e-05 
3.34e-05 -3.34e-05 -8.40e-05 -1.69e-04 -1.54e-04 -3.99e-05 -1.02e-05 -9.37e-05 -8.21e-05 -6.09e-05 -1.29e-04 -1.03e-04 -1.40e-04 -1.33e-04 -1.44e-04 -1.45e-04 -1.44e-04 -1.33e-04 -1.40e-04 -1.03e-04 -1.29e-04 -6.06e-05 -8.07e-05 -8.74e-05 1.19e-05 2.02e-05 -3.14e-05 1.24e-05 9.05e-05 5.67e-05 -5.67e-05 
9.45e-05 -9.45e-05 -1.15e-04 -1.42e-04 -1.33e-04 -1.26e-04 -8.68e-05 -8.02e-06 -6.39e-05 -5.66e-05 -1.88e-05 -1.09e-04 -4.89e-05 -1.38e-04 -8.25e-05 -1.47e-04 -8.25e-05 -1.38e-04 -4.89e-05 -1.09e-04 -1.88e-05 -5.65e-05 -6.32e-05 -4.13e-06 -7.12e-05 -7.76e-05 -1.98e-05 4.93e-05 1.04e-04 5.80e-05 -5.80e-05 
1.60e-04 -1.60e-04 -1.60e-04 -1.69e-04 -1.14e-04 -2.02e-05 -8.70e-05 -1.18e-04 -4.88e-05 -1.48e-04 -8.38e-05 -9.71e-05 -1.20e-04 -7.32e-05 -1.39e-04 -7.01e-05 -1.39e-04 -7.32e-05 -1.20e-04 -9.71e-05 -8.38e-05 -1.48e-04 -4.85e-05 -1.16e-04 -7.80e-05 1.28e-05 -2.23e-05 1.47e-05 9.22e-05 5.45e-05 -5.45e-05 
2.67e-04 -2.67e-04 -1.93e-04 -1.26e-04 -1.62e-04 -8.87e-05 1.82e-05 -6.92e-05 -6.22e-05 -7.04e-05 -1.81e-04 -1.27e-04 -2.30e-04 -1.78e-04 -2.43e-04 -1.96e-04 -2.43e-04 -1.78e-04 -2.30e-04 -1.27e-04 -1.81e-04 -7.04e-05 -6.21e-05 -6.85e-05 2.23e-05 -7.05e-05 -1.01e-04 2.51e-05 6.96e-05 2.46e-05 -2.46e-05 
3.83e-04 -3.83e-04 -2.67e-04 -6.54e-05 -4.65e-05 -1.57e-04 -1.20e-04 -8.40e-05 -1.42e-04 -8.99e-05 -1.46e-04 -1.70e-04 -1.78e-04 -2.34e-04 -2.06e-04 -2.57e-04 -2.06e-04 -2.34e-04 -1.78e-04 -1.70e-04 -1.46e-04 -8.99e-05 -1.42e-04 -8.38e-05 -1.19e-04 -1.49e-04 -1.49e-05 3.24e-05 -4.62e-05 -4.37e-05 4.37e-05 
3.78e-04 -3.78e-04 -3.21e-04 -1.55e-04 2.00e-07 -3.71e-05 -1.61e-04 -1.98e-04 -2.67e-04 -3.10e-04 -2.92e-04 -3.33e-04 -3.00e-04 -3.27e-04 -3.03e-04 -3.23e-04 -3.03e-04 -3.27e-04 -3.00e-04 -3.33e-04 -2.92e-04 -3.10e-04 -2.67e-04 -1.98e-04 -1.61e-04 -3.47e-05 1.27e-05 -1.07e-04 -1.82e-04 -8.76e-05 8.76e-05 
2.52e-04 -2.52e-04 -2.73e-04 -2.73e-04 -1.84e-04 -1.02e-04 -1.46e-04 -2.24e-04 -2.78e-04 -3.57e-04 -3.78e-04 -3.93e-04 -3.98e-04 -3.83e-04 -3.90e-04 -3.74e-04 -3.90e-04 -3.83e-04 -3.98e-04 -3.93e-04 -3.78e-04 -3.57e-04 -2.78e-04 -2.24e-04 -1.46e-04 -1.02e-04 -1.80e-04 -2.56e-04 -2.08e-04 -7.60e-05 7.60e-05 
1.26e-04 -1.26e-04 -1.75e-04 -2.90e-04 -3.80e-04 -3.82e-04 -3.37e-04 -2.99e-04 -2.53e-04 -2.19e-04 -2.04e-04 -1.83e-04 -1.81e-04 -1.70e-04 -1.72e-04 -1.67e-04 -1.72e-04 -1.70e-04 -1.81e-04 -1.83e-04 -2.04e-04 -2.19e-04 -2.53e-04 -2.99e-04 -3.37e-04 -3.82e-04 -3.79e-04 -2.85e-04 -1.52e-04 -4.40e-05 4.40e-05 
7.83e-05 -7.83e-05 -1.29e-04 -2.72e-04 -4.45e-04 -5.32e-04 -4.83e-04 -3.74e-04 -2.58e-04 -1.44e-04 -7.50e-05 -2.78e-05 -3.64e-06 3.72e-06 1.06e-05 7.17e-06 1.06e-05 3.72e-06 -3.64e-06 -2.78e-05 -7.50e-05 -1.44e-04 -2.58e-04 -3.74e-04 -4.83e-04 -5.32e-04 -4.45e-04 -2.70e-04 -1.18e-04 -2.95e-05 2.95e-05 
-7.83e-05 7.83e-05 1.29e-04 2.72e-04 4.45e-04 5.32e-04 4.83e-04 3.74e-04 2.58e-04 1.44e-04 7.50e-05 2.78e-05 3.64e-06 -3.72e-06 -1.06e-05 -7.17e-06 -1.06e-05 -3.72e-06 3.64e-06 2.78e-05 7.50e-05 1.44e-04 2.58e-04 3.74e-04 4.83e-04 5.32e-04 4.45e-04 2.70e-04 1.18e-04 2.95e-05 -2.95e-05 
