0.00e+00 -0.00e+00 -0.00e+00 -0.00e+00 -0.00e+00 -0.00e+00 -0.00e+00 -0.00e+00 -0.00e+00 -0.00e+00 -0.00e+00 -0.00e+00 -0.00e+00 -0.00e+00 -0.00e+00 -0.00e+00 -0.00e+00 -0.00e+00 -0.00e+00 -0.00e+00 -0.00e+00 -0.00e+00 -0.00e+00 -0.00e+00 -0.00e+00 -0.00e+00 -0.00e+00 -0.00e+00 -0.00e+00 -0.00e+00 -0.00e+00 -0.00e+00 -0.00e+00 -0.00e+00 -0.00e+00 -0.00e+00 -0.00e+00 -0.00e+00 -0.00e+00 -0.00e+00 -0.00e+00 -0.00e+00 -0.00e+00 -0.00e+00 -0.00e+00 -0.00e+00 -0.00e+00 -0.00e+00 -0.00e+00 -0.00e+00 -0.00e+00 -0.00e+00 -0.00e+00 -0.00e+00 -0.00e+00 -0.00e+00 -0.00e+00 -0.00e+00 -0.00e+00 -0.00e+00 0.00e+00 
-0.00e+00 0.00e+00 0.00e+00 0.00e+00 0.00e+00 0.00e+00 0.00e+00 0.00e+00 0.00e+00 0.00e+00 0.00e+00 0.00e+00 0.00e+00 0.00e+00 0.00e+00 0.00e+00 0.00e+00 0.00e+00 0.00e+00 0.00e+00 0.00e+00 0.00e+00 0.00e+00 0.00e+00 0.00e+00 0.00e+00 0.00e+00 0.00e+00 0.00e+00 0.00e+00 0.00e+00 0.00e+00 0.00e+00 0.00e+00 0.00e+00 0.00e+00 0.00e+00 0.00e+00 0.00e+00 0.00e+00 0.00e+00 0.00e+00 0.00e+00 0.00e+00 0.00e+00 0.00e+00 0.00e+00 0.00e+00 0.00e+00 0.00e+00 0.00e+00 0.00e+00 0.00e+00 0.00e+00 0.00e+00 0.00e+00 0.00e+00 0.00e+00 0.00e+00 0.00e+00 -0.00e+00 
-0.00e+00 0.00e+00 0.00e+00 0.00e+00 0.00e+00 0.00e+00 0.00e+00 0.00e+00 0.00e+00 0.00e+00 0.00e+00 0.00e+00 0.00e+00 0.00e+00 0.00e+00 0.00e+00 0.00e+00 0.00e+00 0.00e+00 0.00e+00 0.00e+00 0.00e+00 0.00e+00 0.00e+00 0.00e+00 0.00e+00 0.00e+00 0.00e+00 0.00e+00 0.00e+00 1.84e-19 0.00e+00 0.00e+00 0.00e+00 0.00e+00 0.00e+00 0.00e+00 0.00e+00 0.00e+00 0.00e+00 0.00e+00 0.00e+00 0.00e+00 0.00e+00 0.00e+00 0.00e+00 0.00e+00 0.00e+00 0.00e+00 0.00e+00 0.00e+00 0.00e+00 0.00e+00 0.00e+00 0.00e+00 0.00e+00 0.00e+00 0.00e+00 0.00e+00 0.00e+00 -0.00e+00 
-0.00e+00 0.00e+00 0.00e+00 0.00e+00 0.00e+00 0.00e+00 0.00e+00 0.00e+00 0.00e+00 0.00e+00 0.00e+00 0.00e+00 0.00e+00 0.00e+00 0.00e+00 0.00e+00 0.00e+00 0.00e+00 0.00e+00 0.00e+00 0.00e+00 0.00e+00 0.00e+00 0.00e+00 0.00e+00 0.00e+00 0.00e+00 0.00e+00 0.00e+00 4.98e-18 2.10e-17 4.98e-18 0.00e+00 0.00e+00 0.00e+00 0.00e+00 0.00e+00 0.00e+00 0.00e+00 0.00e+00 0.00e+00 0.00e+00 0.00e+00 0.00e+00 0.00e+00 0.00e+00 0.00e+00 0.00e+00 0.00e+00 0.00e+00 0.00e+00 0.00e+00 0.00e+00 0.00e+00 0.00e+00 0.00e+00 0.00e+00 0.00e+00 0.00e+00 0.00e+00 -0.00e+00 
-0.00e+00 0.00e+00 0.00e+00 0.00e+00 0.00e+00 0.00e+00 0.00e+00 0.00e+00 0.00e+00 0.00e+00 0.00e+00 0.00e+00 0.00e+00 0.00e+00 0.00e+00 0.00e+00 0.00e+00 0.00e+00 0.00e+00 0.00e+00 0.00e+00 0.00e+00 0.00e+00 0.00e+00 0.00e+00 0.00e+00 0.00e+00 0.00e+00 6.47e-17 5.45e-16 1.21e-15 5.45e-16 6.47e-17 0.00e+00 0.00e+00 0.00e+00 0.00e+00 0.00e+00 0.00e+00 0.00e+00 0.00e+00 0.00e+00 0.00e+00 0.00e+00 0.00e+00 0.00e+00 0.00e+00 0.00e+00 0.00e+00 0.00e+00 0.00e+00 0.00e+00 0.00e+00 0.00e+00 0.00e+00 0.00e+00 0.00e+00 0.00e+00 0.00e+00 0.00e+00 -0.00e+00 
-0.00e+00 0.00e+00 0.00e+00 0.00e+00 0.00e+00 0.00e+00 0.00e+00 0.00e+00 0.00e+00 0.00e+00 0.00e+00 0.00e+00 0.00e+00 0.00e+00 0.00e+00 0.00e+00 0.00e+00 0.00e+00 0.00e+00 0.00e+00 0.00e+00 0.00e+00 0.00e+00 0.00e+00 0.00e+00 0.00e+00 0.00e+00 5.39e-16 6.81e-15 2.86e-14 4.69e-14 2.86e-14 6.81e-15 5.39e-16 0.00e+00 0.00e+00 0.00e+00 0.00e+00 0.00e+00 0.00e+00 0.00e+00 0.00e+00 0.00e+00 0.00e+00 0.00e+00 0.00e+00 0.00e+00 0.00e+00 0.00e+00 0.00e+00 0.00e+00 0.00e+00 0.00e+00 0.00e+00 0.00e+00 0.00e+00 0.00e+00 0.00e+00 0.00e+00 0.00e+00 -0.00e+00 
-0.00e+00 0.00e+00 0.00e+00 0.00e+00 0.00e+00 0.00e+00 0.00e+00 0.00e+00 0.00e+00 0.00e+00 0.00e+00 0.00e+00 0.00e+00 0.00e+00 0.00e+00 0.00e+00 0.00e+00 0.00e+00 0.00e+00 0.00e+00 0.00e+00 0.00e+00 0.00e+00 0.00e+00 0.00e+00 0.00e+00 3.24e-15 5.45e-14 3.37e-13 9.62e-13 1.35e-12 9.62e-13 3.37e-13 5.45e-14 3.24e-15 0.00e+00 0.00e+00 0.00e+00 0.00e+00 0.00e+00 0.00e+00 0.00e+00 0.00e+00 0.00e+00 0.00e+00 0.00e+00 0.00e+00 0.00e+00 0.00e+00 0.00e+00 0.00e+00 0.00e+00 0.00e+00 0.00e+00 0.00e+00 0.00e+00 0.00e+00 0.00e+00 0.00e+00 0.00e+00 -0.00e+00 
-0.00e+00 0.00e+00 0.00e+00 0.00e+00 0.00e+00 0.00e+00 0.00e+00 0.00e+00 0.00e+00 0.00e+00 0.00e+00 0.00e+00 0.00e+00 0.00e+00 0.00e+00 0.00e+00 0.00e+00 0.00e+00 0.00e+00 0.00e+00 0.00e+00 0.00e+00 0.00e+00 0.00e+00 0.00e+00 1.49e-14 3.13e-13 2.56e-12 1.04e-11 2.32e-11 2.97e-11 2.32e-11 1.04e-11 2.56e-12 3.13e-13 1.49e-14 0.00e+00 0.00e+00 0.00e+00 0.00e+00 0.00e+00 0.00e+00 0.00e+00 0.00e+00 0.00e+00 0.00e+00 0.00e+00 0.00e+00 0.00e+00 0.00e+00 0.00e+00 0.00e+00 0.00e+00 0.00e+00 0.00e+00 0.00e+00 0.00e+00 0.00e+00 0.00e+00 0.00e+00 -0.00e+00 
-0.00e+00 0.00e+00 0.00e+00 0.00e+00 0.00e+00 0.00e+00 0.00e+00 0.00e+00 0.00e+00 0.00e+00 0.00e+00 0.00e+00 0.00e+00 0.00e+00 0.00e+00 0.00e+00 0.00e+00 0.00e+00 0.00e+00 0.00e+00 0.00e+00 0.00e+00 0.00e+00 0.00e+00 5.46e-14 1.38e-12 1.40e-11 7.42e-11 2.27e-10 4.24e-10 5.16e-10 4.24e-10 2.27e-10 7.42e-11 1.40e-11 1.38e-12 5.46e-14 0.00e+00 0.00e+00 0.00e+00 0.00e+00 0.00e+00 0.00e+00 0.00e+00 0.00e+00 0.00e+00 0.00e+00 0.00e+00 0.00e+00 0.00e+00 0.00e+00 0.00e+00 0.00e+00 0.00e+00 0.00e+00 0.00e+00 0.00e+00 0.00e+00 0.00e+00 0.00e+00 -0.00e+00 
-0.00e+00 0.00e+00 0.00e+00 0.00e+00 0.00e+00 0.00e+00 0.00e+00 0.00e+00 0.00e+00 0.00e+00 0.00e+00 0.00e+00 0.00e+00 0.00e+00 0.00e+00 0.00e+00 0.00e+00 0.00e+00 0.00e+00 0.00e+00 0.00e+00 0.00e+00 0.00e+00 1.64e-13 4.82e-12 5.84e-11 3.82e-10 1.49e-09 3.67e-09 6.08e-09 7.15e-09 6.08e-09 3.67e-09 1.49e-09 3.82e-10 5.84e-11 4.82e-12 1.64e-13 0.00e+00 0.00e+00 0.00e+00 0.00e+00 0.00e+00 0.00e+00 0.00e+00 0.00e+00 0.00e+00 0.00e+00 0.00e+00 0.00e+00 0.00e+00 0.00e+00 0.00e+00 0.00e+00 0.00e+00 0.00e+00 0.00e+00 0.00e+00 0.00e+00 0.00e+00 -0.00e+00 
-0.00e+00 0.00e+00 0.00e+00 0.00e+00 0.00e+00 0.00e+00 0.00e+00 0.00e+00 0.00e+00 0.00e+00 0.00e+00 0.00e+00 0.00e+00 0.00e+00 0.00e+00 0.00e+00 0.00e+00 0.00e+00 0.00e+00 0.00e+00 0.00e+00 0.00e+00 4.09e-13 1.38e-11 1.94e-10 1.51e-09 7.15e-09 2.19e-08 4.60e-08 6.96e-08 7.96e-08 6.96e-08 4.60e-08 2.19e-08 7.15e-09 1.51e-09 1.94e-10 1.38e-11 4.09e-13 0.00e+00 0.00e+00 0.00e+00 0.00e+00 0.00e+00 0.00e+00 0.00e+00 0.00e+00 0.00e+00 0.00e+00 0.00e+00 0.00e+00 0.00e+00 0.00e+00 0.00e+00 0.00e+00 0.00e+00 0.00e+00 0.00e+00 0.00e+00 0.00e+00 -0.00e+00 
-0.00e+00 0.00e+00 0.00e+00 0.00e+00 0.00e+00 0.00e+00 0.00e+00 0.00e+00 0.00e+00 0.00e+00 0.00e+00 0.00e+00 0.00e+00 0.00e+00 0.00e+00 0.00e+00 0.00e+00 0.00e+00 0.00e+00 0.00e+00 0.00e+00 8.64e-13 3.26e-11 5.25e-10 4.72e-09 2.64e-08 9.71e-08 2.46e-07 4.54e-07 6.42e-07 7.18e-07 6.42e-07 4.54e-07 2.46e-07 9.71e-08 2.64e-08 4.72e-09 5.25e-10 3.26e-11 8.64e-13 0.00e+00 0.00e+00 0.00e+00 0.00e+00 0.00e+00 0.00e+00 0.00e+00 0.00e+00 0.00e+00 0.00e+00 0.00e+00 0.00e+00 0.00e+00 0.00e+00 0.00e+00 0.00e+00 0.00e+00 0.00e+00 0.00e+00 0.00e+00 -0.00e+00 
-0.00e+00 0.00e+00 0.00e+00 0.00e+00 0.00e+00 0.00e+00 0.00e+00 0.00e+00 0.00e+00 0.00e+00 0.00e+00 0.00e+00 0.00e+00 0.00e+00 0.00e+00 0.00e+00 0.00e+00 0.00e+00 0.00e+00 0.00e+00 1.56e-12 6.52e-11 1.18e-09 1.20e-08 7.76e-08 3.33e-07 9.91e-07 2.15e-06 3.58e-06 4.79e-06 5.27e-06 4.79e-06 3.58e-06 2.15e-06 9.91e-07 3.33e-07 7.76e-08 1.20e-08 1.18e-09 6.52e-11 1.56e-12 0.00e+00 0.00e+00 0.00e+00 0.00e+00 0.00e+00 0.00e+00 0.00e+00 0.00e+00 0.00e+00 0.00e+00 0.00e+00 0.00e+00 0.00e+00 0.00e+00 0.00e+00 0.00e+00 0.00e+00 0.00e+00 0.00e+00 -0.00e+00 
-0.00e+00 0.00e+00 0.00e+00 0.00e+00 0.00e+00 0.00e+00 0.00e+00 0.00e+00 0.00e+00 0.00e+00 0.00e+00 0.00e+00 0.00e+00 0.00e+00 0.00e+00 0.00e+00 0.00e+00 0.00e+00 0.00e+00 2.40e-12 1.11e-10 2.22e-09 2.54e-08 1.85e-07 9.08e-07 3.11e-06 7.75e-06 1.48e-05 2.27e-05 2.91e-05 3.15e-05 2.91e-05 2.27e-05 1.48e-05 7.75e-06 3.11e-06 9.08e-07 1.85e-07 2.54e-08 2.22e-09 1.11e-10 2.40e-12 0.00e+00 0.00e+00 0.00e+00 0.00e+00 0.00e+00 0.00e+00 0.00e+00 0.00e+00 0.00e+00 0.00e+00 0.00e+00 0.00e+00 0.00e+00 0.00e+00 0.00e+00 0.00e+00 0.00e+00 0.00e+00 -0.00e+00 
-0.00e+00 0.00e+00 0.00e+00 0.00e+00 0.00e+00 0.00e+00 0.00e+00 0.00e+00 0.00e+00 0.00e+00 0.00e+00 0.00e+00 0.00e+00 0.00e+00 0.00e+00 0.00e+00 0.00e+00 0.00e+00 3.21e-12 1.61e-10 3.54e-09 4.49e-08 3.66e-07 2.02e-06 7.82e-06 2.20e-05 4.72e-05 8.09e-05 1.16e-04 1.43e-04 1.54e-04 1.43e-04 1.16e-04 8.09e-05 4.72e-05 2.20e-05 7.82e-06 2.02e-06 3.66e-07 4.49e-08 3.54e-09 1.61e-10 3.21e-12 0.00e+00 0.00e+00 0.00e+00 0.00e+00 0.00e+00 0.00e+00 0.00e+00 0.00e+00 0.00e+00 0.00e+00 0.00e+00 0.00e+00 0.00e+00 0.00e+00 0.00e+00 0.00e+00 0.00e+00 -0.00e+00 
-0.00e+00 0.00e+00 0.00e+00 0.00e+00 0.00e+00 0.00e+00 0.00e+00 0.00e+00 0.00e+00 0.00e+00 0.00e+00 0.00e+00 0.00e+00 0.00e+00 0.00e+00 0.00e+00 0.00e+00 3.70e-12 2.01e-10 4.82e-09 6.70e-08 6.03e-07 3.70e-06 1.60e-05 5.04e-05 1.20e-04 2.25e-04 3.55e-04 4.83e-04 5.77e-04 6.12e-04 5.77e-04 4.83e-04 3.55e-04 2.25e-04 1.20e-04 5.04e-05 1.60e-05 3.70e-06 6.03e-07 6.70e-08 4.82e-09 2.01e-10 3.70e-12 0.00e+00 0.00e+00 0.00e+00 0.00e+00 0.00e+00 0.00e+00 0.00e+00 0.00e+00 0.00e+00 0.00e+00 0.00e+00 0.00e+00 0.00e+00 0.00e+00 0.00e+00 0.00e+00 -0.00e+00 
-0.00e+00 0.00e+00 0.00e+00 0.00e+00 0.00e+00 0.00e+00 0.00e+00 0.00e+00 0.00e+00 0.00e+00 0.00e+00 0.00e+00 0.00e+00 0.00e+00 0.00e+00 0.00e+00 3.70e-12 2.16e-10 5.60e-09 8.49e-08 8.36e-07 5.66e-06 2.71e-05 9.42e-05 2.46e-04 5.02e-04 8.52e-04 1.25e-03 1.63e-03 1.91e-03 2.01e-03 1.91e-03 1.63e-03 1.25e-03 8.52e-04 5.02e-04 2.46e-04 9.42e-05 2.71e-05 5.66e-06 8.36e-07 8.49e-08 5.60e-09 2.16e-10 3.70e-12 0.00e+00 0.00e+00 0.00e+00 0.00e+00 0.00e+00 0.00e+00 0.00e+00 0.00e+00 0.00e+00 0.00e+00 0.00e+00 0.00e+00 0.00e+00 0.00e+00 0.00e+00 -0.00e+00 
-0.00e+00 0.00e+00 0.00e+00 0.00e+00 0.00e+00 0.00e+00 0.00e+00 0.00e+00 0.00e+00 0.00e+00 0.00e+00 0.00e+00 0.00e+00 0.00e+00 0.00e+00 3.21e-12 2.01e-10 5.59e-09 9.15e-08 9.80e-07 7.24e-06 3.81e-05 1.45e-04 4.14e-04 9.12e-04 1.65e-03 2.59e-03 3.62e-03 4.58e-03 5.26e-03 5.50e-03 5.26e-03 4.58e-03 3.62e-03 2.59e-03 1.65e-03 9.12e-04 4.14e-04 1.45e-04 3.81e-05 7.24e-06 9.80e-07 9.15e-08 5.59e-09 2.01e-10 3.21e-12 0.00e+00 0.00e+00 0.00e+00 0.00e+00 0.00e+00 0.00e+00 0.00e+00 0.00e+00 0.00e+00 0.00e+00 0.00e+00 0.00e+00 0.00e+00 0.00e+00 -0.00e+00 
-0.00e+00 0.00e+00 0.00e+00 0.00e+00 0.00e+00 0.00e+00 0.00e+00 0.00e+00 0.00e+00 0.00e+00 0.00e+00 0.00e+00 0.00e+00 0.00e+00 2.40e-12 1.60e-10 4.77e-09 8.40e-08 9.73e-07 7.81e-06 4.47e-05 1.87e-04 5.77e-04 1.37e-03 2.63e-03 4.36e-03 6.51e-03 8.82e-03 1.09e-02 1.24e-02 1.30e-02 1.24e-02 1.09e-02 8.82e-03 6.51e-03 4.36e-03 2.63e-03 1.37e-03 5.77e-04 1.87e-04 4.47e-05 7.81e-06 9.73e-07 8.40e-08 4.77e-09 1.60e-10 2.40e-12 0.00e+00 0.00e+00 0.00e+00 0.00e+00 0.00e+00 0.00e+00 0.00e+00 0.00e+00 0.00e+00 0.00e+00 0.00e+00 0.00e+00 0.00e+00 -0.00e+00 
-0.00e+00 0.00e+00 0.00e+00 0.00e+00 0.00e+00 0.00e+00 0.00e+00 0.00e+00 0.00e+00 0.00e+00 0.00e+00 0.00e+00 0.00e+00 1.56e-12 1.10e-10 3.49e-09 6.57e-08 8.17e-07 7.08e-06 4.40e-05 2.00e-04 6.71e-04 1.71e-03 3.49e-03 6.10e-03 9.68e-03 1.41e-02 1.88e-02 2.32e-02 2.63e-02 2.74e-02 2.63e-02 2.32e-02 1.88e-02 1.41e-02 9.68e-03 6.10e-03 3.49e-03 1.71e-03 6.71e-04 2.00e-04 4.40e-05 7.08e-06 8.17e-07 6.57e-08 3.49e-09 1.10e-10 1.56e-12 0.00e+00 0.00e+00 0.00e+00 0.00e+00 0.00e+00 0.00e+00 0.00e+00 0.00e+00 0.00e+00 0.00e+00 0.00e+00 0.00e+00 -0.00e+00 
-0.00e+00 0.00e+00 0.00e+00 0.00e+00 0.00e+00 0.00e+00 0.00e+00 0.00e+00 0.00e+00 0.00e+00 0.00e+00 0.00e+00 8.64e-13 6.45e-11 2.17e-09 4.36e-08 5.80e-07 5.40e-06 3.62e-05 1.78e-04 6.49e-04 1.79e-03 3.89e-03 7.20e-03 1.22e-02 1.91e-02 2.75e-02 3.67e-02 4.51e-02 5.10e-02 5.32e-02 5.10e-02 4.51e-02 3.67e-02 2.75e-02 1.91e-02 1.22e-02 7.20e-03 3.89e-03 1.79e-03 6.49e-04 1.78e-04 3.62e-05 5.40e-06 5.80e-07 4.36e-08 2.17e-09 6.45e-11 8.64e-13 0.00e+00 0.00e+00 0.00e+00 0.00e+00 0.00e+00 0.00e+00 0.00e+00 0.00e+00 0.00e+00 0.00e+00 0.00e+00 -0.00e+00 
-0.00e+00 0.00e+00 0.00e+00 0.00e+00 0.00e+00 0.00e+00 0.00e+00 0.00e+00 0.00e+00 0.00e+00 0.00e+00 4.09e-13 3.22e-11 1.14e-09 2.43e-08 3.45e-07 3.44e-06 2.49e-05 1.32e-04 5.23e-04 1.57e-03 3.67e-03 7.24e-03 1.30e-02 2.21e-02 3.45e-02 4.96e-02 6.60e-02 8.09e-02 9.16e-02 9.55e-02 9.16e-02 8.09e-02 6.60e-02 4.96e-02 3.45e-02 2.21e-02 1.30e-02 7.24e-03 3.67e-03 1.57e-03 5.23e-04 1.32e-04 2.49e-05 3.44e-06 3.45e-07 2.43e-08 1.14e-09 3.22e-11 4.09e-13 0.00e+00 0.00e+00 0.00e+00 0.00e+00 0.00e+00 0.00e+00 0.00e+00 0.00e+00 0.00e+00 0.00e+00 -0.00e+00 
-0.00e+00 0.00e+00 0.00e+00 0.00e+00 0.00e+00 0.00e+00 0.00e+00 0.00e+00 0.00e+00 0.00e+00 1.64e-13 1.35e-11 5.06e-10 1.14e-08 1.71e-07 1.82e-06 1.42e-05 8.13e-05 3.50e-04 1.14e-03 2.92e-03 6.23e-03 1.20e-02 2.19e-02 3.69e-02 5.71e-02 8.21e-02 1.09e-01 1.34e-01 1.51e-01 1.58e-01 1.51e-01 1.34e-01 1.09e-01 8.21e-02 5.71e-02 3.69e-02 2.19e-02 1.20e-02 6.23e-03 2.92e-03 1.14e-03 3.50e-04 8.13e-05 1.42e-05 1.82e-06 1.71e-07 1.14e-08 5.06e-10 1.35e-11 1.64e-13 0.00e+00 0.00e+00 0.00e+00 0.00e+00 0.00e+00 0.00e+00 0.00e+00 0.00e+00 0.00e+00 -0.00e+00 
-0.00e+00 0.00e+00 0.00e+00 0.00e+00 0.00e+00 0.00e+00 0.00e+00 0.00e+00 0.00e+00 5.46e-14 4.71e-12 1.85e-10 4.38e-09 6.99e-08 7.93e-07 6.60e-06 4.10e-05 1.92e-04 6.91e-04 1.95e-03 4.56e-03 9.52e-03 1.85e-02 3.35e-02 5.58e-02 8.62e-02 1.24e-01 1.64e-01 2.03e-01 2.30e-01 2.41e-01 2.30e-01 2.03e-01 1.64e-01 1.24e-01 8.62e-02 5.58e-02 3.35e-02 1.85e-02 9.52e-03 4.56e-03 1.95e-03 6.91e-04 1.92e-04 4.10e-05 6.60e-06 7.93e-07 6.99e-08 4.38e-09 1.85e-10 4.71e-12 5.46e-14 0.00e+00 0.00e+00 0.00e+00 0.00e+00 0.00e+00 0.00e+00 0.00e+00 0.00e+00 -0.00e+00 
-0.00e+00 0.00e+00 0.00e+00 0.00e+00 0.00e+00 0.00e+00 0.00e+00 0.00e+00 1.49e-14 1.34e-12 5.49e-11 1.37e-09 2.30e-08 2.78e-07 2.48e-06 1.67e-05 8.59e-05 3.42e-04 1.08e-03 2.81e-03 6.39e-03 1.33e-02 2.57e-02 4.59e-02 7.63e-02 1.18e-01 1.70e-01 2.28e-01 2.84e-01 3.26e-01 3.43e-01 3.26e-01 2.84e-01 2.28e-01 1.70e-01 1.18e-01 7.63e-02 4.59e-02 2.57e-02 1.33e-02 6.39e-03 2.81e-03 1.08e-03 3.42e-04 8.59e-05 1.67e-05 2.48e-06 2.78e-07 2.30e-08 1.37e-09 5.49e-11 1.34e-12 1.49e-14 0.00e+00 0.00e+00 0.00e+00 0.00e+00 0.00e+00 0.00e+00 0.00e+00 -0.00e+00 
-0.00e+00 0.00e+00 0.00e+00 0.00e+00 0.00e+00 0.00e+00 0.00e+00 3.24e-15 3.01e-13 1.29e-11 3.36e-10 5.98e-09 7.67e-08 7.35e-07 5.38e-06 3.05e-05 1.36e-04 4.86e-04 1.43e-03 3.57e-03 7.98e-03 1.64e-02 3.16e-02 5.65e-02 9.40e-02 1.46e-01 2.12e-01 2.89e-01 3.68e-01 4.34e-01 4.63e-01 4.34e-01 3.68e-01 2.89e-01 2.12e-01 1.46e-01 9.40e-02 5.65e-02 3.16e-02 1.64e-02 7.98e-03 3.57e-03 1.43e-03 4.86e-04 1.36e-04 3.05e-05 5.38e-06 7.35e-07 7.67e-08 5.98e-09 3.36e-10 1.29e-11 3.01e-13 3.24e-15 0.00e+00 0.00e+00 0.00e+00 0.00e+00 0.00e+00 0.00e+00 -0.00e+00 
-0.00e+00 0.00e+00 0.00e+00 0.00e+00 0.00e+00 0.00e+00 5.39e-16 5.18e-14 2.30e-12 6.25e-11 1.17e-09 1.60e-08 1.65e-07 1.32e-06 8.35e-06 4.21e-05 1.72e-04 5.73e-04 1.61e-03 3.92e-03 8.66e-03 1.78e-02 3.43e-02 6.11e-02 1.02e-01 1.60e-01 2.37e-01 3.33e-01 4.44e-01 5.52e-01 6.10e-01 5.52e-01 4.44e-01 3.33e-01 2.37e-01 1.60e-01 1.02e-01 6.11e-02 3.43e-02 1.78e-02 8.66e-03 3.92e-03 1.61e-03 5.73e-04 1.72e-04 4.21e-05 8.35e-06 1.32e-06 1.65e-07 1.60e-08 1.17e-09 6.25e-11 2.30e-12 5.18e-14 5.39e-16 0.00e+00 0.00e+00 0.00e+00 0.00e+00 0.00e+00 -0.00e+00 
-0.00e+00 0.00e+00 0.00e+00 0.00e+00 0.00e+00 6.47e-17 6.34e-15 2.89e-13 8.17e-12 1.61e-10 2.35e-09 2.64e-08 2.34e-07 1.67e-06 9.59e-06 4.50e-05 1.73e-04 5.52e-04 1.50e-03 3.62e-03 7.99e-03 1.64e-02 3.13e-02 5.60e-02 9.43e-02 1.50e-01 2.30e-01 3.41e-01 4.94e-01 6.85e-01 8.35e-01 6.85e-01 4.94e-01 3.41e-01 2.30e-01 1.50e-01 9.43e-02 5.60e-02 3.13e-02 1.64e-02 7.99e-03 3.62e-03 1.50e-03 5.52e-04 1.73e-04 4.50e-05 9.59e-06 1.67e-06 2.34e-07 2.64e-08 2.35e-09 1.61e-10 8.17e-12 2.89e-13 6.34e-15 6.47e-17 0.00e+00 0.00e+00 0.00e+00 0.00e+00 -0.00e+00 
-0.00e+00 0.00e+00 0.00e+00 0.00e+00 4.98e-18 4.85e-16 2.23e-14 6.48e-13 1.34e-11 2.11e-10 2.62e-09 2.62e-08 2.14e-07 1.43e-06 7.79e-06 3.49e-05 1.29e-04 4.03e-04 1.08e-03 2.59e-03 5.67e-03 1.16e-02 2.23e-02 4.00e-02 6.78e-02 1.10e-01 1.77e-01 2.85e-01 4.76e-01 8.22e-01 1.32e+00 8.22e-01 4.76e-01 2.85e-01 1.77e-01 1.10e-01 6.78e-02 4.00e-02 2.23e-02 1.16e-02 5.67e-03 2.59e-03 1.08e-03 4.03e-04 1.29e-04 3.49e-05 7.79e-06 1.43e-06 2.14e-07 2.62e-08 2.62e-09 2.11e-10 1.34e-11 6.48e-13 2.23e-14 4.85e-16 4.98e-18 0.00e+00 0.00e+00 0.00e+00 -0.00e+00 
-0.00e+00 0.00e+00 0.00e+00 1.84e-19 1.62e-17 6.82e-16 1.90e-14 4.02e-13 6.93e-12 9.91e-11 1.17e-09 1.12e-08 8.78e-08 5.64e-07 2.99e-06 1.32e-05 4.82e-05 1.48e-04 3.93e-04 9.35e-04 2.07e-03 4.24e-03 8.07e-03 1.45e-02 2.50e-02 4.16e-02 7.01e-02 1.28e-01 2.78e-01 7.76e-01 2.76e+00 7.76e-01 2.78e-01 1.28e-01 7.01e-02 4.16e-02 2.50e-02 1.45e-02 8.07e-03 4.24e-03 2.07e-03 9.35e-04 3.93e-04 1.48e-04 4.82e-05 1.32e-05 2.99e-06 5.64e-07 8.78e-08 1.12e-08 1.17e-09 9.91e-11 6.93e-12 4.02e-13 1.90e-14 6.82e-16 1.62e-17 1.84e-19 0.00e+00 0.00e+00 -0.00e+00 
-0.00e+00 0.00e+00 0.00e+00 -1.84e-19 -1.62e-17 -6.82e-16 -1.90e-14 -4.02e-13 -6.93e-12 -9.91e-11 -1.17e-09 -1.12e-08 -8.78e-08 -5.64e-07 -2.99e-06 -1.32e-05 -4.82e-05 -1.48e-04 -3.93e-04 -9.35e-04 -2.07e-03 -4.24e-03 -8.07e-03 -1.45e-02 -2.50e-02 -4.16e-02 -7.01e-02 -1.28e-01 -2.78e-01 -7.76e-01 -2.76e+00 -7.76e-01 -2.78e-01 -1.28e-01 -7.01e-02 -4.16e-02 -2.50e-02 -1.45e-02 -8.07e-03 -4.24e-03 -2.07e-03 -9.35e-04 -3.93e-04 -1.48e-04 -4.82e-05 -1.32e-05 -2.99e-06 -5.64e-07 -8.78e-08 -1.12e-08 -1.17e-09 -9.91e-11 -6.93e-12 -4.02e-13 -1.90e-14 -6.82e-16 -1.62e-17 -1.84e-19 0.00e+00 0.00e+00 -0.00e+00 
-0.00e+00 0.00e+00 0.00e+00 0.00e+00 -4.98e-18 -4.85e-16 -2.23e-14 -6.48e-13 -1.34e-11 -2.11e-10 -2.62e-09 -2.62e-08 -2.14e-07 -1.43e-06 -7.79e-06 -3.49e-05 -1.29e-04 -4.03e-04 -1.08e-03 -2.59e-03 -5.67e-03 -1.16e-02 -2.23e-02 -4.00e-02 -6.78e-02 -1.10e-01 -1.77e-01 -2.85e-01 -4.76e-01 -8.22e-01 -1.32e+00 -8.22e-01 -4.76e-01 -2.85e-01 -1.77e-01 -1.10e-01 -6.78e-02 -4.00e-02 -2.23e-02 -1.16e-02 -5.67e-03 -2.59e-03 -1.08e-03 -4.03e-04 -1.29e-04 -3.49e-05 -7.79e-06 -1.43e-06 -2.14e-07 -2.62e-08 -2.62e-09 -2.11e-10 -1.34e-11 -6.48e-13 -2.23e-14 -4.85e-16 -4.98e-18 0.00e+00 0.00e+00 0.00e+00 -0.00e+00 
-0.00e+00 0.00e+00 0.00e+00 0.00e+00 0.00e+00 -6.47e-17 -6.34e-15 -2.89e-13 -8.17e-12 -1.61e-10 -2.35e-09 -2.64e-08 -2.34e-07 -1.67e-06 -9.59e-06 -4.50e-05 -1.73e-04 -5.52e-04 -1.50e-03 -3.62e-03 -7.99e-03 -1.64e-02 -3.13e-02 -5.60e-02 -9.43e-02 -1.50e-01 -2.30e-01 -3.41e-01 -4.94e-01 -6.85e-01 -8.35e-01 -6.85e-01 -4.94e-01 -3.41e-01 -2.30e-01 -1.50e-01 -9.43e-02 -5.60e-02 -3.13e-02 -1.64e-02 -7.99e-03 -3.62e-03 -1.50e-03 -5.52e-04 -1.73e-04 -4.50e-05 -9.59e-06 -1.67e-06 -2.34e-07 -2.64e-08 -2.35e-09 -1.61e-10 -8.17e-12 -2.89e-13 -6.34e-15 -6.47e-17 0.00e+00 0.00e+00 0.00e+00 0.00e+00 -0.00e+00 
-0.00e+00 0.00e+00 0.00e+00 0.00e+00 0.00e+00 0.00e+00 -5.39e-16 -5.18e-14 -2.30e-12 -6.25e-11 -1.17e-09 -1.60e-08 -1.65e-07 -1.32e-06 -8.35e-06 -4.21e-05 -1.72e-04 -5.73e-04 -1.61e-03 -3.92e-03 -8.66e-03 -1.78e-02 -3.43e-02 -6.11e-02 -1.02e-01 -1.60e-01 -2.37e-01 -3.33e-01 -4.44e-01 -5.52e-01 -6.10e-01 -5.52e-01 -4.44e-01 -3.33e-01 -2.37e-01 -1.60e-01 -1.02e-01 -6.11e-02 -3.43e-02 -1.78e-02 -8.66e-03 -3.92e-03 -1.61e-03 -5.73e-04 -1.72e-04 -4.21e-05 -8.35e-06 -1.32e-06 -1.65e-07 -1.60e-08 -1.17e-09 -6.25e-11 -2.30e-12 -5.18e-14 -5.39e-16 0.00e+00 0.00e+00 0.00e+00 0.00e+00 0.00e+00 -0.00e+00 
-0.00e+00 0.00e+00 0.00e+00 0.00e+00 0.00e+00 0.00e+00 0.00e+00 -3.24e-15 -3.01e-13 -1.29e-11 -3.36e-10 -5.98e-09 -7.67e-08 -7.35e-07 -5.38e-06 -3.05e-05 -1.36e-04 -4.86e-04 -1.43e-03 -3.57e-03 -7.98e-03 -1.64e-02 -3.16e-02 -5.65e-02 -9.40e-02 -1.46e-01 -2.12e-01 -2.89e-01 -3.68e-01 -4.34e-01 -4.63e-01 -4.34e-01 -3.68e-01 -2.89e-01 -2.12e-01 -1.46e-01 -9.40e-02 -5.65e-02 -3.16e-02 -1.64e-02 -7.98e-03 -3.57e-03 -1.43e-03 -4.86e-04 -1.36e-04 -3.05e-05 -5.38e-06 -7.35e-07 -7.67e-08 -5.98e-09 -3.36e-10 -1.29e-11 -3.01e-13 -3.24e-15 0.00e+00 0.00e+00 0.00e+00 0.00e+00 0.00e+00 0.00e+00 -0.00e+00 
-0.00e+00 0.00e+00 0.00e+00 0.00e+00 0.00e+00 0.00e+00 0.00e+00 0.00e+00 -1.49e-14 -1.34e-12 -5.49e-11 -1.37e-09 -2.30e-08 -2.78e-07 -2.48e-06 -1.67e-05 -8.59e-05 -3.42e-04 -1.08e-03 -2.81e-03 -6.39e-03 -1.33e-02 -2.57e-02 -4.59e-02 -7.63e-02 -1.18e-01 -1.70e-01 -2.28e-01 -2.84e-01 -3.26e-01 -3.43e-01 -3.26e-01 -2.84e-01 -2.28e-01 -1.70e-01 -1.18e-01 -7.63e-02 -4.59e-02 -2.57e-02 -1.33e-02 -6.39e-03 -2.81e-03 -1.08e-03 -3.42e-04 -8.59e-05 -1.67e-05 -2.48e-06 -2.78e-07 -2.30e-08 -1.37e-09 -5.49e-11 -1.34e-12 -1.49e-14 0.00e+00 0.00e+00 0.00e+00 0.00e+00 0.00e+00 0.00e+00 0.00e+00 -0.00e+00 
-0.00e+00 0.00e+00 0.00e+00 0.00e+00 0.00e+00 0.00e+00 0.00e+00 0.00e+00 0.00e+00 -5.46e-14 -4.71e-12 -1.85e-10 -4.38e-09 -6.99e-08 -7.93e-07 -6.60e-06 -4.10e-05 -1.92e-04 -6.91e-04 -1.95e-03 -4.56e-03 -9.52e-03 -1.85e-02 -3.35e-02 -5.58e-02 -8.62e-02 -1.24e-01 -1.64e-01 -2.03e-01 -2.30e-01 -2.41e-01 -2.30e-01 -2.03e-01 -1.64e-01 -1.24e-01 -8.62e-02 -5.58e-02 -3.35e-02 -1.85e-02 -9.52e-03 -4.56e-03 -1.95e-03 -6.91e-04 -1.92e-04 -4.10e-05 -6.60e-06 -7.93e-07 -6.99e-08 -4.38e-09 -1.85e-10 -4.71e-12 -5.46e-14 0.00e+00 0.00e+00 0.00e+00 0.00e+00 0.00e+00 0.00e+00 0.00e+00 0.00e+00 -0.00e+00 
-0.00e+00 0.00e+00 0.00e+00 0.00e+00 0.00e+00 0.00e+00 0.00e+00 0.00e+00 0.00e+00 0.00e+00 -1.64e-13 -1.35e-11 -5.06e-10 -1.14e-08 -1.71e-07 -1.82e-06 -1.42e-05 -8.13e-05 -3.50e-04 -1.14e-03 -2.92e-03 -6.23e-03 -1.20e-02 -2.19e-02 -3.69e-02 -5.71e-02 -8.21e-02 -1.09e-01 -1.34e-01 -1.51e-01 -1.58e-01 -1.51e-01 -1.34e-01 -1.09e-01 -8.21e-02 -5.71e-02 -3.69e-02 -2.19e-02 -1.20e-02 -6.23e-03 -2.92e-03 -1.14e-03 -3.50e-04 -8.13e-05 -1.42e-05 -1.82e-06 -1.71e-07 -1.14e-08 -5.06e-10 -1.35e-11 -1.64e-13 0.00e+00 0.00e+00 0.00e+00 0.00e+00 0.00e+00 0.00e+00 0.00e+00 0.00e+00 0.00e+00 -0.00e+00 
-0.00e+00 0.00e+00 0.00e+00 0.00e+00 0.00e+00 0.00e+00 0.00e+00 0.00e+00 0.00e+00 0.00e+00 0.00e+00 -4.09e-13 -3.22e-11 -1.14e-09 -2.43e-08 -3.45e-07 -3.44e-06 -2.49e-05 -1.32e-04 -5.23e-04 -1.57e-03 -3.67e-03 -7.24e-03 -1.30e-02 -2.21e-02 -3.45e-02 -4.96e-02 -6.60e-02 -8.09e-02 -9.16e-02 -9.55e-02 -9.16e-02 -8.09e-02 -6.60e-02 -4.96e-02 -3.45e-02 -2.21e-02 -1.30e-02 -7.24e-03 -3.67e-03 -1.57e-03 -5.23e-04 -1.32e-04 -2.49e-05 -3.44e-06 -3.45e-07 -2.43e-08 -1.14e-09 -3.22e-11 -4.09e-13 0.00e+00 0.00e+00 0.00e+00 0.00e+00 0.00e+00 0.00e+00 0.00e+00 0.00e+00 0.00e+00 0.00e+00 -0.00e+00 
-0.00e+00 0.00e+00 0.00e+00 0.00e+00 0.00e+00 0.00e+00 0.00e+00 0.00e+00 0.00e+00 0.00e+00 0.00e+00 0.00e+00 -8.64e-13 -6.45e-11 -2.17e-09 -4.36e-08 -5.80e-07 -5.40e-06 -3.62e-05 -1.78e-04 -6.49e-04 -1.79e-03 -3.89e-03 -7.20e-03 -1.22e-02 -1.91e-02 -2.75e-02 -3.67e-02 -4.51e-02 -5.10e-02 -5.32e-02 -5.10e-02 -4.51e-02 -3.67e-02 -2.75e-02 -1.91e-02 -1.22e-02 -7.20e-03 -3.89e-03 -1.79e-03 -6.49e-04 -1.78e-04 -3.62e-05 -5.40e-06 -5.80e-07 -4.36e-08 -2.17e-09 -6.45e-11 -8.64e-13 0.00e+00 0.00e+00 0.00e+00 0.00e+00 0.00e+00 0.00e+00 0.00e+00 0.00e+00 0.00e+00 0.00e+00 0.00e+00 -0.00e+00 
-0.00e+00 0.00e+00 0.00e+00 0.00e+00 0.00e+00 0.00e+00 0.00e+00 0.00e+00 0.00e+00 0.00e+00 0.00e+00 0.00e+00 0.00e+00 -1.56e-12 -1.10e-10 -3.49e-09 -6.57e-08 -8.17e-07 -7.08e-06 -4.40e-05 -2.00e-04 -6.71e-04 -1.71e-03 -3.49e-03 -6.10e-03 -9.68e-03 -1.41e-02 -1.88e-02 -2.32e-02 -2.63e-02 -2.74e-02 -2.63e-02 -2.32e-02 -1.88e-02 -1.41e-02 -9.68e-03 -6.10e-03 -3.49e-03 -1.71e-03 -6.71e-04 -2.00e-04 -4.40e-05 -7.08e-06 -8.17e-07 -6.57e-08 -3.49e-09 -1.10e-10 -1.56e-12 0.00e+00 0.00e+00 0.00e+00 0.00e+00 0.00e+00 0.00e+00 0.00e+00 0.00e+00 0.00e+00 0.00e+00 0.00e+00 0.00e+00 -0.00e+00 
-0.00e+00 0.00e+00 0.00e+00 0.00e+00 0.00e+00 0.00e+00 0.00e+00 0.00e+00 0.00e+00 0.00e+00 0.00e+00 0.00e+00 0.00e+00 0.00e+00 -2.40e-12 -1.60e-10 -4.77e-09 -8.40e-08 -9.73e-07 -7.81e-06 -4.47e-05 -1.87e-04 -5.77e-04 -1.37e-03 -2.63e-03 -4.36e-03 -6.51e-03 -8.82e-03 -1.09e-02 -1.24e-02 -1.30e-02 -1.24e-02 -1.09e-02 -8.82e-03 -6.51e-03 -4.36e-03 -2.63e-03 -1.37e-03 -5.77e-04 -1.87e-04 -4.47e-05 -7.81e-06 -9.73e-07 -8.40e-08 -4.77e-09 -1.60e-10 -2.40e-12 0.00e+00 0.00e+00 0.00e+00 0.00e+00 0.00e+00 0.00e+00 0.00e+00 0.00e+00 0.00e+00 0.00e+00 0.00e+00 0.00e+00 0.00e+00 -0.00e+00 
-0.00e+00 0.00e+00 0.00e+00 0.00e+00 0.00e+00 0.00e+00 0.00e+00 0.00e+00 0.00e+00 0.00e+00 0.00e+00 0.00e+00 0.00e+00 0.00e+00 0.00e+00 -3.21e-12 -2.01e-10 -5.59e-09 -9.15e-08 -9.80e-07 -7.24e-06 -3.81e-05 -1.45e-04 -4.14e-04 -9.12e-04 -1.65e-03 -2.59e-03 -3.62e-03 -4.58e-03 -5.26e-03 -5.50e-03 -5.26e-03 -4.58e-03 -3.62e-03 -2.59e-03 -1.65e-03 -9.12e-04 -4.14e-04 -1.45e-04 -3.81e-05 -7.24e-06 -9.80e-07 -9.15e-08 -5.59e-09 -2.01e-10 -3.21e-12 0.00e+00 0.00e+00 0.00e+00 0.00e+00 0.00e+00 0.00e+00 0.00e+00 0.00e+00 0.00e+00 0.00e+00 0.00e+00 0.00e+00 0.00e+00 0.00e+00 -0.00e+00 
-0.00e+00 0.00e+00 0.00e+00 0.00e+00 0.00e+00 0.00e+00 0.00e+00 0.00e+00 0.00e+00 0.00e+00 0.00e+00 0.00e+00 0.00e+00 0.00e+00 0.00e+00 0.00e+00 -3.70e-12 -2.16e-10 -5.60e-09 -8.49e-08 -8.36e-07 -5.66e-06 -2.71e-05 -9.42e-05 -2.46e-04 -5.02e-04 -8.52e-04 -1.25e-03 -1.63e-03 -1.91e-03 -2.01e-03 -1.91e-03 -1.63e-03 -1.25e-03 -8.52e-04 -5.02e-04 -2.46e-04 -9.42e-05 -2.71e-05 -5.66e-06 -8.36e-07 -8.49e-08 -5.60e-09 -2.16e-10 -3.70e-12 0.00e+00 0.00e+00 0.00e+00 0.00e+00 0.00e+00 0.00e+00 0.00e+00 0.00e+00 0.00e+00 0.00e+00 0.00e+00 0.00e+00 0.00e+00 0.00e+00 0.00e+00 -0.00e+00 
-0.00e+00 0.00e+00 0.00e+00 0.00e+00 0.00e+00 0.00e+00 0.00e+00 0.00e+00 0.00e+00 0.00e+00 0.00e+00 0.00e+00 0.00e+00 0.00e+00 0.00e+00 0.00e+00 0.00e+00 -3.70e-12 -2.01e-10 -4.82e-09 -6.70e-08 -6.03e-07 -3.70e-06 -1.60e-05 -5.04e-05 -1.20e-04 -2.25e-04 -3.55e-04 -4.83e-04 -5.77e-04 -6.12e-04 -5.77e-04 -4.83e-04 -3.55e-04 -2.25e-04 -1.20e-04 -5.04e-05 -1.60e-05 -3.70e-06 -6.03e-07 -6.70e-08 -4.82e-09 -2.01e-10 -3.70e-12 0.00e+00 0.00e+00 0.00e+00 0.00e+00 0.00e+00 0.00e+00 0.00e+00 0.00e+00 0.00e+00 0.00e+00 0.00e+00 0.00e+00 0.00e+00 0.00e+00 0.00e+00 0.00e+00 -0.00e+00 
-0.00e+00 0.00e+00 0.00e+00 0.00e+00 0.00e+00 0.00e+00 0.00e+00 0.00e+00 0.00e+00 0.00e+00 0.00e+00 0.00e+00 0.00e+00 0.00e+00 0.00e+00 0.00e+00 0.00e+00 0.00e+00 -3.21e-12 -1.61e-10 -3.54e-09 -4.49e-08 -3.66e-07 -2.02e-06 -7.82e-06 -2.20e-05 -4.72e-05 -8.09e-05 -1.16e-04 -1.43e-04 -1.54e-04 -1.43e-04 -1.16e-04 -8.09e-05 -4.72e-05 -2.20e-05 -7.82e-06 -2.02e-06 -3.66e-07 -4.49e-08 -3.54e-09 -1.61e-10 -3.21e-12 0.00e+00 0.00e+00 0.00e+00 0.00e+00 0.00e+00 0.00e+00 0.00e+00 0.00e+00 0.00e+00 0.00e+00 0.00e+00 0.00e+00 0.00e+00 0.00e+00 0.00e+00 0.00e+00 0.00e+00 -0.00e+00 
-0.00e+00 0.00e+00 0.00e+00 0.00e+00 0.00e+00 0.00e+00 0.00e+00 0.00e+00 0.00e+00 0.00e+00 0.00e+00 0.00e+00 0.00e+00 0.00e+00 0.00e+00 0.00e+00 0.00e+00 0.00e+00 0.00e+00 -2.40e-12 -1.11e-10 -2.22e-09 -2.54e-08 -1.85e-07 -9.08e-07 -3.11e-06 -7.75e-06 -1.48e-05 -2.27e-05 -2.91e-05 -3.15e-05 -2.91e-05 -2.27e-05 -1.48e-05 -7.75e-06 -3.11e-06 -9.08e-07 -1.85e-07 -2.54e-08 -2.22e-09 -1.11e-10 -2.40e-12 0.00e+00 0.00e+00 0.00e+00 0.00e+00 0.00e+00 0.00e+00 0.00e+00 0.00e+00 0.00e+00 0.00e+00 0.00e+00 0.00e+00 0.00e+00 0.00e+00 0.00e+00 0.00e+00 0.00e+00 0.00e+00 -0.00e+00 
-0.00e+00 0.00e+00 0.00e+00 0.00e+00 0.00e+00 0.00e+00 0.00e+00 0.00e+00 0.00e+00 0.00e+00 0.00e+00 0.00e+00 0.00e+00 0.00e+00 0.00e+00 0.00e+00 0.00e+00 0.00e+00 0.00e+00 0.00e+00 -1.56e-12 -6.52e-11 -1.18e-09 -1.20e-08 -7.76e-08 -3.33e-07 -9.91e-07 -2.15e-06 -3.58e-06 -4.79e-06 -5.27e-06 -4.79e-06 -3.58e-06 -2.15e-06 -9.91e-07 -3.33e-07 -7.76e-08 -1.20e-08 -1.18e-09 -6.52e-11 -1.56e-12 0.00e+00 0.00e+00 0.00e+00 0.00e+00 0.00e+00 0.00e+00 0.00e+00 0.00e+00 0.00e+00 0.00e+00 0.00e+00 0.00e+00 0.00e+00 0.00e+00 0.00e+00 0.00e+00 0.00e+00 0.00e+00 0.00e+00 -0.00e+00 
-0.00e+00 0.00e+00 0.00e+00 0.00e+00 0.00e+00 0.00e+00 0.00e+00 0.00e+00 0.00e+00 0.00e+00 0.00e+00 0.00e+00 0.00e+00 0.00e+00 0.00e+00 0.00e+00 0.00e+00 0.00e+00 0.00e+00 0.00e+00 0.00e+00 -8.64e-13 -3.26e-11 -5.25e-10 -4.72e-09 -2.64e-08 -9.71e-08 -2.46e-07 -4.54e-07 -6.42e-07 -7.18e-07 -6.42e-07 -4.54e-07 -2.46e-07 -9.71e-08 -2.64e-08 -4.72e-09 -5.25e-10 -3.26e-11 -8.64e-13 0.00e+00 0.00e+00 0.00e+00 0.00e+00 0.00e+00 0.00e+00 0.00e+00 0.00e+00 0.00e+00 0.00e+00 0.00e+00 0.00e+00 0.00e+00 0.00e+00 0.00e+00 0.00e+00 0.00e+00 0.00e+00 0.00e+00 0.00e+00 -0.00e+00 
-0.00e+00 0.00e+00 0.00e+00 0.00e+00 0.00e+00 0.00e+00 0.00e+00 0.00e+00 0.00e+00 0.00e+00 0.00e+00 0.00e+00 0.00e+00 0.00e+00 0.00e+00 0.00e+00 0.00e+00 0.00e+00 0.00e+00 0.00e+00 0.00e+00 0.00e+00 -4.09e-13 -1.38e-11 -1.94e-10 -1.51e-09 -7.15e-09 -2.19e-08 -4.60e-08 -6.96e-08 -7.96e-08 -6.96e-08 -4.60e-08 -2.19e-08 -7.15e-09 -1.51e-09 -1.94e-10 -1.38e-11 -4.09e-13 0.00e+00 0.00e+00 0.00e+00 0.00e+00 0.00e+00 0.00e+00 0.00e+00 0.00e+00 0.00e+00 0.00e+00 0.00e+00 0.00e+00 0.00e+00 0.00e+00 0.00e+00 0.00e+00 0.00e+00 0.00e+00 0.00e+00 0.00e+00 0.00e+00 -0.00e+00 
-0.00e+00 0.00e+00 0.00e+00 0.00e+00 0.00e+00 0.00e+00 0.00e+00 0.00e+00 0.00e+00 0.00e+00 0.00e+00 0.00e+00 0.00e+00 0.00e+00 0.00e+00 0.00e+00 0.00e+00 0.00e+00 0.00e+00 0.00e+00 0.00e+00 0.00e+00 0.00e+00 -1.64e-13 -4.82e-12 -5.84e-11 -3.82e-10 -1.49e-09 -3.67e-09 -6.08e-09 -7.15e-09 -6.08e-09 -3.67e-09 -1.49e-09 -3.82e-10 -5.84e-11 -4.82e-12 -1.64e-13 0.00e+00 0.00e+00 0.00e+00 0.00e+00 0.00e+00 0.00e+00 0.00e+00 0.00e+00 0.00e+00 0.00e+00 0.00e+00 0.00e+00 0.00e+00 0.00e+00 0.00e+00 0.00e+00 0.00e+00 0.00e+00 0.00e+00 0.00e+00 0.00e+00 0.00e+00 -0.00e+00 
-0.00e+00 0.00e+00 0.00e+00 0.00e+00 0.00e+00 0.00e+00 0.00e+00 0.00e+00 0.00e+00 0.00e+00 0.00e+00 0.00e+00 0.00e+00 0.00e+00 0.00e+00 0.00e+00 0.00e+00 0.00e+00 0.00e+00 0.00e+00 0.00e+00 0.00e+00 0.00e+00 0.00e+00 -5.46e-14 -1.38e-12 -1.40e-11 -7.42e-11 -2.27e-10 -4.24e-10 -5.16e-10 -4.24e-10 -2.27e-10 -7.42e-11 -1.40e-11 -1.38e-12 -5.46e-14 0.00e+00 0.00e+00 0.00e+00 0.00e+00 0.00e+00 0.00e+00 0.00e+00 0.00e+00 0.00e+00 0.00e+00 0.00e+00 0.00e+00 0.00e+00 0.00e+00 0.00e+00 0.00e+00 0.00e+00 0.00e+00 0.00e+00 0.00e+00 0.00e+00 0.00e+00 0.00e+00 -0.00e+00 
-0.00e+00 0.00e+00 0.00e+00 0.00e+00 0.00e+00 0.00e+00 0.00e+00 0.00e+00 0.00e+00 0.00e+00 0.00e+00 0.00e+00 0.00e+00 0.00e+00 0.00e+00 0.00e+00 0.00e+00 0.00e+00 0.00e+00 0.00e+00 0.00e+00 0.00e+00 0.00e+00 0.00e+00 0.00e+00 -1.49e-14 -3.13e-13 -2.56e-12 -1.04e-11 -2.32e-11 -2.97e-11 -2.32e-11 -1.04e-11 -2.56e-12 -3.13e-13 -1.49e-14 0.00e+00 0.00e+00 0.00e+00 0.00e+00 0.00e+00 0.00e+00 0.00e+00 0.00e+00 0.00e+00 0.00e+00 0.00e+00 0.00e+00 0.00e+00 0.00e+00 0.00e+00 0.00e+00 0.00e+00 0.00e+00 0.00e+00 0.00e+00 0.00e+00 0.00e+00 0.00e+00 0.00e+00 -0.00e+00 
-0.00e+00 0.00e+00 0.00e+00 0.00e+00 0.00e+00 0.00e+00 0.00e+00 0.00e+00 0.00e+00 0.00e+00 0.00e+00 0.00e+00 0.00e+00 0.00e+00 0.00e+00 0.00e+00 0.00e+00 0.00e+00 0.00e+00 0.00e+00 0.00e+00 0.00e+00 0.00e+00 0.00e+00 0.00e+00 0.00e+00 -3.24e-15 -5.45e-14 -3.37e-13 -9.62e-13 -1.35e-12 -9.62e-13 -3.37e-13 -5.45e-14 -3.24e-15 0.00e+00 0.00e+00 0.00e+00 0.00e+00 0.00e+00 0.00e+00 0.00e+00 0.00e+00 0.00e+00 0.00e+00 0.00e+00 0.00e+00 0.00e+00 0.00e+00 0.00e+00 0.00e+00 0.00e+00 0.00e+00 0.00e+00 0.00e+00 0.00e+00 0.00e+00 0.00e+00 0.00e+00 0.00e+00 -0.00e+00 
-0.00e+00 0.00e+00 0.00e+00 0.00e+00 0.00e+00 0.00e+00 0.00e+00 0.00e+00 0.00e+00 0.00e+00 0.00e+00 0.00e+00 0.00e+00 0.00e+00 0.00e+00 0.00e+00 0.00e+00 0.00e+00 0.00e+00 0.00e+00 0.00e+00 0.00e+00 0.00e+00 0.00e+00 0.00e+00 0.00e+00 0.00e+00 -5.39e-16 -6.81e-15 -2.86e-14 -4.69e-14 -2.86e-14 -6.81e-15 -5.39e-16 0.00e+00 0.00e+00 0.00e+00 0.00e+00 0.00e+00 0.00e+00 0.00e+00 0.00e+00 0.00e+00 0.00e+00 0.00e+00 0.00e+00 0.00e+00 0.00e+00 0.00e+00 0.00e+00 0.00e+00 0.00e+00 0.00e+00 0.00e+00 0.00e+00 0.00e+00 0.00e+00 0.00e+00 0.00e+00 0.00e+00 -0.00e+00 
-0.00e+00 0.00e+00 0.00e+00 0.00e+00 0.00e+00 0.00e+00 0.00e+00 0.00e+00 0.00e+00 0.00e+00 0.00e+00 0.00e+00 0.00e+00 0.00e+00 0.00e+00 0.00e+00 0.00e+00 0.00e+00 0.00e+00 0.00e+00 0.00e+00 0.00e+00 0.00e+00 0.00e+00 0.00e+00 0.00e+00 0.00e+00 0.00e+00 -6.47e-17 -5.45e-16 -1.21e-15 -5.45e-16 -6.47e-17 0.00e+00 0.00e+00 0.00e+00 0.00e+00 0.00e+00 0.00e+00 0.00e+00 0.00e+00 0.00e+00 0.00e+00 0.00e+00 0.00e+00 0.00e+00 0.00e+00 0.00e+00 0.00e+00 0.00e+00 0.00e+00 0.00e+00 0.00e+00 0.00e+00 0.00e+00 0.00e+00 0.00e+00 0.00e+00 0.00e+00 0.00e+00 -0.00e+00 
-0.00e+00 0.00e+00 0.00e+00 0.00e+00 0.00e+00 0.00e+00 0.00e+00 0.00e+00 0.00e+00 0.00e+00 0.00e+00 0.00e+00 0.00e+00 0.00e+00 0.00e+00 0.00e+00 0.00e+00 0.00e+00 0.00e+00 0.00e+00 0.00e+00 0.00e+00 0.00e+00 0.00e+00 0.00e+00 0.00e+00 0.00e+00 0.00e+00 0.00e+00 -4.98e-18 -2.10e-17 -4.98e-18 0.00e+00 0.00e+00 0.00e+00 0.00e+00 0.00e+00 0.00e+00 0.00e+00 0.00e+00 0.00e+00 0.00e+00 0.00e+00 0.00e+00 0.00e+00 0.00e+00 0.00e+00 0.00e+00 0.00e+00 0.00e+00 0.00e+00 0.00e+00 0.00e+00 0.00e+00 0.00e+00 0.00e+00 0.00e+00 0.00e+00 0.00e+00 0.00e+00 -0.00e+00 
-0.00e+00 0.00e+00 0.00e+00 0.00e+00 0.00e+00 0.00e+00 0.00e+00 0.00e+00 0.00e+00 0.00e+00 0.00e+00 0.00e+00 0.00e+00 0.00e+00 0.00e+00 0.00e+00 0.00e+00 0.00e+00 0.00e+00 0.00e+00 0.00e+00 0.00e+00 0.00e+00 0.00e+00 0.00e+00 0.00e+00 0.00e+00 0.00e+00 0.00e+00 0.00e+00 -1.84e-19 0.00e+00 0.00e+00 0.00e+00 0.00e+00 0.00e+00 0.00e+00 0.00e+00 0.00e+00 0.00e+00 0.00e+00 0.00e+00 0.00e+00 0.00e+00 0.00e+00 0.00e+00 0.00e+00 0.00e+00 0.00e+00 0.00e+00 0.00e+00 0.00e+00 0.00e+00 0.00e+00 0.00e+00 0.00e+00 0.00e+00 0.00e+00 0.00e+00 0.00e+00 -0.00e+00 
-0.00e+00 0.00e+00 0.00e+00 0.00e+00 0.00e+00 0.00e+00 0.00e+00 0.00e+00 0.00e+00 0.00e+00 0.00e+00 0.00e+00 0.00e+00 0.00e+00 0.00e+00 0.00e+00 0.00e+00 0.00e+00 0.00e+00 0.00e+00 0.00e+00 0.00e+00 0.00e+00 0.00e+00 0.00e+00 0.00e+00 0.00e+00 0.00e+00 0.00e+00 0.00e+00 0.00e+00 0.00e+00 0.00e+00 0.00e+00 0.00e+00 0.00e+00 0.00e+00 0.00e+00 0.00e+00 0.00e+00 0.00e+00 0.00e+00 0.00e+00 0.00e+00 0.00e+00 0.00e+00 0.00e+00 0.00e+00 0.00e+00 0.00e+00 0.00e+00 0.00e+00 0.00e+00 0.00e+00 0.00e+00 0.00e+00 0.00e+00 0.00e+00 0.00e+00 0.00e+00 -0.00e+00 
-0.00e+00 0.00e+00 0.00e+00 0.00e+00 0.00e+00 0.00e+00 0.00e+00 0.00e+00 0.00e+00 0.00e+00 0.00e+00 0.00e+00 0.00e+00 0.00e+00 0.00e+00 0.00e+00 0.00e+00 0.00e+00 0.00e+00 0.00e+00 0.00e+00 0.00e+00 0.00e+00 0.00e+00 0.00e+00 0.00e+00 0.00e+00 0.00e+00 0.00e+00 0.00e+00 0.00e+00 0.00e+00 0.00e+00 0.00e+00 0.00e+00 0.00e+00 0.00e+00 0.00e+00 0.00e+00 0.00e+00 0.00e+00 0.00e+00 0.00e+00 0.00e+00 0.00e+00 0.00e+00 0.00e+00 0.00e+00 0.00e+00 0.00e+00 0.00e+00 0.00e+00 0.00e+00 0.00e+00 0.00e+00 0.00e+00 0.00e+00 0.00e+00 0.00e+00 0.00e+00 -0.00e+00 
0.00e+00 -0.00e+00 -0.00e+00 -0.00e+00 -0.00e+00 -0.00e+00 -0.00e+00 -0.00e+00 -0.00e+00 -0.00e+00 -0.00e+00 -0.00e+00 -0.00e+00 -0.00e+00 -0.00e+00 -0.00e+00 -0.00e+00 -0.00e+00 -0.00e+00 -0.00e+00 -0.00e+00 -0.00e+00 -0.00e+00 -0.00e+00 -0.00e+00 -0.00e+00 -0.00e+00 -0.00e+00 -0.00e+00 -0.00e+00 -0.00e+00 -0.00e+00 -0.00e+00 -0.00e+00 -0.00e+00 -0.00e+00 -0.00e+00 -0.00e+00 -0.00e+00 -0.00e+00 -0.00e+00 -0.00e+00 -0.00e+00 -0.00e+00 -0.00e+00 -0.00e+00 -0.00e+00 -0.00e+00 -0.00e+00 -0.00e+00 -0.00e+00 -0.00e+00 -0.00e+00 -0.00e+00 -0.00e+00 -0.00e+00 -0.00e+00 -0.00e+00 -0.00e+00 -0.00e+00 0.00e+00 
