0.00e+00 -0.00e+00 -0.00e+00 -0.00e+00 -0.00e+00 -0.00e+00 -0.00e+00 -0.00e+00 -0.00e+00 -0.00e+00 -0.00e+00 -0.00e+00 -0.00e+00 -0.00e+00 -0.00e+00 -0.00e+00 -0.00e+00 -0.00e+00 -0.00e+00 -1.84e-17 -8.31e-16 -1.65e-14 -1.92e-13 -1.45e-12 -7.51e-12 -2.79e-11 -7.70e-11 -1.62e-10 -2.69e-10 -3.61e-10 -3.98e-10 -3.61e-10 -2.69e-10 -1.62e-10 -7.70e-11 -2.79e-11 -7.51e-12 -1.45e-12 -1.92e-13 -1.65e-14 -8.31e-16 -1.84e-17 -0.00e+00 -0.00e+00 -0.00e+00 -0.00e+00 -0.00e+00 -0.00e+00 -0.00e+00 -0.00e+00 -0.00e+00 -0.00e+00 -0.00e+00 -0.00e+00 -0.00e+00 -0.00e+00 -0.00e+00 -0.00e+00 -0.00e+00 -0.00e+00 0.00e+00 
-0.00e+00 0.00e+00 0.00e+00 0.00e+00 0.00e+00 0.00e+00 0.00e+00 0.00e+00 0.00e+00 0.00e+00 0.00e+00 0.00e+00 0.00e+00 0.00e+00 0.00e+00 0.00e+00 0.00e+00 0.00e+00 0.00e+00 1.84e-17 8.31e-16 1.65e-14 1.92e-13 1.45e-12 7.51e-12 2.79e-11 7.70e-11 1.62e-10 2.69e-10 3.61e-10 3.98e-10 3.61e-10 2.69e-10 1.62e-10 7.70e-11 2.79e-11 7.51e-12 1.45e-12 1.92e-13 1.65e-14 8.31e-16 1.84e-17 0.00e+00 0.00e+00 0.00e+00 0.00e+00 0.00e+00 0.00e+00 0.00e+00 0.00e+00 0.00e+00 0.00e+00 0.00e+00 0.00e+00 0.00e+00 0.00e+00 0.00e+00 0.00e+00 0.00e+00 0.00e+00 -0.00e+00 
-0.00e+00 0.00e+00 0.00e+00 0.00e+00 0.00e+00 0.00e+00 0.00e+00 0.00e+00 0.00e+00 0.00e+00 0.00e+00 0.00e+00 0.00e+00 0.00e+00 0.00e+00 0.00e+00 0.00e+00 0.00e+00 4.30e-17 2.13e-15 4.70e-14 6.10e-13 5.19e-12 3.07e-11 1.31e-10 4.18e-10 1.02e-09 1.97e-09 3.08e-09 4.01e-09 4.37e-09 4.01e-09 3.08e-09 1.97e-09 1.02e-09 4.18e-10 1.31e-10 3.07e-11 5.19e-12 6.10e-13 4.70e-14 2.13e-15 4.30e-17 0.00e+00 0.00e+00 0.00e+00 0.00e+00 0.00e+00 0.00e+00 0.00e+00 0.00e+00 0.00e+00 0.00e+00 0.00e+00 0.00e+00 0.00e+00 0.00e+00 0.00e+00 0.00e+00 0.00e+00 -0.00e+00 
-0.00e+00 0.00e+00 0.00e+00 0.00e+00 0.00e+00 0.00e+00 0.00e+00 0.00e+00 0.00e+00 0.00e+00 0.00e+00 0.00e+00 0.00e+00 0.00e+00 0.00e+00 0.00e+00 0.00e+00 8.93e-17 4.80e-15 1.15e-13 1.64e-12 1.54e-11 1.02e-10 4.87e-10 1.75e-09 4.82e-09 1.05e-08 1.87e-08 2.77e-08 3.49e-08 3.76e-08 3.49e-08 2.77e-08 1.87e-08 1.05e-08 4.82e-09 1.75e-09 4.87e-10 1.02e-10 1.54e-11 1.64e-12 1.15e-13 4.80e-15 8.93e-17 0.00e+00 0.00e+00 0.00e+00 0.00e+00 0.00e+00 0.00e+00 0.00e+00 0.00e+00 0.00e+00 0.00e+00 0.00e+00 0.00e+00 0.00e+00 0.00e+00 0.00e+00 0.00e+00 -0.00e+00 
-0.00e+00 0.00e+00 0.00e+00 0.00e+00 0.00e+00 0.00e+00 0.00e+00 0.00e+00 0.00e+00 0.00e+00 0.00e+00 0.00e+00 0.00e+00 0.00e+00 0.00e+00 0.00e+00 1.66e-16 9.60e-15 2.50e-13 3.86e-12 3.98e-11 2.89e-10 1.53e-09 6.12e-09 1.88e-08 4.58e-08 9.07e-08 1.50e-07 2.13e-07 2.60e-07 2.78e-07 2.60e-07 2.13e-07 1.50e-07 9.07e-08 4.58e-08 1.88e-08 6.12e-09 1.53e-09 2.89e-10 3.98e-11 3.86e-12 2.50e-13 9.60e-15 1.66e-16 0.00e+00 0.00e+00 0.00e+00 0.00e+00 0.00e+00 0.00e+00 0.00e+00 0.00e+00 0.00e+00 0.00e+00 0.00e+00 0.00e+00 0.00e+00 0.00e+00 0.00e+00 -0.00e+00 
-0.00e+00 0.00e+00 0.00e+00 0.00e+00 0.00e+00 0.00e+00 0.00e+00 0.00e+00 0.00e+00 0.00e+00 0.00e+00 0.00e+00 0.00e+00 0.00e+00 0.00e+00 2.76e-16 1.71e-14 4.79e-13 8.02e-12 8.98e-11 7.12e-10 4.15e-09 1.83e-08 6.20e-08 1.66e-07 3.62e-07 6.60e-07 1.03e-06 1.39e-06 1.67e-06 1.77e-06 1.67e-06 1.39e-06 1.03e-06 6.60e-07 3.62e-07 1.66e-07 6.20e-08 1.83e-08 4.15e-09 7.12e-10 8.98e-11 8.02e-12 4.79e-13 1.71e-14 2.76e-16 0.00e+00 0.00e+00 0.00e+00 0.00e+00 0.00e+00 0.00e+00 0.00e+00 0.00e+00 0.00e+00 0.00e+00 0.00e+00 0.00e+00 0.00e+00 0.00e+00 -0.00e+00 
-0.00e+00 0.00e+00 0.00e+00 0.00e+00 0.00e+00 0.00e+00 0.00e+00 0.00e+00 0.00e+00 0.00e+00 0.00e+00 0.00e+00 0.00e+00 0.00e+00 4.15e-16 2.74e-14 8.21e-13 1.48e-11 1.79e-10 1.54e-09 9.76e-09 4.69e-08 1.74e-07 5.11e-07 1.21e-06 2.40e-06 4.05e-06 5.98e-06 7.82e-06 9.16e-06 9.64e-06 9.16e-06 7.82e-06 5.98e-06 4.05e-06 2.40e-06 1.21e-06 5.11e-07 1.74e-07 4.69e-08 9.76e-09 1.54e-09 1.79e-10 1.48e-11 8.21e-13 2.74e-14 4.15e-16 0.00e+00 0.00e+00 0.00e+00 0.00e+00 0.00e+00 0.00e+00 0.00e+00 0.00e+00 0.00e+00 0.00e+00 0.00e+00 0.00e+00 0.00e+00 -0.00e+00 
-0.00e+00 0.00e+00 0.00e+00 0.00e+00 0.00e+00 0.00e+00 0.00e+00 0.00e+00 0.00e+00 0.00e+00 0.00e+00 0.00e+00 0.00e+00 5.61e-16 3.94e-14 1.26e-12 2.42e-11 3.14e-10 2.92e-09 2.01e-08 1.05e-07 4.22e-07 1.34e-06 3.45e-06 7.34e-06 1.33e-05 2.11e-05 2.96e-05 3.75e-05 4.31e-05 4.51e-05 4.31e-05 3.75e-05 2.96e-05 2.11e-05 1.33e-05 7.34e-06 3.45e-06 1.34e-06 4.22e-07 1.05e-07 2.01e-08 2.92e-09 3.14e-10 2.42e-11 1.26e-12 3.94e-14 5.61e-16 0.00e+00 0.00e+00 0.00e+00 0.00e+00 0.00e+00 0.00e+00 0.00e+00 0.00e+00 0.00e+00 0.00e+00 0.00e+00 0.00e+00 -0.00e+00 
-0.00e+00 0.00e+00 0.00e+00 0.00e+00 0.00e+00 0.00e+00 0.00e+00 0.00e+00 0.00e+00 0.00e+00 0.00e+00 0.00e+00 6.86e-16 5.09e-14 1.73e-12 3.54e-11 4.92e-10 4.90e-09 3.63e-08 2.04e-07 8.90e-07 3.06e-06 8.44e-06 1.92e-05 3.70e-05 6.21e-05 9.28e-05 1.25e-04 1.54e-04 1.74e-04 1.81e-04 1.74e-04 1.54e-04 1.25e-04 9.28e-05 6.21e-05 3.70e-05 1.92e-05 8.44e-06 3.06e-06 8.90e-07 2.04e-07 3.63e-08 4.90e-09 4.92e-10 3.54e-11 1.73e-12 5.09e-14 6.86e-16 0.00e+00 0.00e+00 0.00e+00 0.00e+00 0.00e+00 0.00e+00 0.00e+00 0.00e+00 0.00e+00 0.00e+00 0.00e+00 -0.00e+00 
-0.00e+00 0.00e+00 0.00e+00 0.00e+00 0.00e+00 0.00e+00 0.00e+00 0.00e+00 0.00e+00 0.00e+00 0.00e+00 7.58e-16 5.94e-14 2.13e-12 4.64e-11 6.85e-10 7.29e-09 5.78e-08 3.50e-07 1.64e-06 6.05e-06 1.79e-05 4.32e-05 8.81e-05 1.56e-04 2.44e-04 3.46e-04 4.50e-04 5.39e-04 6.00e-04 6.22e-04 6.00e-04 5.39e-04 4.50e-04 3.46e-04 2.44e-04 1.56e-04 8.81e-05 4.32e-05 1.79e-05 6.05e-06 1.64e-06 3.50e-07 5.78e-08 7.29e-09 6.85e-10 4.64e-11 2.13e-12 5.94e-14 7.58e-16 0.00e+00 0.00e+00 0.00e+00 0.00e+00 0.00e+00 0.00e+00 0.00e+00 0.00e+00 0.00e+00 0.00e+00 -0.00e+00 
-0.00e+00 0.00e+00 0.00e+00 0.00e+00 0.00e+00 0.00e+00 0.00e+00 0.00e+00 0.00e+00 0.00e+00 7.58e-16 6.25e-14 2.36e-12 5.44e-11 8.54e-10 9.66e-09 8.18e-08 5.29e-07 2.65e-06 1.05e-05 3.30e-05 8.47e-05 1.82e-04 3.35e-04 5.48e-04 8.11e-04 1.10e-03 1.38e-03 1.62e-03 1.78e-03 1.84e-03 1.78e-03 1.62e-03 1.38e-03 1.10e-03 8.11e-04 5.48e-04 3.35e-04 1.82e-04 8.47e-05 3.30e-05 1.05e-05 2.65e-06 5.29e-07 8.18e-08 9.66e-09 8.54e-10 5.44e-11 2.36e-12 6.25e-14 7.58e-16 0.00e+00 0.00e+00 0.00e+00 0.00e+00 0.00e+00 0.00e+00 0.00e+00 0.00e+00 0.00e+00 -0.00e+00 
-0.00e+00 0.00e+00 0.00e+00 0.00e+00 0.00e+00 0.00e+00 0.00e+00 0.00e+00 0.00e+00 6.86e-16 5.93e-14 2.36e-12 5.73e-11 9.51e-10 1.14e-08 1.03e-07 7.07e-07 3.79e-06 1.60e-05 5.35e-05 1.45e-04 3.26e-04 6.27e-04 1.06e-03 1.63e-03 2.29e-03 3.00e-03 3.67e-03 4.23e-03 4.60e-03 4.73e-03 4.60e-03 4.23e-03 3.67e-03 3.00e-03 2.29e-03 1.63e-03 1.06e-03 6.27e-04 3.26e-04 1.45e-04 5.35e-05 1.60e-05 3.79e-06 7.07e-07 1.03e-07 1.14e-08 9.51e-10 5.73e-11 2.36e-12 5.93e-14 6.86e-16 0.00e+00 0.00e+00 0.00e+00 0.00e+00 0.00e+00 0.00e+00 0.00e+00 0.00e+00 -0.00e+00 
-0.00e+00 0.00e+00 0.00e+00 0.00e+00 0.00e+00 0.00e+00 0.00e+00 0.00e+00 5.61e-16 5.08e-14 2.12e-12 5.42e-11 9.48e-10 1.20e-08 1.15e-07 8.39e-07 4.78e-06 2.14e-05 7.62e-05 2.19e-04 5.15e-04 1.03e-03 1.79e-03 2.83e-03 4.12e-03 5.58e-03 7.10e-03 8.52e-03 9.69e-03 1.05e-02 1.07e-02 1.05e-02 9.69e-03 8.52e-03 7.10e-03 5.58e-03 4.12e-03 2.83e-03 1.79e-03 1.03e-03 5.15e-04 2.19e-04 7.62e-05 2.14e-05 4.78e-06 8.39e-07 1.15e-07 1.20e-08 9.48e-10 5.42e-11 2.12e-12 5.08e-14 5.61e-16 0.00e+00 0.00e+00 0.00e+00 0.00e+00 0.00e+00 0.00e+00 0.00e+00 -0.00e+00 
-0.00e+00 0.00e+00 0.00e+00 0.00e+00 0.00e+00 0.00e+00 0.00e+00 4.15e-16 3.92e-14 1.71e-12 4.60e-11 8.45e-10 1.13e-08 1.14e-07 8.83e-07 5.34e-06 2.54e-05 9.58e-05 2.90e-04 7.16e-04 1.48e-03 2.67e-03 4.33e-03 6.49e-03 9.09e-03 1.20e-02 1.49e-02 1.77e-02 1.99e-02 2.14e-02 2.19e-02 2.14e-02 1.99e-02 1.77e-02 1.49e-02 1.20e-02 9.09e-03 6.49e-03 4.33e-03 2.67e-03 1.48e-03 7.16e-04 2.90e-04 9.58e-05 2.54e-05 5.34e-06 8.83e-07 1.14e-07 1.13e-08 8.45e-10 4.60e-11 1.71e-12 3.92e-14 4.15e-16 0.00e+00 0.00e+00 0.00e+00 0.00e+00 0.00e+00 0.00e+00 -0.00e+00 
-0.00e+00 0.00e+00 0.00e+00 0.00e+00 0.00e+00 0.00e+00 2.76e-16 2.73e-14 1.24e-12 3.49e-11 6.74e-10 9.48e-09 1.01e-07 8.25e-07 5.28e-06 2.66e-05 1.06e-04 3.40e-04 8.82e-04 1.90e-03 3.52e-03 5.87e-03 9.08e-03 1.32e-02 1.80e-02 2.33e-02 2.86e-02 3.35e-02 3.74e-02 4.00e-02 4.09e-02 4.00e-02 3.74e-02 3.35e-02 2.86e-02 2.33e-02 1.80e-02 1.32e-02 9.08e-03 5.87e-03 3.52e-03 1.90e-03 8.82e-04 3.40e-04 1.06e-04 2.66e-05 5.28e-06 8.25e-07 1.01e-07 9.48e-09 6.74e-10 3.49e-11 1.24e-12 2.73e-14 2.76e-16 0.00e+00 0.00e+00 0.00e+00 0.00e+00 0.00e+00 -0.00e+00 
-0.00e+00 0.00e+00 0.00e+00 0.00e+00 0.00e+00 1.66e-16 1.70e-14 8.10e-13 2.38e-11 4.80e-10 7.09e-09 7.92e-08 6.84e-07 4.62e-06 2.47e-05 1.04e-04 3.53e-04 9.63e-04 2.16e-03 4.15e-03 7.14e-03 1.14e-02 1.72e-02 2.43e-02 3.27e-02 4.17e-02 5.05e-02 5.86e-02 6.49e-02 6.90e-02 7.04e-02 6.90e-02 6.49e-02 5.86e-02 5.05e-02 4.17e-02 3.27e-02 2.43e-02 1.72e-02 1.14e-02 7.14e-03 4.15e-03 2.16e-03 9.63e-04 3.53e-04 1.04e-04 2.47e-05 4.62e-06 6.84e-07 7.92e-08 7.09e-09 4.80e-10 2.38e-11 8.10e-13 1.70e-14 1.66e-16 0.00e+00 0.00e+00 0.00e+00 0.00e+00 -0.00e+00 
-0.00e+00 0.00e+00 0.00e+00 0.00e+00 8.93e-17 9.52e-15 4.72e-13 1.44e-11 3.04e-10 4.71e-09 5.53e-08 5.02e-07 3.58e-06 2.02e-05 9.07e-05 3.25e-04 9.34e-04 2.20e-03 4.40e-03 7.82e-03 1.30e-02 2.03e-02 3.00e-02 4.17e-02 5.50e-02 6.90e-02 8.25e-02 9.44e-02 1.04e-01 1.10e-01 1.12e-01 1.10e-01 1.04e-01 9.44e-02 8.25e-02 6.90e-02 5.50e-02 4.17e-02 3.00e-02 2.03e-02 1.30e-02 7.82e-03 4.40e-03 2.20e-03 9.34e-04 3.25e-04 9.07e-05 2.02e-05 3.58e-06 5.02e-07 5.53e-08 4.71e-09 3.04e-10 1.44e-11 4.72e-13 9.52e-15 8.93e-17 0.00e+00 0.00e+00 0.00e+00 -0.00e+00 
-0.00e+00 0.00e+00 0.00e+00 4.30e-17 4.75e-15 2.45e-13 7.79e-12 1.72e-10 2.78e-09 3.41e-08 3.26e-07 2.45e-06 1.46e-05 6.94e-05 2.64e-04 8.05e-04 2.00e-03 4.20e-03 7.78e-03 1.34e-02 2.19e-02 3.37e-02 4.86e-02 6.62e-02 8.55e-02 1.05e-01 1.24e-01 1.40e-01 1.52e-01 1.60e-01 1.62e-01 1.60e-01 1.52e-01 1.40e-01 1.24e-01 1.05e-01 8.55e-02 6.62e-02 4.86e-02 3.37e-02 2.19e-02 1.34e-02 7.78e-03 4.20e-03 2.00e-03 8.05e-04 2.64e-04 6.94e-05 1.46e-05 2.45e-06 3.26e-07 3.41e-08 2.78e-09 1.72e-10 7.79e-12 2.45e-13 4.75e-15 4.30e-17 0.00e+00 0.00e+00 -0.00e+00 
-0.00e+00 0.00e+00 1.84e-17 2.11e-15 1.13e-13 3.73e-12 8.55e-11 1.44e-09 1.86e-08 1.86e-07 1.48e-06 9.30e-06 4.68e-05 1.89e-04 6.15e-04 1.63e-03 3.62e-03 7.04e-03 1.27e-02 2.16e-02 3.46e-02 5.17e-02 7.27e-02 9.67e-02 1.22e-01 1.47e-01 1.70e-01 1.90e-01 2.04e-01 2.13e-01 2.17e-01 2.13e-01 2.04e-01 1.90e-01 1.70e-01 1.47e-01 1.22e-01 9.67e-02 7.27e-02 5.17e-02 3.46e-02 2.16e-02 1.27e-02 7.04e-03 3.62e-03 1.63e-03 6.15e-04 1.89e-04 4.68e-05 9.30e-06 1.48e-06 1.86e-07 1.86e-08 1.44e-09 8.55e-11 3.73e-12 1.13e-13 2.11e-15 1.84e-17 0.00e+00 -0.00e+00 
-1.40e-17 1.40e-17 8.27e-16 4.57e-14 1.57e-12 3.75e-11 6.60e-10 8.89e-09 9.35e-08 7.79e-07 5.19e-06 2.77e-05 1.19e-04 4.16e-04 1.18e-03 2.80e-03 5.79e-03 1.09e-02 1.94e-02 3.24e-02 5.03e-02 7.31e-02 1.00e-01 1.30e-01 1.61e-01 1.90e-01 2.16e-01 2.37e-01 2.53e-01 2.63e-01 2.66e-01 2.63e-01 2.53e-01 2.37e-01 2.16e-01 1.90e-01 1.61e-01 1.30e-01 1.00e-01 7.31e-02 5.03e-02 3.24e-02 1.94e-02 1.09e-02 5.79e-03 2.80e-03 1.18e-03 4.16e-04 1.19e-04 2.77e-05 5.19e-06 7.79e-07 9.35e-08 8.89e-09 6.60e-10 3.75e-11 1.57e-12 4.57e-14 8.27e-16 6.99e-18 -6.99e-18 
-5.69e-16 5.69e-16 1.63e-14 5.79e-13 1.44e-11 2.63e-10 3.70e-09 4.09e-08 3.59e-07 2.52e-06 1.43e-05 6.60e-05 2.47e-04 7.59e-04 1.94e-03 4.30e-03 8.57e-03 1.59e-02 2.77e-02 4.47e-02 6.76e-02 9.59e-02 1.28e-01 1.62e-01 1.96e-01 2.27e-01 2.54e-01 2.75e-01 2.91e-01 3.01e-01 3.04e-01 3.01e-01 2.91e-01 2.75e-01 2.54e-01 2.27e-01 1.96e-01 1.62e-01 1.28e-01 9.59e-02 6.76e-02 4.47e-02 2.77e-02 1.59e-02 8.57e-03 4.30e-03 1.94e-03 7.59e-04 2.47e-04 6.60e-05 1.43e-05 2.52e-06 3.59e-07 4.09e-08 3.70e-09 2.63e-10 1.44e-11 5.79e-13 1.63e-14 2.82e-16 -2.82e-16 
-1.01e-14 1.01e-14 1.85e-13 4.76e-12 9.10e-11 1.34e-09 1.54e-08 1.43e-07 1.06e-06 6.44e-06 3.18e-05 1.29e-04 4.29e-04 1.20e-03 2.86e-03 6.07e-03 1.18e-02 2.15e-02 3.64e-02 5.73e-02 8.46e-02 1.17e-01 1.52e-01 1.88e-01 2.22e-01 2.52e-01 2.78e-01 2.98e-01 3.14e-01 3.23e-01 3.26e-01 3.23e-01 3.14e-01 2.98e-01 2.78e-01 2.52e-01 2.22e-01 1.88e-01 1.52e-01 1.17e-01 8.46e-02 5.73e-02 3.64e-02 2.15e-02 1.18e-02 6.07e-03 2.86e-03 1.20e-03 4.29e-04 1.29e-04 3.18e-05 6.44e-06 1.06e-06 1.43e-07 1.54e-08 1.34e-09 9.10e-11 4.76e-12 1.85e-13 4.94e-15 -4.94e-15 
-1.01e-13 1.01e-13 1.35e-12 2.69e-11 4.12e-10 5.00e-09 4.87e-08 3.85e-07 2.49e-06 1.32e-05 5.81e-05 2.12e-04 6.47e-04 1.69e-03 3.85e-03 7.93e-03 1.51e-02 2.69e-02 4.45e-02 6.85e-02 9.83e-02 1.32e-01 1.68e-01 2.03e-01 2.35e-01 2.63e-01 2.87e-01 3.07e-01 3.22e-01 3.33e-01 3.36e-01 3.33e-01 3.22e-01 3.07e-01 2.87e-01 2.63e-01 2.35e-01 2.03e-01 1.68e-01 1.32e-01 9.83e-02 6.85e-02 4.45e-02 2.69e-02 1.51e-02 7.93e-03 3.85e-03 1.69e-03 6.47e-04 2.12e-04 5.81e-05 1.32e-05 2.49e-06 3.85e-07 4.87e-08 5.00e-09 4.12e-10 2.69e-11 1.35e-12 4.94e-14 -4.94e-14 
-6.49e-13 6.49e-13 6.71e-12 1.07e-10 1.37e-09 1.41e-08 1.18e-07 8.20e-07 4.71e-06 2.25e-05 9.00e-05 3.03e-04 8.68e-04 2.15e-03 4.75e-03 9.57e-03 1.79e-02 3.12e-02 5.05e-02 7.59e-02 1.06e-01 1.40e-01 1.74e-01 2.06e-01 2.35e-01 2.60e-01 2.84e-01 3.05e-01 3.24e-01 3.37e-01 3.43e-01 3.37e-01 3.24e-01 3.05e-01 2.84e-01 2.60e-01 2.35e-01 2.06e-01 1.74e-01 1.40e-01 1.06e-01 7.59e-02 5.05e-02 3.12e-02 1.79e-02 9.57e-03 4.75e-03 2.15e-03 8.68e-04 3.03e-04 9.00e-05 2.25e-05 4.71e-06 8.20e-07 1.18e-07 1.41e-08 1.37e-09 1.07e-10 6.70e-12 3.13e-13 -3.13e-13 
-2.76e-12 2.76e-12 2.32e-11 3.10e-10 3.38e-09 3.04e-08 2.26e-07 1.41e-06 7.38e-06 3.25e-05 1.21e-04 3.84e-04 1.05e-03 2.51e-03 5.40e-03 1.07e-02 1.97e-02 3.36e-02 5.32e-02 7.83e-02 1.08e-01 1.38e-01 1.69e-01 1.97e-01 2.22e-01 2.47e-01 2.73e-01 3.00e-01 3.26e-01 3.48e-01 3.57e-01 3.48e-01 3.26e-01 3.00e-01 2.73e-01 2.47e-01 2.22e-01 1.97e-01 1.69e-01 1.38e-01 1.08e-01 7.83e-02 5.32e-02 3.36e-02 1.97e-02 1.07e-02 5.40e-03 2.51e-03 1.05e-03 3.84e-04 1.21e-04 3.25e-05 7.38e-06 1.41e-06 2.26e-07 3.04e-08 3.38e-09 3.10e-10 2.31e-11 1.32e-12 -1.32e-12 
-8.04e-12 8.04e-12 5.71e-11 6.59e-10 6.35e-09 5.13e-08 3.49e-07 2.00e-06 9.76e-06 4.04e-05 1.43e-04 4.32e-04 1.14e-03 2.66e-03 5.62e-03 1.10e-02 1.98e-02 3.33e-02 5.19e-02 7.49e-02 1.01e-01 1.28e-01 1.53e-01 1.77e-01 2.01e-01 2.26e-01 2.57e-01 2.94e-01 3.37e-01 3.76e-01 3.94e-01 3.76e-01 3.37e-01 2.94e-01 2.57e-01 2.26e-01 2.01e-01 1.77e-01 1.53e-01 1.28e-01 1.01e-01 7.49e-02 5.19e-02 3.33e-02 1.98e-02 1.10e-02 5.62e-03 2.66e-03 1.14e-03 4.32e-04 1.43e-04 4.04e-05 9.76e-06 2.00e-06 3.49e-07 5.13e-08 6.35e-09 6.59e-10 5.68e-11 3.79e-12 -3.79e-12 
-1.62e-11 1.62e-11 1.01e-10 1.05e-09 9.22e-09 6.88e-08 4.37e-07 2.37e-06 1.09e-05 4.32e-05 1.47e-04 4.30e-04 1.10e-03 2.53e-03 5.27e-03 1.02e-02 1.82e-02 3.01e-02 4.60e-02 6.55e-02 8.70e-02 1.09e-01 1.29e-01 1.49e-01 1.70e-01 1.97e-01 2.35e-01 2.88e-01 3.57e-01 4.31e-01 4.74e-01 4.31e-01 3.57e-01 2.88e-01 2.35e-01 1.97e-01 1.70e-01 1.49e-01 1.29e-01 1.09e-01 8.70e-02 6.55e-02 4.60e-02 3.01e-02 1.82e-02 1.02e-02 5.27e-03 2.53e-03 1.10e-03 4.30e-04 1.47e-04 4.32e-05 1.09e-05 2.37e-06 4.37e-07 6.88e-08 9.22e-09 1.05e-09 1.01e-10 7.57e-12 -7.57e-12 
-2.27e-11 2.27e-11 1.30e-10 1.25e-09 1.03e-08 7.26e-08 4.39e-07 2.28e-06 1.02e-05 3.89e-05 1.28e-04 3.68e-04 9.28e-04 2.10e-03 4.33e-03 8.26e-03 1.46e-02 2.39e-02 3.63e-02 5.10e-02 6.68e-02 8.26e-02 9.79e-02 1.13e-01 1.32e-01 1.59e-01 2.01e-01 2.71e-01 3.79e-01 5.26e-01 6.48e-01 5.26e-01 3.79e-01 2.71e-01 2.01e-01 1.59e-01 1.32e-01 1.13e-01 9.79e-02 8.26e-02 6.68e-02 5.10e-02 3.63e-02 2.39e-02 1.46e-02 8.26e-03 4.33e-03 2.10e-03 9.28e-04 3.68e-04 1.28e-04 3.89e-05 1.02e-05 2.28e-06 4.39e-07 7.26e-08 1.03e-08 1.25e-09 1.29e-10 1.05e-11 -1.05e-11 
-2.09e-11 2.09e-11 1.13e-10 1.04e-09 8.21e-09 5.60e-08 3.29e-07 1.66e-06 7.23e-06 2.71e-05 8.79e-05 2.48e-04 6.19e-04 1.39e-03 2.84e-03 5.39e-03 9.48e-03 1.54e-02 2.31e-02 3.22e-02 4.21e-02 5.18e-02 6.11e-02 7.13e-02 8.48e-02 1.06e-01 1.45e-01 2.20e-01 3.67e-01 6.51e-01 1.07e+00 6.51e-01 3.67e-01 2.20e-01 1.45e-01 1.06e-01 8.48e-02 7.13e-02 6.11e-02 5.18e-02 4.21e-02 3.22e-02 2.31e-02 1.54e-02 9.48e-03 5.39e-03 2.84e-03 1.39e-03 6.19e-04 2.48e-04 8.79e-05 2.71e-05 7.23e-06 1.66e-06 3.29e-07 5.60e-08 8.21e-09 1.04e-09 1.12e-10 9.62e-12 -9.62e-12 
-8.59e-12 8.59e-12 4.53e-11 4.05e-10 3.15e-09 2.11e-08 1.22e-07 6.10e-07 2.62e-06 9.73e-06 3.13e-05 8.77e-05 2.17e-04 4.85e-04 9.92e-04 1.88e-03 3.28e-03 5.30e-03 7.97e-03 1.11e-02 1.43e-02 1.75e-02 2.08e-02 2.44e-02 2.95e-02 3.84e-02 5.64e-02 9.93e-02 2.22e-01 6.44e-01 2.35e+00 6.44e-01 2.22e-01 9.93e-02 5.64e-02 3.84e-02 2.95e-02 2.44e-02 2.08e-02 1.75e-02 1.43e-02 1.11e-02 7.97e-03 5.30e-03 3.28e-03 1.88e-03 9.92e-04 4.85e-04 2.17e-04 8.77e-05 3.13e-05 9.73e-06 2.62e-06 6.10e-07 1.22e-07 2.11e-08 3.15e-09 4.05e-10 4.49e-11 3.94e-12 -3.94e-12 
8.59e-12 -8.59e-12 -4.53e-11 -4.05e-10 -3.15e-09 -2.11e-08 -1.22e-07 -6.10e-07 -2.62e-06 -9.73e-06 -3.13e-05 -8.77e-05 -2.17e-04 -4.85e-04 -9.92e-04 -1.88e-03 -3.28e-03 -5.30e-03 -7.97e-03 -1.11e-02 -1.43e-02 -1.75e-02 -2.08e-02 -2.44e-02 -2.95e-02 -3.84e-02 -5.64e-02 -9.93e-02 -2.22e-01 -6.44e-01 -2.35e+00 -6.44e-01 -2.22e-01 -9.93e-02 -5.64e-02 -3.84e-02 -2.95e-02 -2.44e-02 -2.08e-02 -1.75e-02 -1.43e-02 -1.11e-02 -7.97e-03 -5.30e-03 -3.28e-03 -1.88e-03 -9.92e-04 -4.85e-04 -2.17e-04 -8.77e-05 -3.13e-05 -9.73e-06 -2.62e-06 -6.10e-07 -1.22e-07 -2.11e-08 -3.15e-09 -4.05e-10 -4.49e-11 -3.94e-12 3.94e-12 
2.09e-11 -2.09e-11 -1.13e-10 -1.04e-09 -8.21e-09 -5.60e-08 -3.29e-07 -1.66e-06 -7.23e-06 -2.71e-05 -8.79e-05 -2.48e-04 -6.19e-04 -1.39e-03 -2.84e-03 -5.39e-03 -9.48e-03 -1.54e-02 -2.31e-02 -3.22e-02 -4.21e-02 -5.18e-02 -6.11e-02 -7.13e-02 -8.48e-02 -1.06e-01 -1.45e-01 -2.20e-01 -3.67e-01 -6.51e-01 -1.07e+00 -6.51e-01 -3.67e-01 -2.20e-01 -1.45e-01 -1.06e-01 -8.48e-02 -7.13e-02 -6.11e-02 -5.18e-02 -4.21e-02 -3.22e-02 -2.31e-02 -1.54e-02 -9.48e-03 -5.39e-03 -2.84e-03 -1.39e-03 -6.19e-04 -2.48e-04 -8.79e-05 -2.71e-05 -7.23e-06 -1.66e-06 -3.29e-07 -5.60e-08 -8.21e-09 -1.04e-09 -1.12e-10 -9.62e-12 9.62e-12 
2.27e-11 -2.27e-11 -1.30e-10 -1.25e-09 -1.03e-08 -7.26e-08 -4.39e-07 -2.28e-06 -1.02e-05 -3.89e-05 -1.28e-04 -3.68e-04 -9.28e-04 -2.10e-03 -4.33e-03 -8.26e-03 -1.46e-02 -2.39e-02 -3.63e-02 -5.10e-02 -6.68e-02 -8.26e-02 -9.79e-02 -1.13e-01 -1.32e-01 -1.59e-01 -2.01e-01 -2.71e-01 -3.79e-01 -5.26e-01 -6.48e-01 -5.26e-01 -3.79e-01 -2.71e-01 -2.01e-01 -1.59e-01 -1.32e-01 -1.13e-01 -9.79e-02 -8.26e-02 -6.68e-02 -5.10e-02 -3.63e-02 -2.39e-02 -1.46e-02 -8.26e-03 -4.33e-03 -2.10e-03 -9.28e-04 -3.68e-04 -1.28e-04 -3.89e-05 -1.02e-05 -2.28e-06 -4.39e-07 -7.26e-08 -1.03e-08 -1.25e-09 -1.29e-10 -1.05e-11 1.05e-11 
1.62e-11 -1.62e-11 -1.01e-10 -1.05e-09 -9.22e-09 -6.88e-08 -4.37e-07 -2.37e-06 -1.09e-05 -4.32e-05 -1.47e-04 -4.30e-04 -1.10e-03 -2.53e-03 -5.27e-03 -1.02e-02 -1.82e-02 -3.01e-02 -4.60e-02 -6.55e-02 -8.70e-02 -1.09e-01 -1.29e-01 -1.49e-01 -1.70e-01 -1.97e-01 -2.35e-01 -2.88e-01 -3.57e-01 -4.31e-01 -4.74e-01 -4.31e-01 -3.57e-01 -2.88e-01 -2.35e-01 -1.97e-01 -1.70e-01 -1.49e-01 -1.29e-01 -1.09e-01 -8.70e-02 -6.55e-02 -4.60e-02 -3.01e-02 -1.82e-02 -1.02e-02 -5.27e-03 -2.53e-03 -1.10e-03 -4.30e-04 -1.47e-04 -4.32e-05 -1.09e-05 -2.37e-06 -4.37e-07 -6.88e-08 -9.22e-09 -1.05e-09 -1.01e-10 -7.57e-12 7.57e-12 
8.04e-12 -8.04e-12 -5.71e-11 -6.59e-10 -6.35e-09 -5.13e-08 -3.49e-07 -2.00e-06 -9.76e-06 -4.04e-05 -1.43e-04 -4.32e-04 -1.14e-03 -2.66e-03 -5.62e-03 -1.10e-02 -1.98e-02 -3.33e-02 -5.19e-02 -7.49e-02 -1.01e-01 -1.28e-01 -1.53e-01 -1.77e-01 -2.01e-01 -2.26e-01 -2.57e-01 -2.94e-01 -3.37e-01 -3.76e-01 -3.94e-01 -3.76e-01 -3.37e-01 -2.94e-01 -2.57e-01 -2.26e-01 -2.01e-01 -1.77e-01 -1.53e-01 -1.28e-01 -1.01e-01 -7.49e-02 -5.19e-02 -3.33e-02 -1.98e-02 -1.10e-02 -5.62e-03 -2.66e-03 -1.14e-03 -4.32e-04 -1.43e-04 -4.04e-05 -9.76e-06 -2.00e-06 -3.49e-07 -5.13e-08 -6.35e-09 -6.59e-10 -5.68e-11 -3.79e-12 3.79e-12 
2.76e-12 -2.76e-12 -2.32e-11 -3.10e-10 -3.38e-09 -3.04e-08 -2.26e-07 -1.41e-06 -7.38e-06 -3.25e-05 -1.21e-04 -3.84e-04 -1.05e-03 -2.51e-03 -5.40e-03 -1.07e-02 -1.97e-02 -3.36e-02 -5.32e-02 -7.83e-02 -1.08e-01 -1.38e-01 -1.69e-01 -1.97e-01 -2.22e-01 -2.47e-01 -2.73e-01 -3.00e-01 -3.26e-01 -3.48e-01 -3.57e-01 -3.48e-01 -3.26e-01 -3.00e-01 -2.73e-01 -2.47e-01 -2.22e-01 -1.97e-01 -1.69e-01 -1.38e-01 -1.08e-01 -7.83e-02 -5.32e-02 -3.36e-02 -1.97e-02 -1.07e-02 -5.40e-03 -2.51e-03 -1.05e-03 -3.84e-04 -1.21e-04 -3.25e-05 -7.38e-06 -1.41e-06 -2.26e-07 -3.04e-08 -3.38e-09 -3.10e-10 -2.31e-11 -1.32e-12 1.32e-12 
6.49e-13 -6.49e-13 -6.71e-12 -1.07e-10 -1.37e-09 -1.41e-08 -1.18e-07 -8.20e-07 -4.71e-06 -2.25e-05 -9.00e-05 -3.03e-04 -8.68e-04 -2.15e-03 -4.75e-03 -9.57e-03 -1.79e-02 -3.12e-02 -5.05e-02 -7.59e-02 -1.06e-01 -1.40e-01 -1.74e-01 -2.06e-01 -2.35e-01 -2.60e-01 -2.84e-01 -3.05e-01 -3.24e-01 -3.37e-01 -3.43e-01 -3.37e-01 -3.24e-01 -3.05e-01 -2.84e-01 -2.60e-01 -2.35e-01 -2.06e-01 -1.74e-01 -1.40e-01 -1.06e-01 -7.59e-02 -5.05e-02 -3.12e-02 -1.79e-02 -9.57e-03 -4.75e-03 -2.15e-03 -8.68e-04 -3.03e-04 -9.00e-05 -2.25e-05 -4.71e-06 -8.20e-07 -1.18e-07 -1.41e-08 -1.37e-09 -1.07e-10 -6.70e-12 -3.13e-13 3.13e-13 
1.01e-13 -1.01e-13 -1.35e-12 -2.69e-11 -4.12e-10 -5.00e-09 -4.87e-08 -3.85e-07 -2.49e-06 -1.32e-05 -5.81e-05 -2.12e-04 -6.47e-04 -1.69e-03 -3.85e-03 -7.93e-03 -1.51e-02 -2.69e-02 -4.45e-02 -6.85e-02 -9.83e-02 -1.32e-01 -1.68e-01 -2.03e-01 -2.35e-01 -2.63e-01 -2.87e-01 -3.07e-01 -3.22e-01 -3.33e-01 -3.36e-01 -3.33e-01 -3.22e-01 -3.07e-01 -2.87e-01 -2.63e-01 -2.35e-01 -2.03e-01 -1.68e-01 -1.32e-01 -9.83e-02 -6.85e-02 -4.45e-02 -2.69e-02 -1.51e-02 -7.93e-03 -3.85e-03 -1.69e-03 -6.47e-04 -2.12e-04 -5.81e-05 -1.32e-05 -2.49e-06 -3.85e-07 -4.87e-08 -5.00e-09 -4.12e-10 -2.69e-11 -1.35e-12 -4.94e-14 4.94e-14 
1.01e-14 -1.01e-14 -1.85e-13 -4.76e-12 -9.10e-11 -1.34e-09 -1.54e-08 -1.43e-07 -1.06e-06 -6.44e-06 -3.18e-05 -1.29e-04 -4.29e-04 -1.20e-03 -2.86e-03 -6.07e-03 -1.18e-02 -2.15e-02 -3.64e-02 -5.73e-02 -8.46e-02 -1.17e-01 -1.52e-01 -1.88e-01 -2.22e-01 -2.52e-01 -2.78e-01 -2.98e-01 -3.14e-01 -3.23e-01 -3.26e-01 -3.23e-01 -3.14e-01 -2.98e-01 -2.78e-01 -2.52e-01 -2.22e-01 -1.88e-01 -1.52e-01 -1.17e-01 -8.46e-02 -5.73e-02 -3.64e-02 -2.15e-02 -1.18e-02 -6.07e-03 -2.86e-03 -1.20e-03 -4.29e-04 -1.29e-04 -3.18e-05 -6.44e-06 -1.06e-06 -1.43e-07 -1.54e-08 -1.34e-09 -9.10e-11 -4.76e-12 -1.85e-13 -4.94e-15 4.94e-15 
5.69e-16 -5.69e-16 -1.63e-14 -5.79e-13 -1.44e-11 -2.63e-10 -3.70e-09 -4.09e-08 -3.59e-07 -2.52e-06 -1.43e-05 -6.60e-05 -2.47e-04 -7.59e-04 -1.94e-03 -4.30e-03 -8.57e-03 -1.59e-02 -2.77e-02 -4.47e-02 -6.76e-02 -9.59e-02 -1.28e-01 -1.62e-01 -1.96e-01 -2.27e-01 -2.54e-01 -2.75e-01 -2.91e-01 -3.01e-01 -3.04e-01 -3.01e-01 -2.91e-01 -2.75e-01 -2.54e-01 -2.27e-01 -1.96e-01 -1.62e-01 -1.28e-01 -9.59e-02 -6.76e-02 -4.47e-02 -2.77e-02 -1.59e-02 -8.57e-03 -4.30e-03 -1.94e-03 -7.59e-04 -2.47e-04 -6.60e-05 -1.43e-05 -2.52e-06 -3.59e-07 -4.09e-08 -3.70e-09 -2.63e-10 -1.44e-11 -5.79e-13 -1.63e-14 -2.82e-16 2.82e-16 
1.40e-17 -1.40e-17 -8.27e-16 -4.57e-14 -1.57e-12 -3.75e-11 -6.60e-10 -8.89e-09 -9.35e-08 -7.79e-07 -5.19e-06 -2.77e-05 -1.19e-04 -4.16e-04 -1.18e-03 -2.80e-03 -5.79e-03 -1.09e-02 -1.94e-02 -3.24e-02 -5.03e-02 -7.31e-02 -1.00e-01 -1.30e-01 -1.61e-01 -1.90e-01 -2.16e-01 -2.37e-01 -2.53e-01 -2.63e-01 -2.66e-01 -2.63e-01 -2.53e-01 -2.37e-01 -2.16e-01 -1.90e-01 -1.61e-01 -1.30e-01 -1.00e-01 -7.31e-02 -5.03e-02 -3.24e-02 -1.94e-02 -1.09e-02 -5.79e-03 -2.80e-03 -1.18e-03 -4.16e-04 -1.19e-04 -2.77e-05 -5.19e-06 -7.79e-07 -9.35e-08 -8.89e-09 -6.60e-10 -3.75e-11 -1.57e-12 -4.57e-14 -8.27e-16 -6.99e-18 6.99e-18 
-0.00e+00 0.00e+00 -1.84e-17 -2.11e-15 -1.13e-13 -3.73e-12 -8.55e-11 -1.44e-09 -1.86e-08 -1.86e-07 -1.48e-06 -9.30e-06 -4.68e-05 -1.89e-04 -6.15e-04 -1.63e-03 -3.62e-03 -7.04e-03 -1.27e-02 -2.16e-02 -3.46e-02 -5.17e-02 -7.27e-02 -9.67e-02 -1.22e-01 -1.47e-01 -1.70e-01 -1.90e-01 -2.04e-01 -2.13e-01 -2.17e-01 -2.13e-01 -2.04e-01 -1.90e-01 -1.70e-01 -1.47e-01 -1.22e-01 -9.67e-02 -7.27e-02 -5.17e-02 -3.46e-02 -2.16e-02 -1.27e-02 -7.04e-03 -3.62e-03 -1.63e-03 -6.15e-04 -1.89e-04 -4.68e-05 -9.30e-06 -1.48e-06 -1.86e-07 -1.86e-08 -1.44e-09 -8.55e-11 -3.73e-12 -1.13e-13 -2.11e-15 -1.84e-17 0.00e+00 -0.00e+00 
-0.00e+00 0.00e+00 0.00e+00 -4.30e-17 -4.75e-15 -2.45e-13 -7.79e-12 -1.72e-10 -2.78e-09 -3.41e-08 -3.26e-07 -2.45e-06 -1.46e-05 -6.94e-05 -2.64e-04 -8.05e-04 -2.00e-03 -4.20e-03 -7.78e-03 -1.34e-02 -2.19e-02 -3.37e-02 -4.86e-02 -6.62e-02 -8.55e-02 -1.05e-01 -1.24e-01 -1.40e-01 -1.52e-01 -1.60e-01 -1.62e-01 -1.60e-01 -1.52e-01 -1.40e-01 -1.24e-01 -1.05e-01 -8.55e-02 -6.62e-02 -4.86e-02 -3.37e-02 -2.19e-02 -1.34e-02 -7.78e-03 -4.20e-03 -2.00e-03 -8.05e-04 -2.64e-04 -6.94e-05 -1.46e-05 -2.45e-06 -3.26e-07 -3.41e-08 -2.78e-09 -1.72e-10 -7.79e-12 -2.45e-13 -4.75e-15 -4.30e-17 0.00e+00 0.00e+00 -0.00e+00 
-0.00e+00 0.00e+00 0.00e+00 0.00e+00 -8.93e-17 -9.52e-15 -4.72e-13 -1.44e-11 -3.04e-10 -4.71e-09 -5.53e-08 -5.02e-07 -3.58e-06 -2.02e-05 -9.07e-05 -3.25e-04 -9.34e-04 -2.20e-03 -4.40e-03 -7.82e-03 -1.30e-02 -2.03e-02 -3.00e-02 -4.17e-02 -5.50e-02 -6.90e-02 -8.25e-02 -9.44e-02 -1.04e-01 -1.10e-01 -1.12e-01 -1.10e-01 -1.04e-01 -9.44e-02 -8.25e-02 -6.90e-02 -5.50e-02 -4.17e-02 -3.00e-02 -2.03e-02 -1.30e-02 -7.82e-03 -4.40e-03 -2.20e-03 -9.34e-04 -3.25e-04 -9.07e-05 -2.02e-05 -3.58e-06 -5.02e-07 -5.53e-08 -4.71e-09 -3.04e-10 -1.44e-11 -4.72e-13 -9.52e-15 -8.93e-17 0.00e+00 0.00e+00 0.00e+00 -0.00e+00 
-0.00e+00 0.00e+00 0.00e+00 0.00e+00 0.00e+00 -1.66e-16 -1.70e-14 -8.10e-13 -2.38e-11 -4.80e-10 -7.09e-09 -7.92e-08 -6.84e-07 -4.62e-06 -2.47e-05 -1.04e-04 -3.53e-04 -9.63e-04 -2.16e-03 -4.15e-03 -7.14e-03 -1.14e-02 -1.72e-02 -2.43e-02 -3.27e-02 -4.17e-02 -5.05e-02 -5.86e-02 -6.49e-02 -6.90e-02 -7.04e-02 -6.90e-02 -6.49e-02 -5.86e-02 -5.05e-02 -4.17e-02 -3.27e-02 -2.43e-02 -1.72e-02 -1.14e-02 -7.14e-03 -4.15e-03 -2.16e-03 -9.63e-04 -3.53e-04 -1.04e-04 -2.47e-05 -4.62e-06 -6.84e-07 -7.92e-08 -7.09e-09 -4.80e-10 -2.38e-11 -8.10e-13 -1.70e-14 -1.66e-16 0.00e+00 0.00e+00 0.00e+00 0.00e+00 -0.00e+00 
-0.00e+00 0.00e+00 0.00e+00 0.00e+00 0.00e+00 0.00e+00 -2.76e-16 -2.73e-14 -1.24e-12 -3.49e-11 -6.74e-10 -9.48e-09 -1.01e-07 -8.25e-07 -5.28e-06 -2.66e-05 -1.06e-04 -3.40e-04 -8.82e-04 -1.90e-03 -3.52e-03 -5.87e-03 -9.08e-03 -1.32e-02 -1.80e-02 -2.33e-02 -2.86e-02 -3.35e-02 -3.74e-02 -4.00e-02 -4.09e-02 -4.00e-02 -3.74e-02 -3.35e-02 -2.86e-02 -2.33e-02 -1.80e-02 -1.32e-02 -9.08e-03 -5.87e-03 -3.52e-03 -1.90e-03 -8.82e-04 -3.40e-04 -1.06e-04 -2.66e-05 -5.28e-06 -8.25e-07 -1.01e-07 -9.48e-09 -6.74e-10 -3.49e-11 -1.24e-12 -2.73e-14 -2.76e-16 0.00e+00 0.00e+00 0.00e+00 0.00e+00 0.00e+00 -0.00e+00 
-0.00e+00 0.00e+00 0.00e+00 0.00e+00 0.00e+00 0.00e+00 0.00e+00 -4.15e-16 -3.92e-14 -1.71e-12 -4.60e-11 -8.45e-10 -1.13e-08 -1.14e-07 -8.83e-07 -5.34e-06 -2.54e-05 -9.58e-05 -2.90e-04 -7.16e-04 -1.48e-03 -2.67e-03 -4.33e-03 -6.49e-03 -9.09e-03 -1.20e-02 -1.49e-02 -1.77e-02 -1.99e-02 -2.14e-02 -2.19e-02 -2.14e-02 -1.99e-02 -1.77e-02 -1.49e-02 -1.20e-02 -9.09e-03 -6.49e-03 -4.33e-03 -2.67e-03 -1.48e-03 -7.16e-04 -2.90e-04 -9.58e-05 -2.54e-05 -5.34e-06 -8.83e-07 -1.14e-07 -1.13e-08 -8.45e-10 -4.60e-11 -1.71e-12 -3.92e-14 -4.15e-16 0.00e+00 0.00e+00 0.00e+00 0.00e+00 0.00e+00 0.00e+00 -0.00e+00 
-0.00e+00 0.00e+00 0.00e+00 0.00e+00 0.00e+00 0.00e+00 0.00e+00 0.00e+00 -5.61e-16 -5.08e-14 -2.12e-12 -5.42e-11 -9.48e-10 -1.20e-08 -1.15e-07 -8.39e-07 -4.78e-06 -2.14e-05 -7.62e-05 -2.19e-04 -5.15e-04 -1.03e-03 -1.79e-03 -2.83e-03 -4.12e-03 -5.58e-03 -7.10e-03 -8.52e-03 -9.69e-03 -1.05e-02 -1.07e-02 -1.05e-02 -9.69e-03 -8.52e-03 -7.10e-03 -5.58e-03 -4.12e-03 -2.83e-03 -1.79e-03 -1.03e-03 -5.15e-04 -2.19e-04 -7.62e-05 -2.14e-05 -4.78e-06 -8.39e-07 -1.15e-07 -1.20e-08 -9.48e-10 -5.42e-11 -2.12e-12 -5.08e-14 -5.61e-16 0.00e+00 0.00e+00 0.00e+00 0.00e+00 0.00e+00 0.00e+00 0.00e+00 -0.00e+00 
-0.00e+00 0.00e+00 0.00e+00 0.00e+00 0.00e+00 0.00e+00 0.00e+00 0.00e+00 0.00e+00 -6.86e-16 -5.93e-14 -2.36e-12 -5.73e-11 -9.51e-10 -1.14e-08 -1.03e-07 -7.07e-07 -3.79e-06 -1.60e-05 -5.35e-05 -1.45e-04 -3.26e-04 -6.27e-04 -1.06e-03 -1.63e-03 -2.29e-03 -3.00e-03 -3.67e-03 -4.23e-03 -4.60e-03 -4.73e-03 -4.60e-03 -4.23e-03 -3.67e-03 -3.00e-03 -2.29e-03 -1.63e-03 -1.06e-03 -6.27e-04 -3.26e-04 -1.45e-04 -5.35e-05 -1.60e-05 -3.79e-06 -7.07e-07 -1.03e-07 -1.14e-08 -9.51e-10 -5.73e-11 -2.36e-12 -5.93e-14 -6.86e-16 0.00e+00 0.00e+00 0.00e+00 0.00e+00 0.00e+00 0.00e+00 0.00e+00 0.00e+00 -0.00e+00 
-0.00e+00 0.00e+00 0.00e+00 0.00e+00 0.00e+00 0.00e+00 0.00e+00 0.00e+00 0.00e+00 0.00e+00 -7.58e-16 -6.25e-14 -2.36e-12 -5.44e-11 -8.54e-10 -9.66e-09 -8.18e-08 -5.29e-07 -2.65e-06 -1.05e-05 -3.30e-05 -8.47e-05 -1.82e-04 -3.35e-04 -5.48e-04 -8.11e-04 -1.10e-03 -1.38e-03 -1.62e-03 -1.78e-03 -1.84e-03 -1.78e-03 -1.62e-03 -1.38e-03 -1.10e-03 -8.11e-04 -5.48e-04 -3.35e-04 -1.82e-04 -8.47e-05 -3.30e-05 -1.05e-05 -2.65e-06 -5.29e-07 -8.18e-08 -9.66e-09 -8.54e-10 -5.44e-11 -2.36e-12 -6.25e-14 -7.58e-16 0.00e+00 0.00e+00 0.00e+00 0.00e+00 0.00e+00 0.00e+00 0.00e+00 0.00e+00 0.00e+00 -0.00e+00 
-0.00e+00 0.00e+00 0.00e+00 0.00e+00 0.00e+00 0.00e+00 0.00e+00 0.00e+00 0.00e+00 0.00e+00 0.00e+00 -7.58e-16 -5.94e-14 -2.13e-12 -4.64e-11 -6.85e-10 -7.29e-09 -5.78e-08 -3.50e-07 -1.64e-06 -6.05e-06 -1.79e-05 -4.32e-05 -8.81e-05 -1.56e-04 -2.44e-04 -3.46e-04 -4.50e-04 -5.39e-04 -6.00e-04 -6.22e-04 -6.00e-04 -5.39e-04 -4.50e-04 -3.46e-04 -2.44e-04 -1.56e-04 -8.81e-05 -4.32e-05 -1.79e-05 -6.05e-06 -1.64e-06 -3.50e-07 -5.78e-08 -7.29e-09 -6.85e-10 -4.64e-11 -2.13e-12 -5.94e-14 -7.58e-16 0.00e+00 0.00e+00 0.00e+00 0.00e+00 0.00e+00 0.00e+00 0.00e+00 0.00e+00 0.00e+00 0.00e+00 -0.00e+00 
-0.00e+00 0.00e+00 0.00e+00 0.00e+00 0.00e+00 0.00e+00 0.00e+00 0.00e+00 0.00e+00 0.00e+00 0.00e+00 0.00e+00 -6.86e-16 -5.09e-14 -1.73e-12 -3.54e-11 -4.92e-10 -4.90e-09 -3.63e-08 -2.04e-07 -8.90e-07 -3.06e-06 -8.44e-06 -1.92e-05 -3.70e-05 -6.21e-05 -9.28e-05 -1.25e-04 -1.54e-04 -1.74e-04 -1.81e-04 -1.74e-04 -1.54e-04 -1.25e-04 -9.28e-05 -6.21e-05 -3.70e-05 -1.92e-05 -8.44e-06 -3.06e-06 -8.90e-07 -2.04e-07 -3.63e-08 -4.90e-09 -4.92e-10 -3.54e-11 -1.73e-12 -5.09e-14 -6.86e-16 0.00e+00 0.00e+00 0.00e+00 0.00e+00 0.00e+00 0.00e+00 0.00e+00 0.00e+00 0.00e+00 0.00e+00 0.00e+00 -0.00e+00 
-0.00e+00 0.00e+00 0.00e+00 0.00e+00 0.00e+00 0.00e+00 0.00e+00 0.00e+00 0.00e+00 0.00e+00 0.00e+00 0.00e+00 0.00e+00 -5.61e-16 -3.94e-14 -1.26e-12 -2.42e-11 -3.14e-10 -2.92e-09 -2.01e-08 -1.05e-07 -4.22e-07 -1.34e-06 -3.45e-06 -7.34e-06 -1.33e-05 -2.11e-05 -2.96e-05 -3.75e-05 -4.31e-05 -4.51e-05 -4.31e-05 -3.75e-05 -2.96e-05 -2.11e-05 -1.33e-05 -7.34e-06 -3.45e-06 -1.34e-06 -4.22e-07 -1.05e-07 -2.01e-08 -2.92e-09 -3.14e-10 -2.42e-11 -1.26e-12 -3.94e-14 -5.61e-16 0.00e+00 0.00e+00 0.00e+00 0.00e+00 0.00e+00 0.00e+00 0.00e+00 0.00e+00 0.00e+00 0.00e+00 0.00e+00 0.00e+00 -0.00e+00 
-0.00e+00 0.00e+00 0.00e+00 0.00e+00 0.00e+00 0.00e+00 0.00e+00 0.00e+00 0.00e+00 0.00e+00 0.00e+00 0.00e+00 0.00e+00 0.00e+00 -4.15e-16 -2.74e-14 -8.21e-13 -1.48e-11 -1.79e-10 -1.54e-09 -9.76e-09 -4.69e-08 -1.74e-07 -5.11e-07 -1.21e-06 -2.40e-06 -4.05e-06 -5.98e-06 -7.82e-06 -9.16e-06 -9.64e-06 -9.16e-06 -7.82e-06 -5.98e-06 -4.05e-06 -2.40e-06 -1.21e-06 -5.11e-07 -1.74e-07 -4.69e-08 -9.76e-09 -1.54e-09 -1.79e-10 -1.48e-11 -8.21e-13 -2.74e-14 -4.15e-16 0.00e+00 0.00e+00 0.00e+00 0.00e+00 0.00e+00 0.00e+00 0.00e+00 0.00e+00 0.00e+00 0.00e+00 0.00e+00 0.00e+00 0.00e+00 -0.00e+00 
-0.00e+00 0.00e+00 0.00e+00 0.00e+00 0.00e+00 0.00e+00 0.00e+00 0.00e+00 0.00e+00 0.00e+00 0.00e+00 0.00e+00 0.00e+00 0.00e+00 0.00e+00 -2.76e-16 -1.71e-14 -4.79e-13 -8.02e-12 -8.98e-11 -7.12e-10 -4.15e-09 -1.83e-08 -6.20e-08 -1.66e-07 -3.62e-07 -6.60e-07 -1.03e-06 -1.39e-06 -1.67e-06 -1.77e-06 -1.67e-06 -1.39e-06 -1.03e-06 -6.60e-07 -3.62e-07 -1.66e-07 -6.20e-08 -1.83e-08 -4.15e-09 -7.12e-10 -8.98e-11 -8.02e-12 -4.79e-13 -1.71e-14 -2.76e-16 0.00e+00 0.00e+00 0.00e+00 0.00e+00 0.00e+00 0.00e+00 0.00e+00 0.00e+00 0.00e+00 0.00e+00 0.00e+00 0.00e+00 0.00e+00 0.00e+00 -0.00e+00 
-0.00e+00 0.00e+00 0.00e+00 0.00e+00 0.00e+00 0.00e+00 0.00e+00 0.00e+00 0.00e+00 0.00e+00 0.00e+00 0.00e+00 0.00e+00 0.00e+00 0.00e+00 0.00e+00 -1.66e-16 -9.60e-15 -2.50e-13 -3.86e-12 -3.98e-11 -2.89e-10 -1.53e-09 -6.12e-09 -1.88e-08 -4.58e-08 -9.07e-08 -1.50e-07 -2.13e-07 -2.60e-07 -2.78e-07 -2.60e-07 -2.13e-07 -1.50e-07 -9.07e-08 -4.58e-08 -1.88e-08 -6.12e-09 -1.53e-09 -2.89e-10 -3.98e-11 -3.86e-12 -2.50e-13 -9.60e-15 -1.66e-16 0.00e+00 0.00e+00 0.00e+00 0.00e+00 0.00e+00 0.00e+00 0.00e+00 0.00e+00 0.00e+00 0.00e+00 0.00e+00 0.00e+00 0.00e+00 0.00e+00 0.00e+00 -0.00e+00 
-0.00e+00 0.00e+00 0.00e+00 0.00e+00 0.00e+00 0.00e+00 0.00e+00 0.00e+00 0.00e+00 0.00e+00 0.00e+00 0.00e+00 0.00e+00 0.00e+00 0.00e+00 0.00e+00 0.00e+00 -8.93e-17 -4.80e-15 -1.15e-13 -1.64e-12 -1.54e-11 -1.02e-10 -4.87e-10 -1.75e-09 -4.82e-09 -1.05e-08 -1.87e-08 -2.77e-08 -3.49e-08 -3.76e-08 -3.49e-08 -2.77e-08 -1.87e-08 -1.05e-08 -4.82e-09 -1.75e-09 -4.87e-10 -1.02e-10 -1.54e-11 -1.64e-12 -1.15e-13 -4.80e-15 -8.93e-17 0.00e+00 0.00e+00 0.00e+00 0.00e+00 0.00e+00 0.00e+00 0.00e+00 0.00e+00 0.00e+00 0.00e+00 0.00e+00 0.00e+00 0.00e+00 0.00e+00 0.00e+00 0.00e+00 -0.00e+00 
-0.00e+00 0.00e+00 0.00e+00 0.00e+00 0.00e+00 0.00e+00 0.00e+00 0.00e+00 0.00e+00 0.00e+00 0.00e+00 0.00e+00 0.00e+00 0.00e+00 0.00e+00 0.00e+00 0.00e+00 0.00e+00 -4.30e-17 -2.13e-15 -4.70e-14 -6.10e-13 -5.19e-12 -3.07e-11 -1.31e-10 -4.18e-10 -1.02e-09 -1.97e-09 -3.09e-09 -4.01e-09 -4.37e-09 -4.01e-09 -3.09e-09 -1.97e-09 -1.02e-09 -4.18e-10 -1.31e-10 -3.07e-11 -5.19e-12 -6.10e-13 -4.70e-14 -2.13e-15 -4.30e-17 0.00e+00 0.00e+00 0.00e+00 0.00e+00 0.00e+00 0.00e+00 0.00e+00 0.00e+00 0.00e+00 0.00e+00 0.00e+00 0.00e+00 0.00e+00 0.00e+00 0.00e+00 0.00e+00 0.00e+00 -0.00e+00 
-0.00e+00 0.00e+00 0.00e+00 0.00e+00 0.00e+00 0.00e+00 0.00e+00 0.00e+00 0.00e+00 0.00e+00 0.00e+00 0.00e+00 0.00e+00 0.00e+00 0.00e+00 0.00e+00 0.00e+00 0.00e+00 0.00e+00 -1.84e-17 -8.38e-16 -1.68e-14 -1.97e-13 -1.50e-12 -7.89e-12 -2.97e-11 -8.27e-11 -1.76e-10 -2.94e-10 -3.97e-10 -4.38e-10 -3.97e-10 -2.94e-10 -1.76e-10 -8.27e-11 -2.97e-11 -7.89e-12 -1.50e-12 -1.97e-13 -1.68e-14 -8.38e-16 -1.84e-17 0.00e+00 0.00e+00 0.00e+00 0.00e+00 0.00e+00 0.00e+00 0.00e+00 0.00e+00 0.00e+00 0.00e+00 0.00e+00 0.00e+00 0.00e+00 0.00e+00 0.00e+00 0.00e+00 0.00e+00 0.00e+00 -0.00e+00 
-0.00e+00 0.00e+00 0.00e+00 0.00e+00 0.00e+00 0.00e+00 0.00e+00 0.00e+00 0.00e+00 0.00e+00 0.00e+00 0.00e+00 0.00e+00 0.00e+00 0.00e+00 0.00e+00 0.00e+00 0.00e+00 0.00e+00 0.00e+00 -1.40e-17 -5.78e-16 -1.05e-14 -1.09e-13 -7.35e-13 -3.37e-12 -1.09e-11 -2.61e-11 -4.71e-11 -6.64e-11 -7.42e-11 -6.64e-11 -4.71e-11 -2.61e-11 -1.09e-11 -3.37e-12 -7.35e-13 -1.09e-13 -1.05e-14 -5.78e-16 -1.40e-17 0.00e+00 0.00e+00 0.00e+00 0.00e+00 0.00e+00 0.00e+00 0.00e+00 0.00e+00 0.00e+00 0.00e+00 0.00e+00 0.00e+00 0.00e+00 0.00e+00 0.00e+00 0.00e+00 0.00e+00 0.00e+00 0.00e+00 -0.00e+00 
0.00e+00 -0.00e+00 -0.00e+00 -0.00e+00 -0.00e+00 -0.00e+00 -0.00e+00 -0.00e+00 -0.00e+00 -0.00e+00 -0.00e+00 -0.00e+00 -0.00e+00 -0.00e+00 -0.00e+00 -0.00e+00 -0.00e+00 -0.00e+00 -0.00e+00 -0.00e+00 1.40e-17 5.78e-16 1.05e-14 1.09e-13 7.35e-13 3.37e-12 1.09e-11 2.61e-11 4.71e-11 6.64e-11 7.42e-11 6.64e-11 4.71e-11 2.61e-11 1.09e-11 3.37e-12 7.35e-13 1.09e-13 1.05e-14 5.78e-16 1.40e-17 -0.00e+00 -0.00e+00 -0.00e+00 -0.00e+00 -0.00e+00 -0.00e+00 -0.00e+00 -0.00e+00 -0.00e+00 -0.00e+00 -0.00e+00 -0.00e+00 -0.00e+00 -0.00e+00 -0.00e+00 -0.00e+00 -0.00e+00 -0.00e+00 -0.00e+00 0.00e+00 
