0.00e+00 -0.00e+00 -0.00e+00 -0.00e+00 -0.00e+00 -0.00e+00 -0.00e+00 -0.00e+00 -0.00e+00 -0.00e+00 -0.00e+00 -0.00e+00 -0.00e+00 -0.00e+00 -0.00e+00 -0.00e+00 -0.00e+00 -0.00e+00 -0.00e+00 -0.00e+00 -0.00e+00 -0.00e+00 -0.00e+00 -0.00e+00 -0.00e+00 -0.00e+00 -6.48e-18 -1.07e-16 -6.58e-16 -1.88e-15 -2.65e-15 -1.88e-15 -6.58e-16 -1.07e-16 -6.48e-18 -0.00e+00 -0.00e+00 -0.00e+00 -0.00e+00 -0.00e+00 -0.00e+00 -0.00e+00 -0.00e+00 -0.00e+00 -0.00e+00 -0.00e+00 -0.00e+00 -0.00e+00 -0.00e+00 -0.00e+00 -0.00e+00 -0.00e+00 -0.00e+00 -0.00e+00 -0.00e+00 -0.00e+00 -0.00e+00 -0.00e+00 -0.00e+00 -0.00e+00 0.00e+00 
-0.00e+00 0.00e+00 0.00e+00 0.00e+00 0.00e+00 0.00e+00 0.00e+00 0.00e+00 0.00e+00 0.00e+00 0.00e+00 0.00e+00 0.00e+00 0.00e+00 0.00e+00 0.00e+00 0.00e+00 0.00e+00 0.00e+00 0.00e+00 0.00e+00 0.00e+00 0.00e+00 0.00e+00 0.00e+00 0.00e+00 6.48e-18 1.07e-16 6.58e-16 1.88e-15 2.65e-15 1.88e-15 6.58e-16 1.07e-16 6.48e-18 0.00e+00 0.00e+00 0.00e+00 0.00e+00 0.00e+00 0.00e+00 0.00e+00 0.00e+00 0.00e+00 0.00e+00 0.00e+00 0.00e+00 0.00e+00 0.00e+00 0.00e+00 0.00e+00 0.00e+00 0.00e+00 0.00e+00 0.00e+00 0.00e+00 0.00e+00 0.00e+00 0.00e+00 0.00e+00 -0.00e+00 
-0.00e+00 0.00e+00 0.00e+00 0.00e+00 0.00e+00 0.00e+00 0.00e+00 0.00e+00 0.00e+00 0.00e+00 0.00e+00 0.00e+00 0.00e+00 0.00e+00 0.00e+00 0.00e+00 0.00e+00 0.00e+00 0.00e+00 0.00e+00 0.00e+00 0.00e+00 0.00e+00 0.00e+00 0.00e+00 3.63e-17 7.57e-16 6.19e-15 2.55e-14 5.75e-14 7.44e-14 5.75e-14 2.55e-14 6.19e-15 7.57e-16 3.63e-17 0.00e+00 0.00e+00 0.00e+00 0.00e+00 0.00e+00 0.00e+00 0.00e+00 0.00e+00 0.00e+00 0.00e+00 0.00e+00 0.00e+00 0.00e+00 0.00e+00 0.00e+00 0.00e+00 0.00e+00 0.00e+00 0.00e+00 0.00e+00 0.00e+00 0.00e+00 0.00e+00 0.00e+00 -0.00e+00 
-0.00e+00 0.00e+00 0.00e+00 0.00e+00 0.00e+00 0.00e+00 0.00e+00 0.00e+00 0.00e+00 0.00e+00 0.00e+00 0.00e+00 0.00e+00 0.00e+00 0.00e+00 0.00e+00 0.00e+00 0.00e+00 0.00e+00 0.00e+00 0.00e+00 0.00e+00 0.00e+00 0.00e+00 1.63e-16 4.09e-15 4.15e-14 2.22e-13 6.92e-13 1.32e-12 1.62e-12 1.32e-12 6.92e-13 2.22e-13 4.15e-14 4.09e-15 1.63e-16 0.00e+00 0.00e+00 0.00e+00 0.00e+00 0.00e+00 0.00e+00 0.00e+00 0.00e+00 0.00e+00 0.00e+00 0.00e+00 0.00e+00 0.00e+00 0.00e+00 0.00e+00 0.00e+00 0.00e+00 0.00e+00 0.00e+00 0.00e+00 0.00e+00 0.00e+00 0.00e+00 -0.00e+00 
-0.00e+00 0.00e+00 0.00e+00 0.00e+00 0.00e+00 0.00e+00 0.00e+00 0.00e+00 0.00e+00 0.00e+00 0.00e+00 0.00e+00 0.00e+00 0.00e+00 0.00e+00 0.00e+00 0.00e+00 0.00e+00 0.00e+00 0.00e+00 0.00e+00 0.00e+00 0.00e+00 6.06e-16 1.77e-14 2.15e-13 1.42e-12 5.64e-12 1.43e-11 2.42e-11 2.87e-11 2.42e-11 1.43e-11 5.64e-12 1.42e-12 2.15e-13 1.77e-14 6.06e-16 0.00e+00 0.00e+00 0.00e+00 0.00e+00 0.00e+00 0.00e+00 0.00e+00 0.00e+00 0.00e+00 0.00e+00 0.00e+00 0.00e+00 0.00e+00 0.00e+00 0.00e+00 0.00e+00 0.00e+00 0.00e+00 0.00e+00 0.00e+00 0.00e+00 0.00e+00 -0.00e+00 
-0.00e+00 0.00e+00 0.00e+00 0.00e+00 0.00e+00 0.00e+00 0.00e+00 0.00e+00 0.00e+00 0.00e+00 0.00e+00 0.00e+00 0.00e+00 0.00e+00 0.00e+00 0.00e+00 0.00e+00 0.00e+00 0.00e+00 0.00e+00 0.00e+00 0.00e+00 1.89e-15 6.32e-14 8.92e-13 7.00e-12 3.39e-11 1.07e-10 2.32e-10 3.60e-10 4.15e-10 3.60e-10 2.32e-10 1.07e-10 3.39e-11 7.00e-12 8.92e-13 6.32e-14 1.89e-15 0.00e+00 0.00e+00 0.00e+00 0.00e+00 0.00e+00 0.00e+00 0.00e+00 0.00e+00 0.00e+00 0.00e+00 0.00e+00 0.00e+00 0.00e+00 0.00e+00 0.00e+00 0.00e+00 0.00e+00 0.00e+00 0.00e+00 0.00e+00 0.00e+00 -0.00e+00 
-0.00e+00 0.00e+00 0.00e+00 0.00e+00 0.00e+00 0.00e+00 0.00e+00 0.00e+00 0.00e+00 0.00e+00 0.00e+00 0.00e+00 0.00e+00 0.00e+00 0.00e+00 0.00e+00 0.00e+00 0.00e+00 0.00e+00 0.00e+00 0.00e+00 5.05e-15 1.89e-13 3.05e-12 2.77e-11 1.58e-10 6.01e-10 1.59e-09 3.04e-09 4.40e-09 4.97e-09 4.40e-09 3.04e-09 1.59e-09 6.01e-10 1.58e-10 2.77e-11 3.05e-12 1.89e-13 5.05e-15 0.00e+00 0.00e+00 0.00e+00 0.00e+00 0.00e+00 0.00e+00 0.00e+00 0.00e+00 0.00e+00 0.00e+00 0.00e+00 0.00e+00 0.00e+00 0.00e+00 0.00e+00 0.00e+00 0.00e+00 0.00e+00 0.00e+00 0.00e+00 -0.00e+00 
-0.00e+00 0.00e+00 0.00e+00 0.00e+00 0.00e+00 0.00e+00 0.00e+00 0.00e+00 0.00e+00 0.00e+00 0.00e+00 0.00e+00 0.00e+00 0.00e+00 0.00e+00 0.00e+00 0.00e+00 0.00e+00 0.00e+00 0.00e+00 1.16e-14 4.84e-13 8.75e-12 9.04e-11 5.95e-10 2.64e-09 8.22e-09 1.87e-08 3.25e-08 4.46e-08 4.95e-08 4.46e-08 3.25e-08 1.87e-08 8.22e-09 2.64e-09 5.95e-10 9.04e-11 8.75e-12 4.84e-13 1.16e-14 0.00e+00 0.00e+00 0.00e+00 0.00e+00 0.00e+00 0.00e+00 0.00e+00 0.00e+00 0.00e+00 0.00e+00 0.00e+00 0.00e+00 0.00e+00 0.00e+00 0.00e+00 0.00e+00 0.00e+00 0.00e+00 0.00e+00 -0.00e+00 
-0.00e+00 0.00e+00 0.00e+00 0.00e+00 0.00e+00 0.00e+00 0.00e+00 0.00e+00 0.00e+00 0.00e+00 0.00e+00 0.00e+00 0.00e+00 0.00e+00 0.00e+00 0.00e+00 0.00e+00 0.00e+00 0.00e+00 2.32e-14 1.06e-12 2.13e-11 2.47e-10 1.84e-09 9.35e-09 3.36e-08 8.87e-08 1.79e-07 2.86e-07 3.76e-07 4.11e-07 3.76e-07 2.86e-07 1.79e-07 8.87e-08 3.36e-08 9.35e-09 1.84e-09 2.47e-10 2.13e-11 1.06e-12 2.32e-14 0.00e+00 0.00e+00 0.00e+00 0.00e+00 0.00e+00 0.00e+00 0.00e+00 0.00e+00 0.00e+00 0.00e+00 0.00e+00 0.00e+00 0.00e+00 0.00e+00 0.00e+00 0.00e+00 0.00e+00 0.00e+00 -0.00e+00 
-0.00e+00 0.00e+00 0.00e+00 0.00e+00 0.00e+00 0.00e+00 0.00e+00 0.00e+00 0.00e+00 0.00e+00 0.00e+00 0.00e+00 0.00e+00 0.00e+00 0.00e+00 0.00e+00 0.00e+00 0.00e+00 4.07e-14 2.03e-12 4.47e-11 5.73e-10 4.77e-09 2.73e-08 1.11e-07 3.34e-07 7.66e-07 1.39e-06 2.09e-06 2.64e-06 2.85e-06 2.64e-06 2.09e-06 1.39e-06 7.66e-07 3.34e-07 1.11e-07 2.73e-08 4.77e-09 5.73e-10 4.47e-11 2.03e-12 4.07e-14 0.00e+00 0.00e+00 0.00e+00 0.00e+00 0.00e+00 0.00e+00 0.00e+00 0.00e+00 0.00e+00 0.00e+00 0.00e+00 0.00e+00 0.00e+00 0.00e+00 0.00e+00 0.00e+00 0.00e+00 -0.00e+00 
-0.00e+00 0.00e+00 0.00e+00 0.00e+00 0.00e+00 0.00e+00 0.00e+00 0.00e+00 0.00e+00 0.00e+00 0.00e+00 0.00e+00 0.00e+00 0.00e+00 0.00e+00 0.00e+00 0.00e+00 6.26e-14 3.38e-12 8.12e-11 1.14e-09 1.05e-08 6.68e-08 3.05e-07 1.03e-06 2.63e-06 5.35e-06 8.93e-06 1.27e-05 1.55e-05 1.66e-05 1.55e-05 1.27e-05 8.93e-06 5.35e-06 2.63e-06 1.03e-06 3.05e-07 6.68e-08 1.05e-08 1.14e-09 8.12e-11 3.38e-12 6.26e-14 0.00e+00 0.00e+00 0.00e+00 0.00e+00 0.00e+00 0.00e+00 0.00e+00 0.00e+00 0.00e+00 0.00e+00 0.00e+00 0.00e+00 0.00e+00 0.00e+00 0.00e+00 0.00e+00 -0.00e+00 
-0.00e+00 0.00e+00 0.00e+00 0.00e+00 0.00e+00 0.00e+00 0.00e+00 0.00e+00 0.00e+00 0.00e+00 0.00e+00 0.00e+00 0.00e+00 0.00e+00 0.00e+00 0.00e+00 8.49e-14 4.94e-12 1.28e-10 1.96e-09 1.98e-08 1.39e-07 7.00e-07 2.62e-06 7.43e-06 1.66e-05 3.04e-05 4.72e-05 6.37e-05 7.59e-05 8.03e-05 7.59e-05 6.37e-05 4.72e-05 3.04e-05 1.66e-05 7.43e-06 2.62e-06 7.00e-07 1.39e-07 1.98e-08 1.96e-09 1.28e-10 4.94e-12 8.49e-14 0.00e+00 0.00e+00 0.00e+00 0.00e+00 0.00e+00 0.00e+00 0.00e+00 0.00e+00 0.00e+00 0.00e+00 0.00e+00 0.00e+00 0.00e+00 0.00e+00 0.00e+00 -0.00e+00 
-0.00e+00 0.00e+00 0.00e+00 0.00e+00 0.00e+00 0.00e+00 0.00e+00 0.00e+00 0.00e+00 0.00e+00 0.00e+00 0.00e+00 0.00e+00 0.00e+00 0.00e+00 1.02e-13 6.35e-12 1.77e-10 2.94e-09 3.21e-08 2.46e-07 1.36e-06 5.60e-06 1.75e-05 4.25e-05 8.42e-05 1.41e-04 2.06e-04 2.67e-04 3.10e-04 3.26e-04 3.10e-04 2.67e-04 2.06e-04 1.41e-04 8.42e-05 4.25e-05 1.75e-05 5.60e-06 1.36e-06 2.46e-07 3.21e-08 2.94e-09 1.77e-10 6.35e-12 1.02e-13 0.00e+00 0.00e+00 0.00e+00 0.00e+00 0.00e+00 0.00e+00 0.00e+00 0.00e+00 0.00e+00 0.00e+00 0.00e+00 0.00e+00 0.00e+00 0.00e+00 -0.00e+00 
-0.00e+00 0.00e+00 0.00e+00 0.00e+00 0.00e+00 0.00e+00 0.00e+00 0.00e+00 0.00e+00 0.00e+00 0.00e+00 0.00e+00 0.00e+00 0.00e+00 1.08e-13 7.19e-12 2.15e-10 3.82e-09 4.52e-08 3.76e-07 2.27e-06 1.02e-05 3.45e-05 9.12e-05 1.94e-04 3.46e-04 5.38e-04 7.45e-04 9.32e-04 1.06e-03 1.11e-03 1.06e-03 9.32e-04 7.45e-04 5.38e-04 3.46e-04 1.94e-04 9.12e-05 3.45e-05 1.02e-05 2.27e-06 3.76e-07 4.52e-08 3.82e-09 2.15e-10 7.19e-12 1.08e-13 0.00e+00 0.00e+00 0.00e+00 0.00e+00 0.00e+00 0.00e+00 0.00e+00 0.00e+00 0.00e+00 0.00e+00 0.00e+00 0.00e+00 0.00e+00 -0.00e+00 
-0.00e+00 0.00e+00 0.00e+00 0.00e+00 0.00e+00 0.00e+00 0.00e+00 0.00e+00 0.00e+00 0.00e+00 0.00e+00 0.00e+00 0.00e+00 1.02e-13 7.18e-12 2.29e-10 4.36e-09 5.54e-08 4.96e-07 3.24e-06 1.58e-05 5.81e-05 1.65e-04 3.75e-04 7.08e-04 1.16e-03 1.70e-03 2.25e-03 2.74e-03 3.07e-03 3.19e-03 3.07e-03 2.74e-03 2.25e-03 1.70e-03 1.16e-03 7.08e-04 3.75e-04 1.65e-04 5.81e-05 1.58e-05 3.24e-06 4.96e-07 5.54e-08 4.36e-09 2.29e-10 7.18e-12 1.02e-13 0.00e+00 0.00e+00 0.00e+00 0.00e+00 0.00e+00 0.00e+00 0.00e+00 0.00e+00 0.00e+00 0.00e+00 0.00e+00 0.00e+00 -0.00e+00 
-0.00e+00 0.00e+00 0.00e+00 0.00e+00 0.00e+00 0.00e+00 0.00e+00 0.00e+00 0.00e+00 0.00e+00 0.00e+00 0.00e+00 8.49e-14 6.33e-12 2.14e-10 4.34e-09 5.90e-08 5.68e-07 3.99e-06 2.10e-05 8.34e-05 2.55e-04 6.17e-04 1.23e-03 2.10e-03 3.21e-03 4.49e-03 5.77e-03 6.88e-03 7.64e-03 7.91e-03 7.64e-03 6.88e-03 5.77e-03 4.49e-03 3.21e-03 2.10e-03 1.23e-03 6.17e-04 2.55e-04 8.34e-05 2.10e-05 3.99e-06 5.68e-07 5.90e-08 4.34e-09 2.14e-10 6.33e-12 8.49e-14 0.00e+00 0.00e+00 0.00e+00 0.00e+00 0.00e+00 0.00e+00 0.00e+00 0.00e+00 0.00e+00 0.00e+00 0.00e+00 -0.00e+00 
-0.00e+00 0.00e+00 0.00e+00 0.00e+00 0.00e+00 0.00e+00 0.00e+00 0.00e+00 0.00e+00 0.00e+00 0.00e+00 6.26e-14 4.92e-12 1.76e-10 3.79e-09 5.48e-08 5.63e-07 4.25e-06 2.40e-05 1.03e-04 3.37e-04 8.67e-04 1.81e-03 3.23e-03 5.16e-03 7.55e-03 1.02e-02 1.29e-02 1.52e-02 1.67e-02 1.73e-02 1.67e-02 1.52e-02 1.29e-02 1.02e-02 7.55e-03 5.16e-03 3.23e-03 1.81e-03 8.67e-04 3.37e-04 1.03e-04 2.40e-05 4.25e-06 5.63e-07 5.48e-08 3.79e-09 1.76e-10 4.92e-12 6.26e-14 0.00e+00 0.00e+00 0.00e+00 0.00e+00 0.00e+00 0.00e+00 0.00e+00 0.00e+00 0.00e+00 0.00e+00 -0.00e+00 
-0.00e+00 0.00e+00 0.00e+00 0.00e+00 0.00e+00 0.00e+00 0.00e+00 0.00e+00 0.00e+00 0.00e+00 4.07e-14 3.36e-12 1.27e-10 2.88e-09 4.43e-08 4.85e-07 3.91e-06 2.37e-05 1.09e-04 3.82e-04 1.05e-03 2.30e-03 4.29e-03 7.13e-03 1.09e-02 1.56e-02 2.08e-02 2.59e-02 3.03e-02 3.32e-02 3.43e-02 3.32e-02 3.03e-02 2.59e-02 2.08e-02 1.56e-02 1.09e-02 7.13e-03 4.29e-03 2.30e-03 1.05e-03 3.82e-04 1.09e-04 2.37e-05 3.91e-06 4.85e-07 4.43e-08 2.88e-09 1.27e-10 3.36e-12 4.07e-14 0.00e+00 0.00e+00 0.00e+00 0.00e+00 0.00e+00 0.00e+00 0.00e+00 0.00e+00 0.00e+00 -0.00e+00 
-0.00e+00 0.00e+00 0.00e+00 0.00e+00 0.00e+00 0.00e+00 0.00e+00 0.00e+00 0.00e+00 2.32e-14 2.01e-12 7.98e-11 1.92e-09 3.11e-08 3.62e-07 3.11e-06 2.01e-05 9.87e-05 3.72e-04 1.09e-03 2.54e-03 4.94e-03 8.57e-03 1.38e-02 2.09e-02 2.94e-02 3.87e-02 4.79e-02 5.57e-02 6.09e-02 6.27e-02 6.09e-02 5.57e-02 4.79e-02 3.87e-02 2.94e-02 2.09e-02 1.38e-02 8.57e-03 4.94e-03 2.54e-03 1.09e-03 3.72e-04 9.87e-05 2.01e-05 3.11e-06 3.62e-07 3.11e-08 1.92e-09 7.98e-11 2.01e-12 2.32e-14 0.00e+00 0.00e+00 0.00e+00 0.00e+00 0.00e+00 0.00e+00 0.00e+00 0.00e+00 -0.00e+00 
-0.00e+00 0.00e+00 0.00e+00 0.00e+00 0.00e+00 0.00e+00 0.00e+00 0.00e+00 1.16e-14 1.05e-12 4.37e-11 1.10e-09 1.89e-08 2.33e-07 2.13e-06 1.46e-05 7.70e-05 3.11e-04 9.76e-04 2.43e-03 4.99e-03 9.08e-03 1.54e-02 2.47e-02 3.68e-02 5.12e-02 6.68e-02 8.18e-02 9.44e-02 1.03e-01 1.06e-01 1.03e-01 9.44e-02 8.18e-02 6.68e-02 5.12e-02 3.68e-02 2.47e-02 1.54e-02 9.08e-03 4.99e-03 2.43e-03 9.76e-04 3.11e-04 7.70e-05 1.46e-05 2.13e-06 2.33e-07 1.89e-08 1.10e-09 4.37e-11 1.05e-12 1.16e-14 0.00e+00 0.00e+00 0.00e+00 0.00e+00 0.00e+00 0.00e+00 0.00e+00 -0.00e+00 
-0.00e+00 0.00e+00 0.00e+00 0.00e+00 0.00e+00 0.00e+00 0.00e+00 5.05e-15 4.77e-13 2.07e-11 5.49e-10 9.91e-09 1.29e-07 1.25e-06 9.14e-06 5.14e-05 2.23e-04 7.53e-04 2.01e-03 4.41e-03 8.51e-03 1.53e-02 2.59e-02 4.08e-02 5.97e-02 8.21e-02 1.06e-01 1.28e-01 1.47e-01 1.59e-01 1.64e-01 1.59e-01 1.47e-01 1.28e-01 1.06e-01 8.21e-02 5.97e-02 4.08e-02 2.59e-02 1.53e-02 8.51e-03 4.41e-03 2.01e-03 7.53e-04 2.23e-04 5.14e-05 9.14e-06 1.25e-06 1.29e-07 9.91e-09 5.49e-10 2.07e-11 4.77e-13 5.05e-15 0.00e+00 0.00e+00 0.00e+00 0.00e+00 0.00e+00 0.00e+00 -0.00e+00 
-0.00e+00 0.00e+00 0.00e+00 0.00e+00 0.00e+00 0.00e+00 1.89e-15 1.86e-13 8.45e-12 2.34e-10 4.43e-09 6.08e-08 6.22e-07 4.86e-06 2.92e-05 1.36e-04 4.98e-04 1.44e-03 3.42e-03 7.06e-03 1.34e-02 2.41e-02 4.00e-02 6.16e-02 8.90e-02 1.20e-01 1.53e-01 1.84e-01 2.10e-01 2.27e-01 2.33e-01 2.27e-01 2.10e-01 1.84e-01 1.53e-01 1.20e-01 8.90e-02 6.16e-02 4.00e-02 2.41e-02 1.34e-02 7.06e-03 3.42e-03 1.44e-03 4.98e-04 1.36e-04 2.92e-05 4.86e-06 6.22e-07 6.08e-08 4.43e-09 2.34e-10 8.45e-12 1.86e-13 1.89e-15 0.00e+00 0.00e+00 0.00e+00 0.00e+00 0.00e+00 -0.00e+00 
-0.00e+00 0.00e+00 0.00e+00 0.00e+00 0.00e+00 6.06e-16 6.19e-14 2.92e-12 8.46e-11 1.68e-09 2.42e-08 2.62e-07 2.18e-06 1.40e-05 7.07e-05 2.81e-04 8.89e-04 2.31e-03 5.15e-03 1.04e-02 1.97e-02 3.45e-02 5.62e-02 8.54e-02 1.22e-01 1.62e-01 2.05e-01 2.45e-01 2.77e-01 2.99e-01 3.07e-01 2.99e-01 2.77e-01 2.45e-01 2.05e-01 1.62e-01 1.22e-01 8.54e-02 5.62e-02 3.45e-02 1.97e-02 1.04e-02 5.15e-03 2.31e-03 8.89e-04 2.81e-04 7.07e-05 1.40e-05 2.18e-06 2.62e-07 2.42e-08 1.68e-09 8.46e-11 2.92e-12 6.19e-14 6.06e-16 0.00e+00 0.00e+00 0.00e+00 0.00e+00 -0.00e+00 
-0.00e+00 0.00e+00 0.00e+00 0.00e+00 1.63e-16 1.73e-14 8.46e-13 2.55e-11 5.30e-10 8.04e-09 9.20e-08 8.14e-07 5.63e-06 3.07e-05 1.33e-04 4.66e-04 1.34e-03 3.27e-03 7.08e-03 1.41e-02 2.62e-02 4.51e-02 7.25e-02 1.09e-01 1.53e-01 2.02e-01 2.52e-01 3.00e-01 3.40e-01 3.68e-01 3.78e-01 3.68e-01 3.40e-01 3.00e-01 2.52e-01 2.02e-01 1.53e-01 1.09e-01 7.25e-02 4.51e-02 2.62e-02 1.41e-02 7.08e-03 3.27e-03 1.34e-03 4.66e-04 1.33e-04 3.07e-05 5.63e-06 8.14e-07 9.20e-08 8.04e-09 5.30e-10 2.55e-11 8.46e-13 1.73e-14 1.63e-16 0.00e+00 0.00e+00 0.00e+00 -0.00e+00 
-0.00e+00 0.00e+00 0.00e+00 3.63e-17 3.96e-15 2.01e-13 6.31e-12 1.37e-10 2.18e-09 2.64e-08 2.49e-07 1.86e-06 1.10e-05 5.27e-05 2.05e-04 6.56e-04 1.77e-03 4.16e-03 8.83e-03 1.73e-02 3.17e-02 5.40e-02 8.55e-02 1.26e-01 1.75e-01 2.30e-01 2.87e-01 3.43e-01 3.92e-01 4.28e-01 4.42e-01 4.28e-01 3.92e-01 3.43e-01 2.87e-01 2.30e-01 1.75e-01 1.26e-01 8.55e-02 5.40e-02 3.17e-02 1.73e-02 8.83e-03 4.16e-03 1.77e-03 6.56e-04 2.05e-04 5.27e-05 1.10e-05 1.86e-06 2.49e-07 2.64e-08 2.18e-09 1.37e-10 6.31e-12 2.01e-13 3.96e-15 3.63e-17 0.00e+00 0.00e+00 -0.00e+00 
-0.00e+00 0.00e+00 6.48e-18 7.27e-16 3.81e-14 1.24e-12 2.81e-11 4.71e-10 6.06e-09 6.11e-08 4.93e-07 3.21e-06 1.70e-05 7.38e-05 2.66e-04 8.02e-04 2.07e-03 4.74e-03 9.91e-03 1.93e-02 3.49e-02 5.85e-02 9.13e-02 1.34e-01 1.84e-01 2.41e-01 3.03e-01 3.68e-01 4.31e-01 4.84e-01 5.07e-01 4.84e-01 4.31e-01 3.68e-01 3.03e-01 2.41e-01 1.84e-01 1.34e-01 9.13e-02 5.85e-02 3.49e-02 1.93e-02 9.91e-03 4.74e-03 2.07e-03 8.02e-04 2.66e-04 7.38e-05 1.70e-05 3.21e-06 4.93e-07 6.11e-08 6.06e-09 4.71e-10 2.81e-11 1.24e-12 3.81e-14 7.27e-16 6.48e-18 0.00e+00 -0.00e+00 
-1.79e-18 1.79e-18 1.03e-16 5.53e-15 1.86e-13 4.41e-12 7.78e-11 1.06e-09 1.16e-08 1.02e-07 7.30e-07 4.32e-06 2.11e-05 8.59e-05 2.93e-04 8.47e-04 2.13e-03 4.79e-03 9.93e-03 1.91e-02 3.41e-02 5.66e-02 8.78e-02 1.27e-01 1.75e-01 2.31e-01 2.96e-01 3.71e-01 4.59e-01 5.47e-01 5.95e-01 5.47e-01 4.59e-01 3.71e-01 2.96e-01 2.31e-01 1.75e-01 1.27e-01 8.78e-02 5.66e-02 3.41e-02 1.91e-02 9.93e-03 4.79e-03 2.13e-03 8.47e-04 2.93e-04 8.59e-05 2.11e-05 4.32e-06 7.30e-07 1.02e-07 1.16e-08 1.06e-09 7.78e-11 4.41e-12 1.86e-13 5.53e-15 1.03e-16 8.93e-19 -8.93e-19 
-2.08e-17 2.08e-17 5.72e-16 1.99e-14 4.90e-13 9.14e-12 1.34e-10 1.59e-09 1.54e-08 1.23e-07 8.19e-07 4.54e-06 2.11e-05 8.18e-05 2.69e-04 7.57e-04 1.87e-03 4.16e-03 8.53e-03 1.63e-02 2.89e-02 4.76e-02 7.31e-02 1.06e-01 1.46e-01 1.96e-01 2.59e-01 3.46e-01 4.72e-01 6.36e-01 7.71e-01 6.36e-01 4.72e-01 3.46e-01 2.59e-01 1.96e-01 1.46e-01 1.06e-01 7.31e-02 4.76e-02 2.89e-02 1.63e-02 8.53e-03 4.16e-03 1.87e-03 7.57e-04 2.69e-04 8.18e-05 2.11e-05 4.54e-06 8.19e-07 1.23e-07 1.54e-08 1.59e-09 1.34e-10 9.14e-12 4.90e-13 1.99e-14 5.72e-16 1.03e-17 -1.03e-17 
-7.31e-17 7.31e-17 1.30e-15 3.33e-14 6.62e-13 1.06e-11 1.39e-10 1.50e-09 1.36e-08 1.03e-07 6.56e-07 3.49e-06 1.56e-05 5.91e-05 1.90e-04 5.26e-04 1.28e-03 2.83e-03 5.80e-03 1.10e-02 1.94e-02 3.17e-02 4.87e-02 7.06e-02 9.79e-02 1.34e-01 1.86e-01 2.74e-01 4.38e-01 7.51e-01 1.21e+00 7.51e-01 4.38e-01 2.74e-01 1.86e-01 1.34e-01 9.79e-02 7.06e-02 4.87e-02 3.17e-02 1.94e-02 1.10e-02 5.80e-03 2.83e-03 1.28e-03 5.26e-04 1.90e-04 5.91e-05 1.56e-05 3.49e-06 6.56e-07 1.03e-07 1.36e-08 1.50e-09 1.39e-10 1.06e-11 6.62e-13 3.33e-14 1.30e-15 3.59e-17 -3.59e-17 
-6.32e-17 6.32e-17 8.27e-16 1.78e-14 3.19e-13 4.79e-12 6.00e-11 6.27e-10 5.49e-09 4.05e-08 2.51e-07 1.31e-06 5.80e-06 2.16e-05 6.85e-05 1.88e-04 4.58e-04 1.01e-03 2.05e-03 3.87e-03 6.85e-03 1.12e-02 1.71e-02 2.47e-02 3.47e-02 4.85e-02 7.14e-02 1.20e-01 2.55e-01 7.17e-01 2.58e+00 7.17e-01 2.55e-01 1.20e-01 7.14e-02 4.85e-02 3.47e-02 2.47e-02 1.71e-02 1.12e-02 6.85e-03 3.87e-03 2.05e-03 1.01e-03 4.58e-04 1.88e-04 6.85e-05 2.16e-05 5.80e-06 1.31e-06 2.51e-07 4.05e-08 5.49e-09 6.27e-10 6.00e-11 4.79e-12 3.19e-13 1.78e-14 8.26e-16 3.06e-17 -3.06e-17 
6.32e-17 -6.32e-17 -8.27e-16 -1.78e-14 -3.19e-13 -4.79e-12 -6.00e-11 -6.27e-10 -5.49e-09 -4.05e-08 -2.51e-07 -1.31e-06 -5.80e-06 -2.16e-05 -6.85e-05 -1.88e-04 -4.58e-04 -1.01e-03 -2.05e-03 -3.87e-03 -6.85e-03 -1.12e-02 -1.71e-02 -2.47e-02 -3.47e-02 -4.85e-02 -7.14e-02 -1.20e-01 -2.55e-01 -7.17e-01 -2.58e+00 -7.17e-01 -2.55e-01 -1.20e-01 -7.14e-02 -4.85e-02 -3.47e-02 -2.47e-02 -1.71e-02 -1.12e-02 -6.85e-03 -3.87e-03 -2.05e-03 -1.01e-03 -4.58e-04 -1.88e-04 -6.85e-05 -2.16e-05 -5.80e-06 -1.31e-06 -2.51e-07 -4.05e-08 -5.49e-09 -6.27e-10 -6.00e-11 -4.79e-12 -3.19e-13 -1.78e-14 -8.26e-16 -3.06e-17 3.06e-17 
7.31e-17 -7.31e-17 -1.30e-15 -3.33e-14 -6.62e-13 -1.06e-11 -1.39e-10 -1.50e-09 -1.36e-08 -1.03e-07 -6.56e-07 -3.49e-06 -1.56e-05 -5.91e-05 -1.90e-04 -5.26e-04 -1.28e-03 -2.83e-03 -5.80e-03 -1.10e-02 -1.94e-02 -3.17e-02 -4.87e-02 -7.06e-02 -9.79e-02 -1.34e-01 -1.86e-01 -2.74e-01 -4.38e-01 -7.51e-01 -1.21e+00 -7.51e-01 -4.38e-01 -2.74e-01 -1.86e-01 -1.34e-01 -9.79e-02 -7.06e-02 -4.87e-02 -3.17e-02 -1.94e-02 -1.10e-02 -5.80e-03 -2.83e-03 -1.28e-03 -5.26e-04 -1.90e-04 -5.91e-05 -1.56e-05 -3.49e-06 -6.56e-07 -1.03e-07 -1.36e-08 -1.50e-09 -1.39e-10 -1.06e-11 -6.62e-13 -3.33e-14 -1.30e-15 -3.59e-17 3.59e-17 
2.08e-17 -2.08e-17 -5.72e-16 -1.99e-14 -4.90e-13 -9.14e-12 -1.34e-10 -1.59e-09 -1.54e-08 -1.23e-07 -8.19e-07 -4.54e-06 -2.11e-05 -8.18e-05 -2.69e-04 -7.57e-04 -1.87e-03 -4.16e-03 -8.53e-03 -1.63e-02 -2.89e-02 -4.76e-02 -7.31e-02 -1.06e-01 -1.46e-01 -1.96e-01 -2.59e-01 -3.46e-01 -4.72e-01 -6.36e-01 -7.71e-01 -6.36e-01 -4.72e-01 -3.46e-01 -2.59e-01 -1.96e-01 -1.46e-01 -1.06e-01 -7.31e-02 -4.76e-02 -2.89e-02 -1.63e-02 -8.53e-03 -4.16e-03 -1.87e-03 -7.57e-04 -2.69e-04 -8.18e-05 -2.11e-05 -4.54e-06 -8.19e-07 -1.23e-07 -1.54e-08 -1.59e-09 -1.34e-10 -9.14e-12 -4.90e-13 -1.99e-14 -5.72e-16 -1.03e-17 1.03e-17 
1.79e-18 -1.79e-18 -1.03e-16 -5.53e-15 -1.86e-13 -4.41e-12 -7.78e-11 -1.06e-09 -1.16e-08 -1.02e-07 -7.30e-07 -4.32e-06 -2.11e-05 -8.59e-05 -2.93e-04 -8.47e-04 -2.13e-03 -4.79e-03 -9.93e-03 -1.91e-02 -3.41e-02 -5.66e-02 -8.78e-02 -1.27e-01 -1.75e-01 -2.31e-01 -2.96e-01 -3.71e-01 -4.59e-01 -5.47e-01 -5.95e-01 -5.47e-01 -4.59e-01 -3.71e-01 -2.96e-01 -2.31e-01 -1.75e-01 -1.27e-01 -8.78e-02 -5.66e-02 -3.41e-02 -1.91e-02 -9.93e-03 -4.79e-03 -2.13e-03 -8.47e-04 -2.93e-04 -8.59e-05 -2.11e-05 -4.32e-06 -7.30e-07 -1.02e-07 -1.16e-08 -1.06e-09 -7.78e-11 -4.41e-12 -1.86e-13 -5.53e-15 -1.03e-16 -8.93e-19 8.93e-19 
-0.00e+00 0.00e+00 -6.48e-18 -7.27e-16 -3.81e-14 -1.24e-12 -2.81e-11 -4.71e-10 -6.06e-09 -6.11e-08 -4.93e-07 -3.21e-06 -1.70e-05 -7.38e-05 -2.66e-04 -8.02e-04 -2.07e-03 -4.74e-03 -9.91e-03 -1.93e-02 -3.49e-02 -5.85e-02 -9.13e-02 -1.34e-01 -1.84e-01 -2.41e-01 -3.03e-01 -3.68e-01 -4.31e-01 -4.84e-01 -5.07e-01 -4.84e-01 -4.31e-01 -3.68e-01 -3.03e-01 -2.41e-01 -1.84e-01 -1.34e-01 -9.13e-02 -5.85e-02 -3.49e-02 -1.93e-02 -9.91e-03 -4.74e-03 -2.07e-03 -8.02e-04 -2.66e-04 -7.38e-05 -1.70e-05 -3.21e-06 -4.93e-07 -6.11e-08 -6.06e-09 -4.71e-10 -2.81e-11 -1.24e-12 -3.81e-14 -7.27e-16 -6.48e-18 0.00e+00 -0.00e+00 
-0.00e+00 0.00e+00 0.00e+00 -3.63e-17 -3.96e-15 -2.01e-13 -6.31e-12 -1.37e-10 -2.18e-09 -2.64e-08 -2.49e-07 -1.86e-06 -1.10e-05 -5.27e-05 -2.05e-04 -6.56e-04 -1.77e-03 -4.16e-03 -8.83e-03 -1.73e-02 -3.17e-02 -5.40e-02 -8.55e-02 -1.26e-01 -1.75e-01 -2.30e-01 -2.87e-01 -3.43e-01 -3.92e-01 -4.28e-01 -4.42e-01 -4.28e-01 -3.92e-01 -3.43e-01 -2.87e-01 -2.30e-01 -1.75e-01 -1.26e-01 -8.55e-02 -5.40e-02 -3.17e-02 -1.73e-02 -8.83e-03 -4.16e-03 -1.77e-03 -6.56e-04 -2.05e-04 -5.27e-05 -1.10e-05 -1.86e-06 -2.49e-07 -2.64e-08 -2.18e-09 -1.37e-10 -6.31e-12 -2.01e-13 -3.96e-15 -3.63e-17 0.00e+00 0.00e+00 -0.00e+00 
-0.00e+00 0.00e+00 0.00e+00 0.00e+00 -1.63e-16 -1.73e-14 -8.46e-13 -2.55e-11 -5.30e-10 -8.04e-09 -9.20e-08 -8.14e-07 -5.63e-06 -3.07e-05 -1.33e-04 -4.66e-04 -1.34e-03 -3.27e-03 -7.08e-03 -1.41e-02 -2.62e-02 -4.51e-02 -7.25e-02 -1.09e-01 -1.53e-01 -2.02e-01 -2.52e-01 -3.00e-01 -3.40e-01 -3.68e-01 -3.78e-01 -3.68e-01 -3.40e-01 -3.00e-01 -2.52e-01 -2.02e-01 -1.53e-01 -1.09e-01 -7.25e-02 -4.51e-02 -2.62e-02 -1.41e-02 -7.08e-03 -3.27e-03 -1.34e-03 -4.66e-04 -1.33e-04 -3.07e-05 -5.63e-06 -8.14e-07 -9.20e-08 -8.04e-09 -5.30e-10 -2.55e-11 -8.46e-13 -1.73e-14 -1.63e-16 0.00e+00 0.00e+00 0.00e+00 -0.00e+00 
-0.00e+00 0.00e+00 0.00e+00 0.00e+00 0.00e+00 -6.06e-16 -6.19e-14 -2.92e-12 -8.46e-11 -1.68e-09 -2.42e-08 -2.62e-07 -2.18e-06 -1.40e-05 -7.07e-05 -2.81e-04 -8.89e-04 -2.31e-03 -5.15e-03 -1.04e-02 -1.97e-02 -3.45e-02 -5.62e-02 -8.54e-02 -1.22e-01 -1.62e-01 -2.05e-01 -2.45e-01 -2.77e-01 -2.99e-01 -3.07e-01 -2.99e-01 -2.77e-01 -2.45e-01 -2.05e-01 -1.62e-01 -1.22e-01 -8.54e-02 -5.62e-02 -3.45e-02 -1.97e-02 -1.04e-02 -5.15e-03 -2.31e-03 -8.89e-04 -2.81e-04 -7.07e-05 -1.40e-05 -2.18e-06 -2.62e-07 -2.42e-08 -1.68e-09 -8.46e-11 -2.92e-12 -6.19e-14 -6.06e-16 0.00e+00 0.00e+00 0.00e+00 0.00e+00 -0.00e+00 
-0.00e+00 0.00e+00 0.00e+00 0.00e+00 0.00e+00 0.00e+00 -1.89e-15 -1.86e-13 -8.45e-12 -2.34e-10 -4.43e-09 -6.08e-08 -6.22e-07 -4.86e-06 -2.92e-05 -1.36e-04 -4.98e-04 -1.44e-03 -3.42e-03 -7.06e-03 -1.34e-02 -2.41e-02 -4.00e-02 -6.16e-02 -8.90e-02 -1.20e-01 -1.53e-01 -1.84e-01 -2.10e-01 -2.27e-01 -2.33e-01 -2.27e-01 -2.10e-01 -1.84e-01 -1.53e-01 -1.20e-01 -8.90e-02 -6.16e-02 -4.00e-02 -2.41e-02 -1.34e-02 -7.06e-03 -3.42e-03 -1.44e-03 -4.98e-04 -1.36e-04 -2.92e-05 -4.86e-06 -6.22e-07 -6.08e-08 -4.43e-09 -2.34e-10 -8.45e-12 -1.86e-13 -1.89e-15 0.00e+00 0.00e+00 0.00e+00 0.00e+00 0.00e+00 -0.00e+00 
-0.00e+00 0.00e+00 0.00e+00 0.00e+00 0.00e+00 0.00e+00 0.00e+00 -5.05e-15 -4.77e-13 -2.07e-11 -5.49e-10 -9.91e-09 -1.29e-07 -1.25e-06 -9.14e-06 -5.14e-05 -2.23e-04 -7.53e-04 -2.01e-03 -4.41e-03 -8.51e-03 -1.53e-02 -2.59e-02 -4.08e-02 -5.97e-02 -8.21e-02 -1.06e-01 -1.28e-01 -1.47e-01 -1.59e-01 -1.64e-01 -1.59e-01 -1.47e-01 -1.28e-01 -1.06e-01 -8.21e-02 -5.97e-02 -4.08e-02 -2.59e-02 -1.53e-02 -8.51e-03 -4.41e-03 -2.01e-03 -7.53e-04 -2.23e-04 -5.14e-05 -9.14e-06 -1.25e-06 -1.29e-07 -9.91e-09 -5.49e-10 -2.07e-11 -4.77e-13 -5.05e-15 0.00e+00 0.00e+00 0.00e+00 0.00e+00 0.00e+00 0.00e+00 -0.00e+00 
-0.00e+00 0.00e+00 0.00e+00 0.00e+00 0.00e+00 0.00e+00 0.00e+00 0.00e+00 -1.16e-14 -1.05e-12 -4.37e-11 -1.10e-09 -1.89e-08 -2.33e-07 -2.13e-06 -1.46e-05 -7.70e-05 -3.11e-04 -9.76e-04 -2.43e-03 -4.99e-03 -9.08e-03 -1.54e-02 -2.47e-02 -3.68e-02 -5.12e-02 -6.68e-02 -8.18e-02 -9.44e-02 -1.03e-01 -1.06e-01 -1.03e-01 -9.44e-02 -8.18e-02 -6.68e-02 -5.12e-02 -3.68e-02 -2.47e-02 -1.54e-02 -9.08e-03 -4.99e-03 -2.43e-03 -9.76e-04 -3.11e-04 -7.70e-05 -1.46e-05 -2.13e-06 -2.33e-07 -1.89e-08 -1.10e-09 -4.37e-11 -1.05e-12 -1.16e-14 0.00e+00 0.00e+00 0.00e+00 0.00e+00 0.00e+00 0.00e+00 0.00e+00 -0.00e+00 
-0.00e+00 0.00e+00 0.00e+00 0.00e+00 0.00e+00 0.00e+00 0.00e+00 0.00e+00 0.00e+00 -2.32e-14 -2.01e-12 -7.98e-11 -1.92e-09 -3.11e-08 -3.62e-07 -3.11e-06 -2.01e-05 -9.87e-05 -3.72e-04 -1.09e-03 -2.54e-03 -4.94e-03 -8.57e-03 -1.38e-02 -2.09e-02 -2.94e-02 -3.87e-02 -4.79e-02 -5.57e-02 -6.09e-02 -6.27e-02 -6.09e-02 -5.57e-02 -4.79e-02 -3.87e-02 -2.94e-02 -2.09e-02 -1.38e-02 -8.57e-03 -4.94e-03 -2.54e-03 -1.09e-03 -3.72e-04 -9.87e-05 -2.01e-05 -3.11e-06 -3.62e-07 -3.11e-08 -1.92e-09 -7.98e-11 -2.01e-12 -2.32e-14 0.00e+00 0.00e+00 0.00e+00 0.00e+00 0.00e+00 0.00e+00 0.00e+00 0.00e+00 -0.00e+00 
-0.00e+00 0.00e+00 0.00e+00 0.00e+00 0.00e+00 0.00e+00 0.00e+00 0.00e+00 0.00e+00 0.00e+00 -4.07e-14 -3.36e-12 -1.27e-10 -2.88e-09 -4.43e-08 -4.85e-07 -3.91e-06 -2.37e-05 -1.09e-04 -3.82e-04 -1.05e-03 -2.30e-03 -4.29e-03 -7.13e-03 -1.09e-02 -1.56e-02 -2.08e-02 -2.59e-02 -3.03e-02 -3.32e-02 -3.43e-02 -3.32e-02 -3.03e-02 -2.59e-02 -2.08e-02 -1.56e-02 -1.09e-02 -7.13e-03 -4.29e-03 -2.30e-03 -1.05e-03 -3.82e-04 -1.09e-04 -2.37e-05 -3.91e-06 -4.85e-07 -4.43e-08 -2.88e-09 -1.27e-10 -3.36e-12 -4.07e-14 0.00e+00 0.00e+00 0.00e+00 0.00e+00 0.00e+00 0.00e+00 0.00e+00 0.00e+00 0.00e+00 -0.00e+00 
-0.00e+00 0.00e+00 0.00e+00 0.00e+00 0.00e+00 0.00e+00 0.00e+00 0.00e+00 0.00e+00 0.00e+00 0.00e+00 -6.26e-14 -4.92e-12 -1.76e-10 -3.79e-09 -5.48e-08 -5.63e-07 -4.25e-06 -2.40e-05 -1.03e-04 -3.37e-04 -8.67e-04 -1.81e-03 -3.23e-03 -5.16e-03 -7.55e-03 -1.02e-02 -1.29e-02 -1.52e-02 -1.67e-02 -1.73e-02 -1.67e-02 -1.52e-02 -1.29e-02 -1.02e-02 -7.55e-03 -5.16e-03 -3.23e-03 -1.81e-03 -8.67e-04 -3.37e-04 -1.03e-04 -2.40e-05 -4.25e-06 -5.63e-07 -5.48e-08 -3.79e-09 -1.76e-10 -4.92e-12 -6.26e-14 0.00e+00 0.00e+00 0.00e+00 0.00e+00 0.00e+00 0.00e+00 0.00e+00 0.00e+00 0.00e+00 0.00e+00 -0.00e+00 
-0.00e+00 0.00e+00 0.00e+00 0.00e+00 0.00e+00 0.00e+00 0.00e+00 0.00e+00 0.00e+00 0.00e+00 0.00e+00 0.00e+00 -8.49e-14 -6.33e-12 -2.14e-10 -4.34e-09 -5.90e-08 -5.68e-07 -3.99e-06 -2.10e-05 -8.34e-05 -2.55e-04 -6.17e-04 -1.23e-03 -2.10e-03 -3.21e-03 -4.49e-03 -5.77e-03 -6.88e-03 -7.64e-03 -7.91e-03 -7.64e-03 -6.88e-03 -5.77e-03 -4.49e-03 -3.21e-03 -2.10e-03 -1.23e-03 -6.17e-04 -2.55e-04 -8.34e-05 -2.10e-05 -3.99e-06 -5.68e-07 -5.90e-08 -4.34e-09 -2.14e-10 -6.33e-12 -8.49e-14 0.00e+00 0.00e+00 0.00e+00 0.00e+00 0.00e+00 0.00e+00 0.00e+00 0.00e+00 0.00e+00 0.00e+00 0.00e+00 -0.00e+00 
-0.00e+00 0.00e+00 0.00e+00 0.00e+00 0.00e+00 0.00e+00 0.00e+00 0.00e+00 0.00e+00 0.00e+00 0.00e+00 0.00e+00 0.00e+00 -1.02e-13 -7.18e-12 -2.29e-10 -4.36e-09 -5.54e-08 -4.96e-07 -3.24e-06 -1.58e-05 -5.81e-05 -1.65e-04 -3.75e-04 -7.08e-04 -1.16e-03 -1.70e-03 -2.25e-03 -2.74e-03 -3.07e-03 -3.19e-03 -3.07e-03 -2.74e-03 -2.25e-03 -1.70e-03 -1.16e-03 -7.08e-04 -3.75e-04 -1.65e-04 -5.81e-05 -1.58e-05 -3.24e-06 -4.96e-07 -5.54e-08 -4.36e-09 -2.29e-10 -7.18e-12 -1.02e-13 0.00e+00 0.00e+00 0.00e+00 0.00e+00 0.00e+00 0.00e+00 0.00e+00 0.00e+00 0.00e+00 0.00e+00 0.00e+00 0.00e+00 -0.00e+00 
-0.00e+00 0.00e+00 0.00e+00 0.00e+00 0.00e+00 0.00e+00 0.00e+00 0.00e+00 0.00e+00 0.00e+00 0.00e+00 0.00e+00 0.00e+00 0.00e+00 -1.08e-13 -7.19e-12 -2.15e-10 -3.82e-09 -4.52e-08 -3.76e-07 -2.27e-06 -1.02e-05 -3.45e-05 -9.12e-05 -1.94e-04 -3.46e-04 -5.38e-04 -7.45e-04 -9.32e-04 -1.06e-03 -1.11e-03 -1.06e-03 -9.32e-04 -7.45e-04 -5.38e-04 -3.46e-04 -1.94e-04 -9.12e-05 -3.45e-05 -1.02e-05 -2.27e-06 -3.76e-07 -4.52e-08 -3.82e-09 -2.15e-10 -7.19e-12 -1.08e-13 0.00e+00 0.00e+00 0.00e+00 0.00e+00 0.00e+00 0.00e+00 0.00e+00 0.00e+00 0.00e+00 0.00e+00 0.00e+00 0.00e+00 0.00e+00 -0.00e+00 
-0.00e+00 0.00e+00 0.00e+00 0.00e+00 0.00e+00 0.00e+00 0.00e+00 0.00e+00 0.00e+00 0.00e+00 0.00e+00 0.00e+00 0.00e+00 0.00e+00 0.00e+00 -1.02e-13 -6.35e-12 -1.77e-10 -2.94e-09 -3.21e-08 -2.46e-07 -1.36e-06 -5.60e-06 -1.75e-05 -4.25e-05 -8.42e-05 -1.41e-04 -2.06e-04 -2.67e-04 -3.10e-04 -3.26e-04 -3.10e-04 -2.67e-04 -2.06e-04 -1.41e-04 -8.42e-05 -4.25e-05 -1.75e-05 -5.60e-06 -1.36e-06 -2.46e-07 -3.21e-08 -2.94e-09 -1.77e-10 -6.35e-12 -1.02e-13 0.00e+00 0.00e+00 0.00e+00 0.00e+00 0.00e+00 0.00e+00 0.00e+00 0.00e+00 0.00e+00 0.00e+00 0.00e+00 0.00e+00 0.00e+00 0.00e+00 -0.00e+00 
-0.00e+00 0.00e+00 0.00e+00 0.00e+00 0.00e+00 0.00e+00 0.00e+00 0.00e+00 0.00e+00 0.00e+00 0.00e+00 0.00e+00 0.00e+00 0.00e+00 0.00e+00 0.00e+00 -8.49e-14 -4.94e-12 -1.28e-10 -1.96e-09 -1.98e-08 -1.39e-07 -7.00e-07 -2.62e-06 -7.43e-06 -1.66e-05 -3.04e-05 -4.72e-05 -6.37e-05 -7.59e-05 -8.03e-05 -7.59e-05 -6.37e-05 -4.72e-05 -3.04e-05 -1.66e-05 -7.43e-06 -2.62e-06 -7.00e-07 -1.39e-07 -1.98e-08 -1.96e-09 -1.28e-10 -4.94e-12 -8.49e-14 0.00e+00 0.00e+00 0.00e+00 0.00e+00 0.00e+00 0.00e+00 0.00e+00 0.00e+00 0.00e+00 0.00e+00 0.00e+00 0.00e+00 0.00e+00 0.00e+00 0.00e+00 -0.00e+00 
-0.00e+00 0.00e+00 0.00e+00 0.00e+00 0.00e+00 0.00e+00 0.00e+00 0.00e+00 0.00e+00 0.00e+00 0.00e+00 0.00e+00 0.00e+00 0.00e+00 0.00e+00 0.00e+00 0.00e+00 -6.26e-14 -3.38e-12 -8.12e-11 -1.14e-09 -1.05e-08 -6.68e-08 -3.05e-07 -1.03e-06 -2.63e-06 -5.35e-06 -8.93e-06 -1.27e-05 -1.55e-05 -1.66e-05 -1.55e-05 -1.27e-05 -8.93e-06 -5.35e-06 -2.63e-06 -1.03e-06 -3.05e-07 -6.68e-08 -1.05e-08 -1.14e-09 -8.12e-11 -3.38e-12 -6.26e-14 0.00e+00 0.00e+00 0.00e+00 0.00e+00 0.00e+00 0.00e+00 0.00e+00 0.00e+00 0.00e+00 0.00e+00 0.00e+00 0.00e+00 0.00e+00 0.00e+00 0.00e+00 0.00e+00 -0.00e+00 
-0.00e+00 0.00e+00 0.00e+00 0.00e+00 0.00e+00 0.00e+00 0.00e+00 0.00e+00 0.00e+00 0.00e+00 0.00e+00 0.00e+00 0.00e+00 0.00e+00 0.00e+00 0.00e+00 0.00e+00 0.00e+00 -4.07e-14 -2.03e-12 -4.47e-11 -5.73e-10 -4.77e-09 -2.73e-08 -1.11e-07 -3.34e-07 -7.66e-07 -1.39e-06 -2.09e-06 -2.64e-06 -2.85e-06 -2.64e-06 -2.09e-06 -1.39e-06 -7.66e-07 -3.34e-07 -1.11e-07 -2.73e-08 -4.77e-09 -5.73e-10 -4.47e-11 -2.03e-12 -4.07e-14 0.00e+00 0.00e+00 0.00e+00 0.00e+00 0.00e+00 0.00e+00 0.00e+00 0.00e+00 0.00e+00 0.00e+00 0.00e+00 0.00e+00 0.00e+00 0.00e+00 0.00e+00 0.00e+00 0.00e+00 -0.00e+00 
-0.00e+00 0.00e+00 0.00e+00 0.00e+00 0.00e+00 0.00e+00 0.00e+00 0.00e+00 0.00e+00 0.00e+00 0.00e+00 0.00e+00 0.00e+00 0.00e+00 0.00e+00 0.00e+00 0.00e+00 0.00e+00 0.00e+00 -2.32e-14 -1.06e-12 -2.13e-11 -2.47e-10 -1.84e-09 -9.35e-09 -3.36e-08 -8.87e-08 -1.79e-07 -2.86e-07 -3.76e-07 -4.11e-07 -3.76e-07 -2.86e-07 -1.79e-07 -8.87e-08 -3.36e-08 -9.35e-09 -1.84e-09 -2.47e-10 -2.13e-11 -1.06e-12 -2.32e-14 0.00e+00 0.00e+00 0.00e+00 0.00e+00 0.00e+00 0.00e+00 0.00e+00 0.00e+00 0.00e+00 0.00e+00 0.00e+00 0.00e+00 0.00e+00 0.00e+00 0.00e+00 0.00e+00 0.00e+00 0.00e+00 -0.00e+00 
-0.00e+00 0.00e+00 0.00e+00 0.00e+00 0.00e+00 0.00e+00 0.00e+00 0.00e+00 0.00e+00 0.00e+00 0.00e+00 0.00e+00 0.00e+00 0.00e+00 0.00e+00 0.00e+00 0.00e+00 0.00e+00 0.00e+00 0.00e+00 -1.16e-14 -4.84e-13 -8.75e-12 -9.04e-11 -5.95e-10 -2.64e-09 -8.22e-09 -1.87e-08 -3.25e-08 -4.46e-08 -4.95e-08 -4.46e-08 -3.25e-08 -1.87e-08 -8.22e-09 -2.64e-09 -5.95e-10 -9.04e-11 -8.75e-12 -4.84e-13 -1.16e-14 0.00e+00 0.00e+00 0.00e+00 0.00e+00 0.00e+00 0.00e+00 0.00e+00 0.00e+00 0.00e+00 0.00e+00 0.00e+00 0.00e+00 0.00e+00 0.00e+00 0.00e+00 0.00e+00 0.00e+00 0.00e+00 0.00e+00 -0.00e+00 
-0.00e+00 0.00e+00 0.00e+00 0.00e+00 0.00e+00 0.00e+00 0.00e+00 0.00e+00 0.00e+00 0.00e+00 0.00e+00 0.00e+00 0.00e+00 0.00e+00 0.00e+00 0.00e+00 0.00e+00 0.00e+00 0.00e+00 0.00e+00 0.00e+00 -5.05e-15 -1.89e-13 -3.05e-12 -2.77e-11 -1.58e-10 -6.01e-10 -1.59e-09 -3.04e-09 -4.40e-09 -4.97e-09 -4.40e-09 -3.04e-09 -1.59e-09 -6.01e-10 -1.58e-10 -2.77e-11 -3.05e-12 -1.89e-13 -5.05e-15 0.00e+00 0.00e+00 0.00e+00 0.00e+00 0.00e+00 0.00e+00 0.00e+00 0.00e+00 0.00e+00 0.00e+00 0.00e+00 0.00e+00 0.00e+00 0.00e+00 0.00e+00 0.00e+00 0.00e+00 0.00e+00 0.00e+00 0.00e+00 -0.00e+00 
-0.00e+00 0.00e+00 0.00e+00 0.00e+00 0.00e+00 0.00e+00 0.00e+00 0.00e+00 0.00e+00 0.00e+00 0.00e+00 0.00e+00 0.00e+00 0.00e+00 0.00e+00 0.00e+00 0.00e+00 0.00e+00 0.00e+00 0.00e+00 0.00e+00 0.00e+00 -1.89e-15 -6.32e-14 -8.92e-13 -7.00e-12 -3.39e-11 -1.07e-10 -2.32e-10 -3.60e-10 -4.15e-10 -3.60e-10 -2.32e-10 -1.07e-10 -3.39e-11 -7.00e-12 -8.92e-13 -6.32e-14 -1.89e-15 0.00e+00 0.00e+00 0.00e+00 0.00e+00 0.00e+00 0.00e+00 0.00e+00 0.00e+00 0.00e+00 0.00e+00 0.00e+00 0.00e+00 0.00e+00 0.00e+00 0.00e+00 0.00e+00 0.00e+00 0.00e+00 0.00e+00 0.00e+00 0.00e+00 -0.00e+00 
-0.00e+00 0.00e+00 0.00e+00 0.00e+00 0.00e+00 0.00e+00 0.00e+00 0.00e+00 0.00e+00 0.00e+00 0.00e+00 0.00e+00 0.00e+00 0.00e+00 0.00e+00 0.00e+00 0.00e+00 0.00e+00 0.00e+00 0.00e+00 0.00e+00 0.00e+00 0.00e+00 -6.06e-16 -1.77e-14 -2.15e-13 -1.42e-12 -5.64e-12 -1.43e-11 -2.42e-11 -2.87e-11 -2.42e-11 -1.43e-11 -5.64e-12 -1.42e-12 -2.15e-13 -1.77e-14 -6.06e-16 0.00e+00 0.00e+00 0.00e+00 0.00e+00 0.00e+00 0.00e+00 0.00e+00 0.00e+00 0.00e+00 0.00e+00 0.00e+00 0.00e+00 0.00e+00 0.00e+00 0.00e+00 0.00e+00 0.00e+00 0.00e+00 0.00e+00 0.00e+00 0.00e+00 0.00e+00 -0.00e+00 
-0.00e+00 0.00e+00 0.00e+00 0.00e+00 0.00e+00 0.00e+00 0.00e+00 0.00e+00 0.00e+00 0.00e+00 0.00e+00 0.00e+00 0.00e+00 0.00e+00 0.00e+00 0.00e+00 0.00e+00 0.00e+00 0.00e+00 0.00e+00 0.00e+00 0.00e+00 0.00e+00 0.00e+00 -1.63e-16 -4.09e-15 -4.15e-14 -2.22e-13 -6.92e-13 -1.32e-12 -1.62e-12 -1.32e-12 -6.92e-13 -2.22e-13 -4.15e-14 -4.09e-15 -1.63e-16 0.00e+00 0.00e+00 0.00e+00 0.00e+00 0.00e+00 0.00e+00 0.00e+00 0.00e+00 0.00e+00 0.00e+00 0.00e+00 0.00e+00 0.00e+00 0.00e+00 0.00e+00 0.00e+00 0.00e+00 0.00e+00 0.00e+00 0.00e+00 0.00e+00 0.00e+00 0.00e+00 -0.00e+00 
-0.00e+00 0.00e+00 0.00e+00 0.00e+00 0.00e+00 0.00e+00 0.00e+00 0.00e+00 0.00e+00 0.00e+00 0.00e+00 0.00e+00 0.00e+00 0.00e+00 0.00e+00 0.00e+00 0.00e+00 0.00e+00 0.00e+00 0.00e+00 0.00e+00 0.00e+00 0.00e+00 0.00e+00 0.00e+00 -3.63e-17 -7.57e-16 -6.19e-15 -2.55e-14 -5.75e-14 -7.44e-14 -5.75e-14 -2.55e-14 -6.19e-15 -7.57e-16 -3.63e-17 0.00e+00 0.00e+00 0.00e+00 0.00e+00 0.00e+00 0.00e+00 0.00e+00 0.00e+00 0.00e+00 0.00e+00 0.00e+00 0.00e+00 0.00e+00 0.00e+00 0.00e+00 0.00e+00 0.00e+00 0.00e+00 0.00e+00 0.00e+00 0.00e+00 0.00e+00 0.00e+00 0.00e+00 -0.00e+00 
-0.00e+00 0.00e+00 0.00e+00 0.00e+00 0.00e+00 0.00e+00 0.00e+00 0.00e+00 0.00e+00 0.00e+00 0.00e+00 0.00e+00 0.00e+00 0.00e+00 0.00e+00 0.00e+00 0.00e+00 0.00e+00 0.00e+00 0.00e+00 0.00e+00 0.00e+00 0.00e+00 0.00e+00 0.00e+00 0.00e+00 -6.48e-18 -1.08e-16 -6.70e-16 -1.93e-15 -2.73e-15 -1.93e-15 -6.70e-16 -1.08e-16 -6.48e-18 0.00e+00 0.00e+00 0.00e+00 0.00e+00 0.00e+00 0.00e+00 0.00e+00 0.00e+00 0.00e+00 0.00e+00 0.00e+00 0.00e+00 0.00e+00 0.00e+00 0.00e+00 0.00e+00 0.00e+00 0.00e+00 0.00e+00 0.00e+00 0.00e+00 0.00e+00 0.00e+00 0.00e+00 0.00e+00 -0.00e+00 
-0.00e+00 0.00e+00 0.00e+00 0.00e+00 0.00e+00 0.00e+00 0.00e+00 0.00e+00 0.00e+00 0.00e+00 0.00e+00 0.00e+00 0.00e+00 0.00e+00 0.00e+00 0.00e+00 0.00e+00 0.00e+00 0.00e+00 0.00e+00 0.00e+00 0.00e+00 0.00e+00 0.00e+00 0.00e+00 0.00e+00 0.00e+00 -1.79e-18 -2.24e-17 -9.42e-17 -1.55e-16 -9.42e-17 -2.24e-17 -1.79e-18 0.00e+00 0.00e+00 0.00e+00 0.00e+00 0.00e+00 0.00e+00 0.00e+00 0.00e+00 0.00e+00 0.00e+00 0.00e+00 0.00e+00 0.00e+00 0.00e+00 0.00e+00 0.00e+00 0.00e+00 0.00e+00 0.00e+00 0.00e+00 0.00e+00 0.00e+00 0.00e+00 0.00e+00 0.00e+00 0.00e+00 -0.00e+00 
0.00e+00 -0.00e+00 -0.00e+00 -0.00e+00 -0.00e+00 -0.00e+00 -0.00e+00 -0.00e+00 -0.00e+00 -0.00e+00 -0.00e+00 -0.00e+00 -0.00e+00 -0.00e+00 -0.00e+00 -0.00e+00 -0.00e+00 -0.00e+00 -0.00e+00 -0.00e+00 -0.00e+00 -0.00e+00 -0.00e+00 -0.00e+00 -0.00e+00 -0.00e+00 -0.00e+00 1.79e-18 2.24e-17 9.42e-17 1.55e-16 9.42e-17 2.24e-17 1.79e-18 -0.00e+00 -0.00e+00 -0.00e+00 -0.00e+00 -0.00e+00 -0.00e+00 -0.00e+00 -0.00e+00 -0.00e+00 -0.00e+00 -0.00e+00 -0.00e+00 -0.00e+00 -0.00e+00 -0.00e+00 -0.00e+00 -0.00e+00 -0.00e+00 -0.00e+00 -0.00e+00 -0.00e+00 -0.00e+00 -0.00e+00 -0.00e+00 -0.00e+00 -0.00e+00 0.00e+00 
