2.39e-13 -2.39e-13 -1.72e-12 -2.00e-11 -1.94e-10 -1.58e-09 -1.08e-08 -6.24e-08 -3.07e-07 -1.29e-06 -4.62e-06 -1.43e-05 -3.81e-05 -8.87e-05 -1.83e-04 -3.39e-04 -5.73e-04 -9.00e-04 -1.33e-03 -1.86e-03 -2.48e-03 -3.19e-03 -3.95e-03 -4.75e-03 -5.54e-03 -6.28e-03 -6.95e-03 -7.50e-03 -7.92e-03 -8.18e-03 -8.27e-03 -8.18e-03 -7.92e-03 -7.50e-03 -6.95e-03 -6.28e-03 -5.54e-03 -4.75e-03 -3.95e-03 -3.19e-03 -2.48e-03 -1.86e-03 -1.33e-03 -9.00e-04 -5.73e-04 -3.39e-04 -1.83e-04 -8.87e-05 -3.81e-05 -1.43e-05 -4.62e-06 -1.29e-06 -3.07e-07 -6.24e-08 -1.08e-08 -1.58e-09 -1.94e-10 -2.00e-11 -1.71e-12 -1.13e-13 1.13e-13 
-2.39e-13 2.39e-13 1.72e-12 2.00e-11 1.94e-10 1.58e-09 1.08e-08 6.24e-08 3.07e-07 1.29e-06 4.62e-06 1.43e-05 3.81e-05 8.87e-05 1.83e-04 3.39e-04 5.73e-04 9.00e-04 1.33e-03 1.86e-03 2.48e-03 3.19e-03 3.95e-03 4.75e-03 5.54e-03 6.28e-03 6.95e-03 7.50e-03 7.92e-03 8.18e-03 8.27e-03 8.18e-03 7.92e-03 7.50e-03 6.95e-03 6.28e-03 5.54e-03 4.75e-03 3.95e-03 3.19e-03 2.48e-03 1.86e-03 1.33e-03 9.00e-04 5.73e-04 3.39e-04 1.83e-04 8.87e-05 3.81e-05 1.43e-05 4.62e-06 1.29e-06 3.07e-07 6.24e-08 1.08e-08 1.58e-09 1.94e-10 2.00e-11 1.71e-12 1.13e-13 -1.13e-13 
-3.54e-12 3.54e-12 2.19e-11 2.22e-10 1.90e-09 1.37e-08 8.37e-08 4.36e-07 1.94e-06 7.41e-06 2.43e-05 6.90e-05 1.71e-04 3.71e-04 7.23e-04 1.28e-03 2.08e-03 3.18e-03 4.58e-03 6.31e-03 8.32e-03 1.06e-02 1.30e-02 1.55e-02 1.80e-02 2.03e-02 2.23e-02 2.41e-02 2.53e-02 2.61e-02 2.64e-02 2.61e-02 2.53e-02 2.41e-02 2.23e-02 2.03e-02 1.80e-02 1.55e-02 1.30e-02 1.06e-02 8.32e-03 6.31e-03 4.58e-03 3.18e-03 2.08e-03 1.28e-03 7.23e-04 3.71e-04 1.71e-04 6.90e-05 2.43e-05 7.41e-06 1.94e-06 4.36e-07 8.37e-08 1.37e-08 1.90e-09 2.22e-10 2.17e-11 1.65e-12 -1.65e-12 
-4.04e-11 4.04e-11 2.15e-10 1.89e-09 1.41e-08 8.98e-08 4.86e-07 2.25e-06 8.90e-06 3.03e-05 8.89e-05 2.27e-04 5.07e-04 1.01e-03 1.82e-03 3.02e-03 4.69e-03 6.89e-03 9.65e-03 1.30e-02 1.68e-02 2.10e-02 2.54e-02 2.99e-02 3.43e-02 3.83e-02 4.19e-02 4.49e-02 4.71e-02 4.84e-02 4.89e-02 4.84e-02 4.71e-02 4.49e-02 4.19e-02 3.83e-02 3.43e-02 2.99e-02 2.54e-02 2.10e-02 1.68e-02 1.30e-02 9.65e-03 6.89e-03 4.69e-03 3.02e-03 1.82e-03 1.01e-03 5.07e-04 2.27e-04 8.89e-05 3.03e-05 8.90e-06 2.25e-06 4.86e-07 8.98e-08 1.41e-08 1.89e-09 2.13e-10 1.86e-11 -1.86e-11 
-3.81e-10 3.81e-10 1.77e-09 1.35e-08 8.92e-08 5.00e-07 2.40e-06 9.85e-06 3.47e-05 1.05e-04 2.76e-04 6.32e-04 1.28e-03 2.34e-03 3.93e-03 6.18e-03 9.19e-03 1.30e-02 1.77e-02 2.32e-02 2.94e-02 3.60e-02 4.29e-02 4.97e-02 5.62e-02 6.21e-02 6.73e-02 7.14e-02 7.45e-02 7.64e-02 7.70e-02 7.64e-02 7.45e-02 7.14e-02 6.73e-02 6.21e-02 5.62e-02 4.97e-02 4.29e-02 3.60e-02 2.94e-02 2.32e-02 1.77e-02 1.30e-02 9.19e-03 6.18e-03 3.93e-03 2.34e-03 1.28e-03 6.32e-04 2.76e-04 1.05e-04 3.47e-05 9.85e-06 2.40e-06 5.00e-07 8.92e-08 1.35e-08 1.75e-09 1.73e-10 -1.73e-10 
-3.01e-09 3.01e-09 1.22e-08 8.23e-08 4.78e-07 2.38e-06 1.01e-05 3.69e-05 1.15e-04 3.12e-04 7.33e-04 1.52e-03 2.81e-03 4.78e-03 7.60e-03 1.14e-02 1.64e-02 2.27e-02 3.00e-02 3.84e-02 4.74e-02 5.69e-02 6.63e-02 7.55e-02 8.40e-02 9.15e-02 9.79e-02 1.03e-01 1.07e-01 1.09e-01 1.10e-01 1.09e-01 1.07e-01 1.03e-01 9.79e-02 9.15e-02 8.40e-02 7.55e-02 6.63e-02 5.69e-02 4.74e-02 3.84e-02 3.00e-02 2.27e-02 1.64e-02 1.14e-02 7.60e-03 4.78e-03 2.81e-03 1.52e-03 7.33e-04 3.12e-04 1.15e-04 3.69e-05 1.01e-05 2.38e-06 4.78e-07 8.22e-08 1.20e-08 1.35e-09 -1.35e-09 
-1.99e-08 1.99e-08 7.16e-08 4.24e-07 2.18e-06 9.63e-06 3.64e-05 1.18e-04 3.29e-04 7.94e-04 1.68e-03 3.17e-03 5.47e-03 8.82e-03 1.35e-02 1.96e-02 2.74e-02 3.67e-02 4.73e-02 5.88e-02 7.09e-02 8.30e-02 9.46e-02 1.05e-01 1.15e-01 1.24e-01 1.31e-01 1.36e-01 1.40e-01 1.42e-01 1.43e-01 1.42e-01 1.40e-01 1.36e-01 1.31e-01 1.24e-01 1.15e-01 1.05e-01 9.46e-02 8.30e-02 7.09e-02 5.88e-02 4.73e-02 3.67e-02 2.74e-02 1.96e-02 1.35e-02 8.82e-03 5.47e-03 3.17e-03 1.68e-03 7.94e-04 3.29e-04 1.18e-04 3.64e-05 9.63e-06 2.18e-06 4.24e-07 7.03e-08 8.77e-09 -8.77e-09 
-1.12e-07 1.12e-07 3.56e-07 1.86e-06 8.51e-06 3.33e-05 1.12e-04 3.23e-04 8.04e-04 1.75e-03 3.37e-03 5.91e-03 9.68e-03 1.50e-02 2.23e-02 3.15e-02 4.26e-02 5.54e-02 6.93e-02 8.37e-02 9.80e-02 1.12e-01 1.24e-01 1.36e-01 1.45e-01 1.53e-01 1.60e-01 1.65e-01 1.68e-01 1.70e-01 1.71e-01 1.70e-01 1.68e-01 1.65e-01 1.60e-01 1.53e-01 1.45e-01 1.36e-01 1.24e-01 1.12e-01 9.80e-02 8.37e-02 6.93e-02 5.54e-02 4.26e-02 3.15e-02 2.23e-02 1.50e-02 9.68e-03 5.91e-03 3.37e-03 1.75e-03 8.04e-04 3.23e-04 1.12e-04 3.33e-05 8.51e-06 1.86e-06 3.48e-07 4.83e-08 -4.83e-08 
-5.32e-07 5.32e-07 1.51e-06 6.98e-06 2.84e-05 9.88e-05 2.95e-04 7.61e-04 1.70e-03 3.37e-03 6.05e-03 1.01e-02 1.60e-02 2.41e-02 3.46e-02 4.73e-02 6.19e-02 7.78e-02 9.41e-02 1.10e-01 1.25e-01 1.39e-01 1.51e-01 1.61e-01 1.69e-01 1.75e-01 1.80e-01 1.83e-01 1.86e-01 1.87e-01 1.88e-01 1.87e-01 1.86e-01 1.83e-01 1.80e-01 1.75e-01 1.69e-01 1.61e-01 1.51e-01 1.39e-01 1.25e-01 1.10e-01 9.41e-02 7.78e-02 6.19e-02 4.73e-02 3.46e-02 2.41e-02 1.60e-02 1.01e-02 6.05e-03 3.37e-03 1.70e-03 7.61e-04 2.95e-04 9.88e-05 2.84e-05 6.98e-06 1.47e-06 2.25e-07 -2.25e-07 
-2.15e-06 2.15e-06 5.49e-06 2.24e-05 8.10e-05 2.52e-04 6.73e-04 1.56e-03 3.18e-03 5.86e-03 9.99e-03 1.61e-02 2.48e-02 3.62e-02 5.02e-02 6.62e-02 8.36e-02 1.01e-01 1.19e-01 1.34e-01 1.48e-01 1.60e-01 1.69e-01 1.76e-01 1.82e-01 1.85e-01 1.88e-01 1.89e-01 1.90e-01 1.91e-01 1.91e-01 1.91e-01 1.90e-01 1.89e-01 1.88e-01 1.85e-01 1.82e-01 1.76e-01 1.69e-01 1.60e-01 1.48e-01 1.34e-01 1.19e-01 1.01e-01 8.36e-02 6.62e-02 5.02e-02 3.62e-02 2.48e-02 1.61e-02 9.99e-03 5.86e-03 3.18e-03 1.56e-03 6.73e-04 2.52e-04 8.10e-05 2.24e-05 5.27e-06 8.89e-07 -8.89e-07 
-7.46e-06 7.46e-06 1.71e-05 6.18e-05 2.00e-04 5.56e-04 1.34e-03 2.83e-03 5.38e-03 9.42e-03 1.56e-02 2.44e-02 3.63e-02 5.10e-02 6.80e-02 8.64e-02 1.05e-01 1.23e-01 1.39e-01 1.53e-01 1.63e-01 1.71e-01 1.77e-01 1.80e-01 1.82e-01 1.82e-01 1.82e-01 1.82e-01 1.82e-01 1.82e-01 1.82e-01 1.82e-01 1.82e-01 1.82e-01 1.82e-01 1.82e-01 1.82e-01 1.80e-01 1.77e-01 1.71e-01 1.63e-01 1.53e-01 1.39e-01 1.23e-01 1.05e-01 8.64e-02 6.80e-02 5.10e-02 3.63e-02 2.44e-02 1.56e-02 9.42e-03 5.38e-03 2.83e-03 1.34e-03 5.56e-04 2.00e-04 6.16e-05 1.62e-05 3.00e-06 -3.00e-06 
-2.22e-05 2.22e-05 4.60e-05 1.48e-04 4.28e-04 1.08e-03 2.38e-03 4.68e-03 8.44e-03 1.43e-02 2.30e-02 3.49e-02 4.98e-02 6.72e-02 8.63e-02 1.06e-01 1.24e-01 1.40e-01 1.53e-01 1.62e-01 1.68e-01 1.71e-01 1.73e-01 1.72e-01 1.71e-01 1.70e-01 1.68e-01 1.67e-01 1.66e-01 1.65e-01 1.65e-01 1.65e-01 1.66e-01 1.67e-01 1.68e-01 1.70e-01 1.71e-01 1.72e-01 1.73e-01 1.71e-01 1.68e-01 1.62e-01 1.53e-01 1.40e-01 1.24e-01 1.06e-01 8.63e-02 6.72e-02 4.98e-02 3.49e-02 2.30e-02 1.43e-02 8.44e-03 4.68e-03 2.38e-03 1.08e-03 4.28e-04 1.47e-04 4.31e-05 8.65e-06 -8.65e-06 
-5.69e-05 5.69e-05 1.08e-04 3.08e-04 8.11e-04 1.87e-03 3.84e-03 7.18e-03 1.25e-02 2.06e-02 3.20e-02 4.67e-02 6.42e-02 8.35e-02 1.03e-01 1.21e-01 1.37e-01 1.49e-01 1.57e-01 1.61e-01 1.63e-01 1.62e-01 1.61e-01 1.58e-01 1.55e-01 1.53e-01 1.51e-01 1.49e-01 1.48e-01 1.48e-01 1.47e-01 1.48e-01 1.48e-01 1.49e-01 1.51e-01 1.53e-01 1.55e-01 1.58e-01 1.61e-01 1.62e-01 1.63e-01 1.61e-01 1.57e-01 1.49e-01 1.37e-01 1.21e-01 1.03e-01 8.35e-02 6.42e-02 4.67e-02 3.20e-02 2.06e-02 1.25e-02 7.18e-03 3.84e-03 1.87e-03 8.11e-04 3.07e-04 9.92e-05 2.15e-05 -2.15e-05 
-1.28e-04 1.28e-04 2.22e-04 5.73e-04 1.38e-03 2.98e-03 5.79e-03 1.04e-02 1.77e-02 2.82e-02 4.21e-02 5.91e-02 7.82e-02 9.78e-02 1.16e-01 1.31e-01 1.43e-01 1.50e-01 1.53e-01 1.53e-01 1.51e-01 1.48e-01 1.45e-01 1.42e-01 1.39e-01 1.37e-01 1.35e-01 1.34e-01 1.34e-01 1.33e-01 1.33e-01 1.33e-01 1.34e-01 1.34e-01 1.35e-01 1.37e-01 1.39e-01 1.42e-01 1.45e-01 1.48e-01 1.51e-01 1.53e-01 1.53e-01 1.50e-01 1.43e-01 1.31e-01 1.16e-01 9.78e-02 7.82e-02 5.91e-02 4.21e-02 2.82e-02 1.77e-02 1.04e-02 5.79e-03 2.98e-03 1.38e-03 5.68e-04 2.01e-04 4.66e-05 -4.66e-05 
-2.53e-04 2.53e-04 4.09e-04 9.63e-04 2.16e-03 4.41e-03 8.25e-03 1.44e-02 2.36e-02 3.64e-02 5.24e-02 7.09e-02 9.02e-02 1.08e-01 1.24e-01 1.35e-01 1.42e-01 1.44e-01 1.43e-01 1.40e-01 1.37e-01 1.33e-01 1.29e-01 1.27e-01 1.25e-01 1.24e-01 1.24e-01 1.24e-01 1.24e-01 1.24e-01 1.24e-01 1.24e-01 1.24e-01 1.24e-01 1.24e-01 1.24e-01 1.25e-01 1.27e-01 1.29e-01 1.33e-01 1.37e-01 1.40e-01 1.43e-01 1.44e-01 1.42e-01 1.35e-01 1.24e-01 1.08e-01 9.02e-02 7.09e-02 5.24e-02 3.64e-02 2.36e-02 1.44e-02 8.25e-03 4.41e-03 2.16e-03 9.51e-04 3.62e-04 8.90e-05 -8.90e-05 
-4.49e-04 4.49e-04 6.84e-04 1.49e-03 3.16e-03 6.17e-03 1.12e-02 1.89e-02 3.01e-02 4.47e-02 6.21e-02 8.08e-02 9.90e-02 1.15e-01 1.26e-01 1.33e-01 1.35e-01 1.33e-01 1.30e-01 1.26e-01 1.22e-01 1.19e-01 1.17e-01 1.16e-01 1.16e-01 1.16e-01 1.17e-01 1.18e-01 1.19e-01 1.20e-01 1.20e-01 1.20e-01 1.19e-01 1.18e-01 1.17e-01 1.16e-01 1.16e-01 1.16e-01 1.17e-01 1.19e-01 1.22e-01 1.26e-01 1.30e-01 1.33e-01 1.35e-01 1.33e-01 1.26e-01 1.15e-01 9.90e-02 8.08e-02 6.21e-02 4.47e-02 3.01e-02 1.89e-02 1.12e-02 6.17e-03 3.15e-03 1.46e-03 5.91e-04 1.52e-04 -1.52e-04 
-7.27e-04 7.27e-04 1.05e-03 2.15e-03 4.35e-03 8.19e-03 1.44e-02 2.37e-02 3.65e-02 5.23e-02 7.01e-02 8.80e-02 1.04e-01 1.16e-01 1.23e-01 1.25e-01 1.24e-01 1.20e-01 1.16e-01 1.12e-01 1.09e-01 1.08e-01 1.08e-01 1.09e-01 1.10e-01 1.12e-01 1.15e-01 1.17e-01 1.19e-01 1.20e-01 1.20e-01 1.20e-01 1.19e-01 1.17e-01 1.15e-01 1.12e-01 1.10e-01 1.09e-01 1.08e-01 1.08e-01 1.09e-01 1.12e-01 1.16e-01 1.20e-01 1.24e-01 1.25e-01 1.23e-01 1.16e-01 1.04e-01 8.80e-02 7.01e-02 5.23e-02 3.65e-02 2.37e-02 1.44e-02 8.19e-03 4.34e-03 2.10e-03 8.90e-04 2.38e-04 -2.38e-04 
-1.08e-03 1.08e-03 1.51e-03 2.92e-03 5.68e-03 1.04e-02 1.77e-02 2.83e-02 4.22e-02 5.86e-02 7.58e-02 9.19e-02 1.05e-01 1.13e-01 1.16e-01 1.15e-01 1.12e-01 1.07e-01 1.04e-01 1.01e-01 9.97e-02 1.00e-01 1.02e-01 1.04e-01 1.08e-01 1.11e-01 1.15e-01 1.18e-01 1.21e-01 1.23e-01 1.23e-01 1.23e-01 1.21e-01 1.18e-01 1.15e-01 1.11e-01 1.08e-01 1.04e-01 1.02e-01 1.00e-01 9.97e-02 1.01e-01 1.04e-01 1.07e-01 1.12e-01 1.15e-01 1.16e-01 1.13e-01 1.05e-01 9.19e-02 7.58e-02 5.86e-02 4.22e-02 2.83e-02 1.77e-02 1.04e-02 5.66e-03 2.84e-03 1.25e-03 3.43e-04 -3.43e-04 
-1.51e-03 1.51e-03 2.04e-03 3.76e-03 7.07e-03 1.26e-02 2.09e-02 3.25e-02 4.69e-02 6.30e-02 7.88e-02 9.23e-02 1.02e-01 1.06e-01 1.06e-01 1.03e-01 9.93e-02 9.54e-02 9.27e-02 9.17e-02 9.24e-02 9.46e-02 9.82e-02 1.03e-01 1.08e-01 1.13e-01 1.18e-01 1.22e-01 1.26e-01 1.28e-01 1.29e-01 1.28e-01 1.26e-01 1.22e-01 1.18e-01 1.13e-01 1.08e-01 1.03e-01 9.82e-02 9.46e-02 9.24e-02 9.17e-02 9.27e-02 9.54e-02 9.93e-02 1.03e-01 1.06e-01 1.06e-01 1.02e-01 9.23e-02 7.88e-02 6.30e-02 4.69e-02 3.25e-02 2.09e-02 1.26e-02 7.03e-03 3.63e-03 1.65e-03 4.63e-04 -4.63e-04 
-1.97e-03 1.97e-03 2.60e-03 4.61e-03 8.41e-03 1.46e-02 2.36e-02 3.57e-02 5.00e-02 6.52e-02 7.91e-02 8.97e-02 9.59e-02 9.75e-02 9.55e-02 9.17e-02 8.78e-02 8.49e-02 8.38e-02 8.45e-02 8.69e-02 9.09e-02 9.60e-02 1.02e-01 1.09e-01 1.15e-01 1.22e-01 1.28e-01 1.33e-01 1.36e-01 1.37e-01 1.36e-01 1.33e-01 1.28e-01 1.22e-01 1.15e-01 1.09e-01 1.02e-01 9.60e-02 9.09e-02 8.69e-02 8.45e-02 8.38e-02 8.49e-02 8.78e-02 9.17e-02 9.55e-02 9.75e-02 9.59e-02 8.97e-02 7.91e-02 6.52e-02 5.00e-02 3.57e-02 2.36e-02 1.46e-02 8.35e-03 4.42e-03 2.06e-03 5.88e-04 -5.88e-04 
-2.43e-03 2.43e-03 3.14e-03 5.40e-03 9.59e-03 1.62e-02 2.57e-02 3.78e-02 5.15e-02 6.51e-02 7.68e-02 8.46e-02 8.80e-02 8.74e-02 8.44e-02 8.06e-02 7.75e-02 7.59e-02 7.63e-02 7.85e-02 8.25e-02 8.78e-02 9.44e-02 1.02e-01 1.10e-01 1.19e-01 1.28e-01 1.36e-01 1.42e-01 1.47e-01 1.48e-01 1.47e-01 1.42e-01 1.36e-01 1.28e-01 1.19e-01 1.10e-01 1.02e-01 9.44e-02 8.78e-02 8.25e-02 7.85e-02 7.63e-02 7.59e-02 7.75e-02 8.06e-02 8.44e-02 8.74e-02 8.80e-02 8.46e-02 7.68e-02 6.51e-02 5.15e-02 3.78e-02 2.57e-02 1.62e-02 9.50e-03 5.14e-03 2.44e-03 7.08e-04 -7.08e-04 
-2.85e-03 2.85e-03 3.61e-03 6.04e-03 1.05e-02 1.73e-02 2.68e-02 3.85e-02 5.11e-02 6.30e-02 7.23e-02 7.76e-02 7.89e-02 7.71e-02 7.37e-02 7.03e-02 6.82e-02 6.80e-02 6.97e-02 7.32e-02 7.84e-02 8.49e-02 9.29e-02 1.02e-01 1.12e-01 1.24e-01 1.35e-01 1.45e-01 1.54e-01 1.61e-01 1.63e-01 1.61e-01 1.54e-01 1.45e-01 1.35e-01 1.24e-01 1.12e-01 1.02e-01 9.29e-02 8.49e-02 7.84e-02 7.32e-02 6.97e-02 6.80e-02 6.82e-02 7.03e-02 7.37e-02 7.71e-02 7.89e-02 7.76e-02 7.23e-02 6.30e-02 5.11e-02 3.84e-02 2.68e-02 1.73e-02 1.04e-02 5.71e-03 2.76e-03 8.09e-04 -8.09e-04 
-3.16e-03 3.16e-03 3.96e-03 6.45e-03 1.10e-02 1.78e-02 2.69e-02 3.77e-02 4.90e-02 5.90e-02 6.61e-02 6.94e-02 6.92e-02 6.67e-02 6.34e-02 6.10e-02 6.00e-02 6.08e-02 6.35e-02 6.79e-02 7.39e-02 8.16e-02 9.08e-02 1.02e-01 1.14e-01 1.28e-01 1.43e-01 1.57e-01 1.70e-01 1.78e-01 1.82e-01 1.78e-01 1.70e-01 1.57e-01 1.43e-01 1.28e-01 1.14e-01 1.02e-01 9.08e-02 8.16e-02 7.39e-02 6.79e-02 6.35e-02 6.08e-02 6.00e-02 6.10e-02 6.34e-02 6.67e-02 6.92e-02 6.94e-02 6.61e-02 5.90e-02 4.90e-02 3.77e-02 2.69e-02 1.77e-02 1.08e-02 6.07e-03 2.97e-03 8.81e-04 -8.81e-04 
-3.33e-03 3.33e-03 4.12e-03 6.58e-03 1.10e-02 1.75e-02 2.59e-02 3.57e-02 4.53e-02 5.34e-02 5.86e-02 6.04e-02 5.93e-02 5.67e-02 5.40e-02 5.23e-02 5.21e-02 5.38e-02 5.72e-02 6.22e-02 6.89e-02 7.72e-02 8.76e-02 1.00e-01 1.15e-01 1.32e-01 1.51e-01 1.71e-01 1.89e-01 2.02e-01 2.07e-01 2.02e-01 1.89e-01 1.71e-01 1.51e-01 1.32e-01 1.15e-01 1.00e-01 8.76e-02 7.72e-02 6.89e-02 6.22e-02 5.72e-02 5.38e-02 5.21e-02 5.23e-02 5.40e-02 5.67e-02 5.93e-02 6.04e-02 5.86e-02 5.34e-02 4.53e-02 3.57e-02 2.59e-02 1.74e-02 1.08e-02 6.16e-03 3.05e-03 9.11e-04 -9.11e-04 
-3.32e-03 3.32e-03 4.06e-03 6.38e-03 1.04e-02 1.64e-02 2.39e-02 3.23e-02 4.04e-02 4.67e-02 5.03e-02 5.11e-02 4.96e-02 4.72e-02 4.50e-02 4.40e-02 4.47e-02 4.68e-02 5.05e-02 5.57e-02 6.25e-02 7.14e-02 8.24e-02 9.62e-02 1.13e-01 1.34e-01 1.59e-01 1.86e-01 2.13e-01 2.35e-01 2.43e-01 2.35e-01 2.13e-01 1.86e-01 1.59e-01 1.34e-01 1.13e-01 9.62e-02 8.24e-02 7.14e-02 6.25e-02 5.57e-02 5.05e-02 4.68e-02 4.47e-02 4.40e-02 4.50e-02 4.72e-02 4.96e-02 5.11e-02 5.03e-02 4.67e-02 4.04e-02 3.23e-02 2.39e-02 1.63e-02 1.03e-02 5.94e-03 2.98e-03 8.94e-04 -8.94e-04 
-3.10e-03 3.10e-03 3.76e-03 5.83e-03 9.41e-03 1.45e-02 2.10e-02 2.79e-02 3.43e-02 3.91e-02 4.16e-02 4.16e-02 4.01e-02 3.80e-02 3.65e-02 3.61e-02 3.70e-02 3.93e-02 4.30e-02 4.81e-02 5.48e-02 6.35e-02 7.48e-02 8.94e-02 1.08e-01 1.33e-01 1.64e-01 2.02e-01 2.43e-01 2.80e-01 2.97e-01 2.80e-01 2.43e-01 2.02e-01 1.64e-01 1.33e-01 1.08e-01 8.94e-02 7.48e-02 6.35e-02 5.48e-02 4.81e-02 4.30e-02 3.93e-02 3.70e-02 3.61e-02 3.65e-02 3.80e-02 4.01e-02 4.16e-02 4.16e-02 3.91e-02 3.43e-02 2.79e-02 2.09e-02 1.45e-02 9.25e-03 5.40e-03 2.73e-03 8.24e-04 -8.24e-04 
-2.67e-03 2.67e-03 3.23e-03 4.94e-03 7.89e-03 1.21e-02 1.72e-02 2.26e-02 2.75e-02 3.09e-02 3.25e-02 3.22e-02 3.09e-02 2.93e-02 2.82e-02 2.81e-02 2.92e-02 3.14e-02 3.47e-02 3.92e-02 4.52e-02 5.33e-02 6.39e-02 7.83e-02 9.81e-02 1.25e-01 1.63e-01 2.14e-01 2.78e-01 3.46e-01 3.84e-01 3.46e-01 2.78e-01 2.14e-01 1.63e-01 1.25e-01 9.81e-02 7.83e-02 6.39e-02 5.33e-02 4.52e-02 3.92e-02 3.47e-02 3.14e-02 2.92e-02 2.81e-02 2.82e-02 2.93e-02 3.09e-02 3.22e-02 3.25e-02 3.09e-02 2.75e-02 2.26e-02 1.72e-02 1.20e-02 7.75e-03 4.56e-03 2.32e-03 7.04e-04 -7.04e-04 
-2.06e-03 2.06e-03 2.48e-03 3.76e-03 5.96e-03 9.03e-03 1.27e-02 1.66e-02 2.00e-02 2.23e-02 2.33e-02 2.29e-02 2.19e-02 2.07e-02 2.01e-02 2.02e-02 2.11e-02 2.29e-02 2.55e-02 2.91e-02 3.40e-02 4.05e-02 4.95e-02 6.21e-02 8.03e-02 1.07e-01 1.49e-01 2.13e-01 3.10e-01 4.41e-01 5.48e-01 4.41e-01 3.10e-01 2.13e-01 1.49e-01 1.07e-01 8.03e-02 6.21e-02 4.95e-02 4.05e-02 3.40e-02 2.91e-02 2.55e-02 2.29e-02 2.11e-02 2.02e-02 2.01e-02 2.07e-02 2.19e-02 2.29e-02 2.33e-02 2.23e-02 2.00e-02 1.66e-02 1.27e-02 8.99e-03 5.84e-03 3.46e-03 1.77e-03 5.39e-04 -5.39e-04 
-1.30e-03 1.30e-03 1.56e-03 2.35e-03 3.71e-03 5.59e-03 7.84e-03 1.02e-02 1.22e-02 1.35e-02 1.40e-02 1.37e-02 1.31e-02 1.24e-02 1.20e-02 1.21e-02 1.28e-02 1.40e-02 1.57e-02 1.80e-02 2.11e-02 2.54e-02 3.15e-02 4.03e-02 5.37e-02 7.52e-02 1.12e-01 1.79e-01 3.10e-01 5.59e-01 9.27e-01 5.59e-01 3.10e-01 1.79e-01 1.12e-01 7.52e-02 5.37e-02 4.03e-02 3.15e-02 2.54e-02 2.11e-02 1.80e-02 1.57e-02 1.40e-02 1.28e-02 1.21e-02 1.20e-02 1.24e-02 1.31e-02 1.37e-02 1.40e-02 1.35e-02 1.22e-02 1.02e-02 7.83e-03 5.56e-03 3.63e-03 2.16e-03 1.11e-03 3.39e-04 -3.39e-04 
-4.45e-04 4.45e-04 5.33e-04 8.01e-04 1.26e-03 1.89e-03 2.65e-03 3.42e-03 4.08e-03 4.51e-03 4.66e-03 4.57e-03 4.32e-03 4.10e-03 4.04e-03 4.11e-03 4.28e-03 4.67e-03 5.27e-03 6.05e-03 7.18e-03 8.70e-03 1.09e-02 1.41e-02 1.91e-02 2.78e-02 4.45e-02 8.28e-02 1.90e-01 5.58e-01 2.04e+00 5.58e-01 1.90e-01 8.28e-02 4.45e-02 2.78e-02 1.91e-02 1.41e-02 1.09e-02 8.70e-03 7.18e-03 6.05e-03 5.27e-03 4.67e-03 4.28e-03 4.11e-03 4.04e-03 4.10e-03 4.32e-03 4.57e-03 4.66e-03 4.51e-03 4.08e-03 3.42e-03 2.64e-03 1.88e-03 1.23e-03 7.35e-04 3.79e-04 1.15e-04 -1.15e-04 
4.45e-04 -4.45e-04 -5.33e-04 -8.01e-04 -1.26e-03 -1.89e-03 -2.65e-03 -3.42e-03 -4.08e-03 -4.51e-03 -4.66e-03 -4.57e-03 -4.32e-03 -4.10e-03 -4.04e-03 -4.11e-03 -4.28e-03 -4.67e-03 -5.27e-03 -6.05e-03 -7.18e-03 -8.70e-03 -1.09e-02 -1.41e-02 -1.91e-02 -2.78e-02 -4.45e-02 -8.28e-02 -1.90e-01 -5.58e-01 -2.04e+00 -5.58e-01 -1.90e-01 -8.28e-02 -4.45e-02 -2.78e-02 -1.91e-02 -1.41e-02 -1.09e-02 -8.70e-03 -7.18e-03 -6.05e-03 -5.27e-03 -4.67e-03 -4.28e-03 -4.11e-03 -4.04e-03 -4.10e-03 -4.32e-03 -4.57e-03 -4.66e-03 -4.51e-03 -4.08e-03 -3.42e-03 -2.64e-03 -1.88e-03 -1.23e-03 -7.35e-04 -3.79e-04 -1.15e-04 1.15e-04 
1.30e-03 -1.30e-03 -1.56e-03 -2.35e-03 -3.71e-03 -5.59e-03 -7.84e-03 -1.02e-02 -1.22e-02 -1.35e-02 -1.40e-02 -1.37e-02 -1.31e-02 -1.24e-02 -1.20e-02 -1.21e-02 -1.28e-02 -1.40e-02 -1.57e-02 -1.80e-02 -2.11e-02 -2.54e-02 -3.15e-02 -4.03e-02 -5.37e-02 -7.52e-02 -1.12e-01 -1.79e-01 -3.10e-01 -5.59e-01 -9.27e-01 -5.59e-01 -3.10e-01 -1.79e-01 -1.12e-01 -7.52e-02 -5.37e-02 -4.03e-02 -3.15e-02 -2.54e-02 -2.11e-02 -1.80e-02 -1.57e-02 -1.40e-02 -1.28e-02 -1.21e-02 -1.20e-02 -1.24e-02 -1.31e-02 -1.37e-02 -1.40e-02 -1.35e-02 -1.22e-02 -1.02e-02 -7.83e-03 -5.56e-03 -3.63e-03 -2.16e-03 -1.11e-03 -3.39e-04 3.39e-04 
2.06e-03 -2.06e-03 -2.48e-03 -3.76e-03 -5.96e-03 -9.03e-03 -1.27e-02 -1.66e-02 -2.00e-02 -2.23e-02 -2.33e-02 -2.29e-02 -2.19e-02 -2.07e-02 -2.01e-02 -2.02e-02 -2.11e-02 -2.29e-02 -2.55e-02 -2.91e-02 -3.40e-02 -4.05e-02 -4.95e-02 -6.21e-02 -8.03e-02 -1.07e-01 -1.49e-01 -2.13e-01 -3.10e-01 -4.41e-01 -5.48e-01 -4.41e-01 -3.10e-01 -2.13e-01 -1.49e-01 -1.07e-01 -8.03e-02 -6.21e-02 -4.95e-02 -4.05e-02 -3.40e-02 -2.91e-02 -2.55e-02 -2.29e-02 -2.11e-02 -2.02e-02 -2.01e-02 -2.07e-02 -2.19e-02 -2.29e-02 -2.33e-02 -2.23e-02 -2.00e-02 -1.66e-02 -1.27e-02 -8.99e-03 -5.84e-03 -3.46e-03 -1.77e-03 -5.39e-04 5.39e-04 
2.67e-03 -2.67e-03 -3.23e-03 -4.94e-03 -7.89e-03 -1.21e-02 -1.72e-02 -2.26e-02 -2.75e-02 -3.09e-02 -3.25e-02 -3.22e-02 -3.09e-02 -2.93e-02 -2.82e-02 -2.81e-02 -2.92e-02 -3.14e-02 -3.47e-02 -3.92e-02 -4.52e-02 -5.33e-02 -6.39e-02 -7.83e-02 -9.81e-02 -1.25e-01 -1.63e-01 -2.14e-01 -2.78e-01 -3.46e-01 -3.84e-01 -3.46e-01 -2.78e-01 -2.14e-01 -1.63e-01 -1.25e-01 -9.81e-02 -7.83e-02 -6.39e-02 -5.33e-02 -4.52e-02 -3.92e-02 -3.47e-02 -3.14e-02 -2.92e-02 -2.81e-02 -2.82e-02 -2.93e-02 -3.09e-02 -3.22e-02 -3.25e-02 -3.09e-02 -2.75e-02 -2.26e-02 -1.72e-02 -1.20e-02 -7.75e-03 -4.56e-03 -2.32e-03 -7.04e-04 7.04e-04 
3.10e-03 -3.10e-03 -3.76e-03 -5.83e-03 -9.41e-03 -1.45e-02 -2.10e-02 -2.79e-02 -3.43e-02 -3.91e-02 -4.16e-02 -4.16e-02 -4.01e-02 -3.80e-02 -3.65e-02 -3.61e-02 -3.70e-02 -3.93e-02 -4.30e-02 -4.81e-02 -5.48e-02 -6.35e-02 -7.48e-02 -8.94e-02 -1.08e-01 -1.33e-01 -1.64e-01 -2.02e-01 -2.43e-01 -2.80e-01 -2.97e-01 -2.80e-01 -2.43e-01 -2.02e-01 -1.64e-01 -1.33e-01 -1.08e-01 -8.94e-02 -7.48e-02 -6.35e-02 -5.48e-02 -4.81e-02 -4.30e-02 -3.93e-02 -3.70e-02 -3.61e-02 -3.65e-02 -3.80e-02 -4.01e-02 -4.16e-02 -4.16e-02 -3.91e-02 -3.43e-02 -2.79e-02 -2.09e-02 -1.45e-02 -9.25e-03 -5.40e-03 -2.73e-03 -8.24e-04 8.24e-04 
3.32e-03 -3.32e-03 -4.06e-03 -6.38e-03 -1.04e-02 -1.64e-02 -2.39e-02 -3.23e-02 -4.04e-02 -4.67e-02 -5.03e-02 -5.11e-02 -4.96e-02 -4.72e-02 -4.50e-02 -4.40e-02 -4.47e-02 -4.68e-02 -5.05e-02 -5.57e-02 -6.25e-02 -7.14e-02 -8.24e-02 -9.62e-02 -1.13e-01 -1.34e-01 -1.59e-01 -1.86e-01 -2.13e-01 -2.35e-01 -2.43e-01 -2.35e-01 -2.13e-01 -1.86e-01 -1.59e-01 -1.34e-01 -1.13e-01 -9.62e-02 -8.24e-02 -7.14e-02 -6.25e-02 -5.57e-02 -5.05e-02 -4.68e-02 -4.47e-02 -4.40e-02 -4.50e-02 -4.72e-02 -4.96e-02 -5.11e-02 -5.03e-02 -4.67e-02 -4.04e-02 -3.23e-02 -2.39e-02 -1.63e-02 -1.03e-02 -5.94e-03 -2.98e-03 -8.94e-04 8.94e-04 
3.33e-03 -3.33e-03 -4.12e-03 -6.58e-03 -1.10e-02 -1.75e-02 -2.59e-02 -3.57e-02 -4.53e-02 -5.34e-02 -5.86e-02 -6.04e-02 -5.93e-02 -5.67e-02 -5.40e-02 -5.23e-02 -5.21e-02 -5.38e-02 -5.72e-02 -6.22e-02 -6.89e-02 -7.72e-02 -8.76e-02 -1.00e-01 -1.15e-01 -1.32e-01 -1.51e-01 -1.71e-01 -1.89e-01 -2.02e-01 -2.07e-01 -2.02e-01 -1.89e-01 -1.71e-01 -1.51e-01 -1.32e-01 -1.15e-01 -1.00e-01 -8.76e-02 -7.72e-02 -6.89e-02 -6.22e-02 -5.72e-02 -5.38e-02 -5.21e-02 -5.23e-02 -5.40e-02 -5.67e-02 -5.93e-02 -6.04e-02 -5.86e-02 -5.34e-02 -4.53e-02 -3.57e-02 -2.59e-02 -1.74e-02 -1.08e-02 -6.16e-03 -3.05e-03 -9.11e-04 9.11e-04 
3.16e-03 -3.16e-03 -3.96e-03 -6.45e-03 -1.10e-02 -1.78e-02 -2.69e-02 -3.77e-02 -4.90e-02 -5.90e-02 -6.61e-02 -6.94e-02 -6.92e-02 -6.67e-02 -6.34e-02 -6.10e-02 -6.00e-02 -6.08e-02 -6.35e-02 -6.79e-02 -7.39e-02 -8.16e-02 -9.08e-02 -1.02e-01 -1.14e-01 -1.28e-01 -1.43e-01 -1.57e-01 -1.70e-01 -1.78e-01 -1.82e-01 -1.78e-01 -1.70e-01 -1.57e-01 -1.43e-01 -1.28e-01 -1.14e-01 -1.02e-01 -9.08e-02 -8.16e-02 -7.39e-02 -6.79e-02 -6.35e-02 -6.08e-02 -6.00e-02 -6.10e-02 -6.34e-02 -6.67e-02 -6.92e-02 -6.94e-02 -6.61e-02 -5.90e-02 -4.90e-02 -3.77e-02 -2.69e-02 -1.77e-02 -1.08e-02 -6.07e-03 -2.97e-03 -8.81e-04 8.81e-04 
2.85e-03 -2.85e-03 -3.61e-03 -6.04e-03 -1.05e-02 -1.73e-02 -2.68e-02 -3.85e-02 -5.11e-02 -6.30e-02 -7.23e-02 -7.76e-02 -7.89e-02 -7.71e-02 -7.37e-02 -7.03e-02 -6.82e-02 -6.80e-02 -6.97e-02 -7.32e-02 -7.84e-02 -8.49e-02 -9.29e-02 -1.02e-01 -1.12e-01 -1.24e-01 -1.35e-01 -1.45e-01 -1.54e-01 -1.61e-01 -1.63e-01 -1.61e-01 -1.54e-01 -1.45e-01 -1.35e-01 -1.24e-01 -1.12e-01 -1.02e-01 -9.29e-02 -8.49e-02 -7.84e-02 -7.32e-02 -6.97e-02 -6.80e-02 -6.82e-02 -7.03e-02 -7.37e-02 -7.71e-02 -7.89e-02 -7.76e-02 -7.23e-02 -6.30e-02 -5.11e-02 -3.84e-02 -2.68e-02 -1.73e-02 -1.04e-02 -5.71e-03 -2.76e-03 -8.09e-04 8.09e-04 
2.43e-03 -2.43e-03 -3.14e-03 -5.40e-03 -9.59e-03 -1.62e-02 -2.57e-02 -3.78e-02 -5.15e-02 -6.51e-02 -7.68e-02 -8.46e-02 -8.80e-02 -8.74e-02 -8.44e-02 -8.06e-02 -7.75e-02 -7.59e-02 -7.63e-02 -7.85e-02 -8.25e-02 -8.78e-02 -9.44e-02 -1.02e-01 -1.10e-01 -1.19e-01 -1.28e-01 -1.36e-01 -1.42e-01 -1.47e-01 -1.48e-01 -1.47e-01 -1.42e-01 -1.36e-01 -1.28e-01 -1.19e-01 -1.10e-01 -1.02e-01 -9.44e-02 -8.78e-02 -8.25e-02 -7.85e-02 -7.63e-02 -7.59e-02 -7.75e-02 -8.06e-02 -8.44e-02 -8.74e-02 -8.80e-02 -8.46e-02 -7.68e-02 -6.51e-02 -5.15e-02 -3.78e-02 -2.57e-02 -1.62e-02 -9.50e-03 -5.14e-03 -2.44e-03 -7.08e-04 7.08e-04 
1.97e-03 -1.97e-03 -2.60e-03 -4.61e-03 -8.41e-03 -1.46e-02 -2.36e-02 -3.57e-02 -5.00e-02 -6.52e-02 -7.91e-02 -8.97e-02 -9.59e-02 -9.75e-02 -9.55e-02 -9.17e-02 -8.78e-02 -8.49e-02 -8.38e-02 -8.45e-02 -8.69e-02 -9.09e-02 -9.60e-02 -1.02e-01 -1.09e-01 -1.15e-01 -1.22e-01 -1.28e-01 -1.33e-01 -1.36e-01 -1.37e-01 -1.36e-01 -1.33e-01 -1.28e-01 -1.22e-01 -1.15e-01 -1.09e-01 -1.02e-01 -9.60e-02 -9.09e-02 -8.69e-02 -8.45e-02 -8.38e-02 -8.49e-02 -8.78e-02 -9.17e-02 -9.55e-02 -9.75e-02 -9.59e-02 -8.97e-02 -7.91e-02 -6.52e-02 -5.00e-02 -3.57e-02 -2.36e-02 -1.46e-02 -8.35e-03 -4.42e-03 -2.06e-03 -5.88e-04 5.88e-04 
1.51e-03 -1.51e-03 -2.04e-03 -3.76e-03 -7.07e-03 -1.26e-02 -2.09e-02 -3.25e-02 -4.69e-02 -6.30e-02 -7.88e-02 -9.23e-02 -1.02e-01 -1.06e-01 -1.06e-01 -1.03e-01 -9.93e-02 -9.54e-02 -9.27e-02 -9.17e-02 -9.24e-02 -9.46e-02 -9.82e-02 -1.03e-01 -1.08e-01 -1.13e-01 -1.18e-01 -1.22e-01 -1.26e-01 -1.28e-01 -1.29e-01 -1.28e-01 -1.26e-01 -1.22e-01 -1.18e-01 -1.13e-01 -1.08e-01 -1.03e-01 -9.82e-02 -9.46e-02 -9.24e-02 -9.17e-02 -9.27e-02 -9.54e-02 -9.93e-02 -1.03e-01 -1.06e-01 -1.06e-01 -1.02e-01 -9.23e-02 -7.88e-02 -6.30e-02 -4.69e-02 -3.25e-02 -2.09e-02 -1.26e-02 -7.03e-03 -3.63e-03 -1.65e-03 -4.63e-04 4.63e-04 
1.08e-03 -1.08e-03 -1.51e-03 -2.92e-03 -5.68e-03 -1.04e-02 -1.77e-02 -2.83e-02 -4.22e-02 -5.86e-02 -7.58e-02 -9.19e-02 -1.05e-01 -1.13e-01 -1.16e-01 -1.15e-01 -1.12e-01 -1.07e-01 -1.04e-01 -1.01e-01 -9.97e-02 -1.00e-01 -1.02e-01 -1.04e-01 -1.08e-01 -1.11e-01 -1.15e-01 -1.18e-01 -1.21e-01 -1.23e-01 -1.23e-01 -1.23e-01 -1.21e-01 -1.18e-01 -1.15e-01 -1.11e-01 -1.08e-01 -1.04e-01 -1.02e-01 -1.00e-01 -9.97e-02 -1.01e-01 -1.04e-01 -1.07e-01 -1.12e-01 -1.15e-01 -1.16e-01 -1.13e-01 -1.05e-01 -9.19e-02 -7.58e-02 -5.86e-02 -4.22e-02 -2.83e-02 -1.77e-02 -1.04e-02 -5.66e-03 -2.84e-03 -1.25e-03 -3.43e-04 3.43e-04 
7.27e-04 -7.27e-04 -1.05e-03 -2.15e-03 -4.35e-03 -8.19e-03 -1.44e-02 -2.37e-02 -3.65e-02 -5.23e-02 -7.01e-02 -8.80e-02 -1.04e-01 -1.16e-01 -1.23e-01 -1.25e-01 -1.24e-01 -1.20e-01 -1.16e-01 -1.12e-01 -1.09e-01 -1.08e-01 -1.08e-01 -1.09e-01 -1.10e-01 -1.12e-01 -1.15e-01 -1.17e-01 -1.19e-01 -1.20e-01 -1.20e-01 -1.20e-01 -1.19e-01 -1.17e-01 -1.15e-01 -1.12e-01 -1.10e-01 -1.09e-01 -1.08e-01 -1.08e-01 -1.09e-01 -1.12e-01 -1.16e-01 -1.20e-01 -1.24e-01 -1.25e-01 -1.23e-01 -1.16e-01 -1.04e-01 -8.80e-02 -7.01e-02 -5.23e-02 -3.65e-02 -2.37e-02 -1.44e-02 -8.19e-03 -4.34e-03 -2.10e-03 -8.90e-04 -2.38e-04 2.38e-04 
4.49e-04 -4.49e-04 -6.84e-04 -1.49e-03 -3.16e-03 -6.17e-03 -1.12e-02 -1.89e-02 -3.01e-02 -4.47e-02 -6.21e-02 -8.08e-02 -9.90e-02 -1.15e-01 -1.26e-01 -1.33e-01 -1.35e-01 -1.33e-01 -1.30e-01 -1.26e-01 -1.22e-01 -1.19e-01 -1.17e-01 -1.16e-01 -1.16e-01 -1.16e-01 -1.17e-01 -1.18e-01 -1.19e-01 -1.20e-01 -1.20e-01 -1.20e-01 -1.19e-01 -1.18e-01 -1.17e-01 -1.16e-01 -1.16e-01 -1.16e-01 -1.17e-01 -1.19e-01 -1.22e-01 -1.26e-01 -1.30e-01 -1.33e-01 -1.35e-01 -1.33e-01 -1.26e-01 -1.15e-01 -9.90e-02 -8.08e-02 -6.21e-02 -4.47e-02 -3.01e-02 -1.89e-02 -1.12e-02 -6.17e-03 -3.15e-03 -1.46e-03 -5.91e-04 -1.52e-04 1.52e-04 
2.53e-04 -2.53e-04 -4.09e-04 -9.63e-04 -2.16e-03 -4.41e-03 -8.25e-03 -1.44e-02 -2.36e-02 -3.64e-02 -5.24e-02 -7.09e-02 -9.02e-02 -1.08e-01 -1.24e-01 -1.35e-01 -1.42e-01 -1.44e-01 -1.43e-01 -1.40e-01 -1.37e-01 -1.33e-01 -1.29e-01 -1.27e-01 -1.25e-01 -1.24e-01 -1.24e-01 -1.24e-01 -1.24e-01 -1.24e-01 -1.24e-01 -1.24e-01 -1.24e-01 -1.24e-01 -1.24e-01 -1.24e-01 -1.25e-01 -1.27e-01 -1.29e-01 -1.33e-01 -1.37e-01 -1.40e-01 -1.43e-01 -1.44e-01 -1.42e-01 -1.35e-01 -1.24e-01 -1.08e-01 -9.02e-02 -7.09e-02 -5.24e-02 -3.64e-02 -2.36e-02 -1.44e-02 -8.25e-03 -4.41e-03 -2.16e-03 -9.51e-04 -3.62e-04 -8.90e-05 8.90e-05 
1.28e-04 -1.28e-04 -2.22e-04 -5.73e-04 -1.38e-03 -2.98e-03 -5.79e-03 -1.04e-02 -1.77e-02 -2.82e-02 -4.21e-02 -5.91e-02 -7.82e-02 -9.78e-02 -1.16e-01 -1.31e-01 -1.43e-01 -1.50e-01 -1.53e-01 -1.53e-01 -1.51e-01 -1.48e-01 -1.45e-01 -1.42e-01 -1.39e-01 -1.37e-01 -1.35e-01 -1.34e-01 -1.34e-01 -1.33e-01 -1.33e-01 -1.33e-01 -1.34e-01 -1.34e-01 -1.35e-01 -1.37e-01 -1.39e-01 -1.42e-01 -1.45e-01 -1.48e-01 -1.51e-01 -1.53e-01 -1.53e-01 -1.50e-01 -1.43e-01 -1.31e-01 -1.16e-01 -9.78e-02 -7.82e-02 -5.91e-02 -4.21e-02 -2.82e-02 -1.77e-02 -1.04e-02 -5.79e-03 -2.98e-03 -1.38e-03 -5.68e-04 -2.01e-04 -4.66e-05 4.66e-05 
5.69e-05 -5.69e-05 -1.08e-04 -3.08e-04 -8.11e-04 -1.87e-03 -3.84e-03 -7.18e-03 -1.25e-02 -2.06e-02 -3.20e-02 -4.67e-02 -6.42e-02 -8.35e-02 -1.03e-01 -1.21e-01 -1.37e-01 -1.49e-01 -1.57e-01 -1.61e-01 -1.63e-01 -1.62e-01 -1.61e-01 -1.58e-01 -1.55e-01 -1.53e-01 -1.51e-01 -1.49e-01 -1.48e-01 -1.48e-01 -1.47e-01 -1.48e-01 -1.48e-01 -1.49e-01 -1.51e-01 -1.53e-01 -1.55e-01 -1.58e-01 -1.61e-01 -1.62e-01 -1.63e-01 -1.61e-01 -1.57e-01 -1.49e-01 -1.37e-01 -1.21e-01 -1.03e-01 -8.35e-02 -6.42e-02 -4.67e-02 -3.20e-02 -2.06e-02 -1.25e-02 -7.18e-03 -3.84e-03 -1.87e-03 -8.11e-04 -3.07e-04 -9.92e-05 -2.15e-05 2.15e-05 
2.22e-05 -2.22e-05 -4.60e-05 -1.48e-04 -4.28e-04 -1.08e-03 -2.38e-03 -4.68e-03 -8.44e-03 -1.43e-02 -2.30e-02 -3.49e-02 -4.98e-02 -6.72e-02 -8.63e-02 -1.06e-01 -1.24e-01 -1.40e-01 -1.53e-01 -1.62e-01 -1.68e-01 -1.71e-01 -1.73e-01 -1.72e-01 -1.71e-01 -1.70e-01 -1.68e-01 -1.67e-01 -1.66e-01 -1.65e-01 -1.65e-01 -1.65e-01 -1.66e-01 -1.67e-01 -1.68e-01 -1.70e-01 -1.71e-01 -1.72e-01 -1.73e-01 -1.71e-01 -1.68e-01 -1.62e-01 -1.53e-01 -1.40e-01 -1.24e-01 -1.06e-01 -8.63e-02 -6.72e-02 -4.98e-02 -3.49e-02 -2.30e-02 -1.43e-02 -8.44e-03 -4.68e-03 -2.38e-03 -1.08e-03 -4.28e-04 -1.47e-04 -4.31e-05 -8.65e-06 8.65e-06 
7.46e-06 -7.46e-06 -1.71e-05 -6.18e-05 -2.00e-04 -5.56e-04 -1.34e-03 -2.83e-03 -5.38e-03 -9.42e-03 -1.56e-02 -2.44e-02 -3.63e-02 -5.10e-02 -6.80e-02 -8.64e-02 -1.05e-01 -1.23e-01 -1.39e-01 -1.53e-01 -1.63e-01 -1.71e-01 -1.77e-01 -1.80e-01 -1.82e-01 -1.82e-01 -1.82e-01 -1.82e-01 -1.82e-01 -1.82e-01 -1.82e-01 -1.82e-01 -1.82e-01 -1.82e-01 -1.82e-01 -1.82e-01 -1.82e-01 -1.80e-01 -1.77e-01 -1.71e-01 -1.63e-01 -1.53e-01 -1.39e-01 -1.23e-01 -1.05e-01 -8.64e-02 -6.80e-02 -5.10e-02 -3.63e-02 -2.44e-02 -1.56e-02 -9.42e-03 -5.38e-03 -2.83e-03 -1.34e-03 -5.56e-04 -2.00e-04 -6.16e-05 -1.62e-05 -3.00e-06 3.00e-06 
2.15e-06 -2.15e-06 -5.49e-06 -2.24e-05 -8.10e-05 -2.52e-04 -6.73e-04 -1.56e-03 -3.18e-03 -5.86e-03 -9.99e-03 -1.61e-02 -2.48e-02 -3.62e-02 -5.02e-02 -6.62e-02 -8.36e-02 -1.01e-01 -1.19e-01 -1.34e-01 -1.48e-01 -1.60e-01 -1.69e-01 -1.76e-01 -1.82e-01 -1.85e-01 -1.88e-01 -1.89e-01 -1.90e-01 -1.91e-01 -1.91e-01 -1.91e-01 -1.90e-01 -1.89e-01 -1.88e-01 -1.85e-01 -1.82e-01 -1.76e-01 -1.69e-01 -1.60e-01 -1.48e-01 -1.34e-01 -1.19e-01 -1.01e-01 -8.36e-02 -6.62e-02 -5.02e-02 -3.62e-02 -2.48e-02 -1.61e-02 -9.99e-03 -5.86e-03 -3.18e-03 -1.56e-03 -6.73e-04 -2.52e-04 -8.10e-05 -2.24e-05 -5.27e-06 -8.89e-07 8.89e-07 
5.32e-07 -5.32e-07 -1.51e-06 -6.98e-06 -2.84e-05 -9.88e-05 -2.95e-04 -7.61e-04 -1.70e-03 -3.37e-03 -6.05e-03 -1.01e-02 -1.60e-02 -2.41e-02 -3.46e-02 -4.73e-02 -6.19e-02 -7.78e-02 -9.41e-02 -1.10e-01 -1.25e-01 -1.39e-01 -1.51e-01 -1.61e-01 -1.69e-01 -1.75e-01 -1.80e-01 -1.83e-01 -1.86e-01 -1.87e-01 -1.88e-01 -1.87e-01 -1.86e-01 -1.83e-01 -1.80e-01 -1.75e-01 -1.69e-01 -1.61e-01 -1.51e-01 -1.39e-01 -1.25e-01 -1.10e-01 -9.41e-02 -7.78e-02 -6.19e-02 -4.73e-02 -3.46e-02 -2.41e-02 -1.60e-02 -1.01e-02 -6.05e-03 -3.37e-03 -1.70e-03 -7.61e-04 -2.95e-04 -9.88e-05 -2.84e-05 -6.98e-06 -1.47e-06 -2.25e-07 2.25e-07 
1.12e-07 -1.12e-07 -3.56e-07 -1.86e-06 -8.51e-06 -3.33e-05 -1.12e-04 -3.23e-04 -8.04e-04 -1.75e-03 -3.37e-03 -5.91e-03 -9.68e-03 -1.50e-02 -2.23e-02 -3.15e-02 -4.26e-02 -5.54e-02 -6.93e-02 -8.37e-02 -9.80e-02 -1.12e-01 -1.24e-01 -1.36e-01 -1.45e-01 -1.53e-01 -1.60e-01 -1.65e-01 -1.68e-01 -1.70e-01 -1.71e-01 -1.70e-01 -1.68e-01 -1.65e-01 -1.60e-01 -1.53e-01 -1.45e-01 -1.36e-01 -1.24e-01 -1.12e-01 -9.80e-02 -8.37e-02 -6.93e-02 -5.54e-02 -4.26e-02 -3.15e-02 -2.23e-02 -1.50e-02 -9.68e-03 -5.91e-03 -3.37e-03 -1.75e-03 -8.04e-04 -3.23e-04 -1.12e-04 -3.33e-05 -8.51e-06 -1.86e-06 -3.48e-07 -4.83e-08 4.83e-08 
1.99e-08 -1.99e-08 -7.16e-08 -4.24e-07 -2.18e-06 -9.63e-06 -3.64e-05 -1.18e-04 -3.29e-04 -7.94e-04 -1.68e-03 -3.17e-03 -5.47e-03 -8.82e-03 -1.35e-02 -1.96e-02 -2.74e-02 -3.67e-02 -4.73e-02 -5.88e-02 -7.09e-02 -8.30e-02 -9.46e-02 -1.05e-01 -1.15e-01 -1.24e-01 -1.31e-01 -1.36e-01 -1.40e-01 -1.42e-01 -1.43e-01 -1.42e-01 -1.40e-01 -1.36e-01 -1.31e-01 -1.24e-01 -1.15e-01 -1.05e-01 -9.46e-02 -8.30e-02 -7.09e-02 -5.88e-02 -4.73e-02 -3.67e-02 -2.74e-02 -1.96e-02 -1.35e-02 -8.82e-03 -5.47e-03 -3.17e-03 -1.68e-03 -7.94e-04 -3.29e-04 -1.18e-04 -3.64e-05 -9.63e-06 -2.18e-06 -4.24e-07 -7.03e-08 -8.77e-09 8.77e-09 
3.01e-09 -3.01e-09 -1.22e-08 -8.23e-08 -4.78e-07 -2.38e-06 -1.01e-05 -3.69e-05 -1.15e-04 -3.12e-04 -7.33e-04 -1.52e-03 -2.81e-03 -4.79e-03 -7.60e-03 -1.14e-02 -1.64e-02 -2.27e-02 -3.00e-02 -3.84e-02 -4.75e-02 -5.69e-02 -6.64e-02 -7.56e-02 -8.41e-02 -9.17e-02 -9.81e-02 -1.03e-01 -1.07e-01 -1.09e-01 -1.10e-01 -1.09e-01 -1.07e-01 -1.03e-01 -9.81e-02 -9.17e-02 -8.41e-02 -7.56e-02 -6.64e-02 -5.69e-02 -4.75e-02 -3.84e-02 -3.00e-02 -2.27e-02 -1.64e-02 -1.14e-02 -7.60e-03 -4.79e-03 -2.81e-03 -1.52e-03 -7.33e-04 -3.12e-04 -1.15e-04 -3.69e-05 -1.01e-05 -2.38e-06 -4.78e-07 -8.22e-08 -1.20e-08 -1.35e-09 1.35e-09 
3.81e-10 -3.81e-10 -1.77e-09 -1.35e-08 -8.92e-08 -5.00e-07 -2.40e-06 -9.85e-06 -3.47e-05 -1.05e-04 -2.76e-04 -6.32e-04 -1.28e-03 -2.34e-03 -3.94e-03 -6.18e-03 -9.20e-03 -1.31e-02 -1.78e-02 -2.33e-02 -2.95e-02 -3.62e-02 -4.31e-02 -5.00e-02 -5.66e-02 -6.27e-02 -6.79e-02 -7.22e-02 -7.53e-02 -7.73e-02 -7.79e-02 -7.73e-02 -7.53e-02 -7.22e-02 -6.79e-02 -6.27e-02 -5.66e-02 -5.00e-02 -4.31e-02 -3.62e-02 -2.95e-02 -2.33e-02 -1.78e-02 -1.31e-02 -9.20e-03 -6.18e-03 -3.94e-03 -2.34e-03 -1.28e-03 -6.32e-04 -2.76e-04 -1.05e-04 -3.47e-05 -9.85e-06 -2.40e-06 -5.00e-07 -8.92e-08 -1.35e-08 -1.75e-09 -1.73e-10 1.73e-10 
4.04e-11 -4.04e-11 -2.15e-10 -1.89e-09 -1.41e-08 -8.98e-08 -4.86e-07 -2.25e-06 -8.90e-06 -3.03e-05 -8.89e-05 -2.27e-04 -5.08e-04 -1.01e-03 -1.83e-03 -3.04e-03 -4.73e-03 -6.96e-03 -9.78e-03 -1.32e-02 -1.71e-02 -2.15e-02 -2.61e-02 -3.09e-02 -3.55e-02 -3.99e-02 -4.37e-02 -4.69e-02 -4.93e-02 -5.07e-02 -5.12e-02 -5.07e-02 -4.93e-02 -4.69e-02 -4.37e-02 -3.99e-02 -3.55e-02 -3.09e-02 -2.61e-02 -2.15e-02 -1.71e-02 -1.32e-02 -9.78e-03 -6.96e-03 -4.73e-03 -3.04e-03 -1.83e-03 -1.01e-03 -5.08e-04 -2.27e-04 -8.89e-05 -3.03e-05 -8.90e-06 -2.25e-06 -4.86e-07 -8.98e-08 -1.41e-08 -1.89e-09 -2.13e-10 -1.86e-11 1.86e-11 
3.54e-12 -3.54e-12 -2.19e-11 -2.22e-10 -1.90e-09 -1.37e-08 -8.39e-08 -4.38e-07 -1.95e-06 -7.46e-06 -2.46e-05 -7.00e-05 -1.74e-04 -3.81e-04 -7.49e-04 -1.34e-03 -2.21e-03 -3.42e-03 -5.01e-03 -6.99e-03 -9.36e-03 -1.21e-02 -1.50e-02 -1.81e-02 -2.12e-02 -2.42e-02 -2.68e-02 -2.91e-02 -3.08e-02 -3.18e-02 -3.22e-02 -3.18e-02 -3.08e-02 -2.91e-02 -2.68e-02 -2.42e-02 -2.12e-02 -1.81e-02 -1.50e-02 -1.21e-02 -9.36e-03 -6.99e-03 -5.01e-03 -3.42e-03 -2.21e-03 -1.34e-03 -7.49e-04 -3.81e-04 -1.74e-04 -7.00e-05 -2.46e-05 -7.46e-06 -1.95e-06 -4.38e-07 -8.39e-08 -1.37e-08 -1.90e-09 -2.22e-10 -2.17e-11 -1.65e-12 1.65e-12 
2.55e-13 -2.55e-13 -1.85e-12 -2.19e-11 -2.16e-10 -1.79e-09 -1.25e-08 -7.40e-08 -3.74e-07 -1.61e-06 -6.00e-06 -1.92e-05 -5.37e-05 -1.31e-04 -2.85e-04 -5.58e-04 -9.97e-04 -1.65e-03 -2.55e-03 -3.74e-03 -5.21e-03 -6.94e-03 -8.89e-03 -1.10e-02 -1.31e-02 -1.52e-02 -1.71e-02 -1.87e-02 -2.00e-02 -2.07e-02 -2.10e-02 -2.07e-02 -2.00e-02 -1.87e-02 -1.71e-02 -1.52e-02 -1.31e-02 -1.10e-02 -8.89e-03 -6.94e-03 -5.21e-03 -3.74e-03 -2.55e-03 -1.65e-03 -9.97e-04 -5.58e-04 -2.85e-04 -1.31e-04 -5.37e-05 -1.92e-05 -6.00e-06 -1.61e-06 -3.74e-07 -7.40e-08 -1.25e-08 -1.79e-09 -2.16e-10 -2.19e-11 -1.85e-12 -1.20e-13 1.20e-13 
2.93e-14 -2.93e-14 -2.55e-13 -3.56e-12 -4.08e-11 -3.87e-10 -3.08e-09 -2.06e-08 -1.17e-07 -5.67e-07 -2.35e-06 -8.34e-06 -2.56e-05 -6.87e-05 -1.62e-04 -3.40e-04 -6.45e-04 -1.12e-03 -1.81e-03 -2.73e-03 -3.91e-03 -5.32e-03 -6.94e-03 -8.70e-03 -1.05e-02 -1.23e-02 -1.40e-02 -1.54e-02 -1.64e-02 -1.71e-02 -1.74e-02 -1.71e-02 -1.64e-02 -1.54e-02 -1.40e-02 -1.23e-02 -1.05e-02 -8.70e-03 -6.94e-03 -5.32e-03 -3.91e-03 -2.73e-03 -1.81e-03 -1.12e-03 -6.45e-04 -3.40e-04 -1.62e-04 -6.87e-05 -2.56e-05 -8.34e-06 -2.35e-06 -5.67e-07 -1.17e-07 -2.06e-08 -3.08e-09 -3.87e-10 -4.08e-11 -3.56e-12 -2.55e-13 -1.40e-14 1.40e-14 
-2.93e-14 2.93e-14 2.55e-13 3.56e-12 4.08e-11 3.87e-10 3.08e-09 2.06e-08 1.17e-07 5.67e-07 2.35e-06 8.34e-06 2.56e-05 6.87e-05 1.62e-04 3.40e-04 6.45e-04 1.12e-03 1.81e-03 2.73e-03 3.91e-03 5.32e-03 6.94e-03 8.70e-03 1.05e-02 1.23e-02 1.40e-02 1.54e-02 1.64e-02 1.71e-02 1.74e-02 1.71e-02 1.64e-02 1.54e-02 1.40e-02 1.23e-02 1.05e-02 8.70e-03 6.94e-03 5.32e-03 3.91e-03 2.73e-03 1.81e-03 1.12e-03 6.45e-04 3.40e-04 1.62e-04 6.87e-05 2.56e-05 8.34e-06 2.35e-06 5.67e-07 1.17e-07 2.06e-08 3.08e-09 3.87e-10 4.08e-11 3.56e-12 2.55e-13 1.40e-14 -1.40e-14 
