0.00e+00 -0.00e+00 -0.00e+00 -0.00e+00 -0.00e+00 -0.00e+00 -0.00e+00 -0.00e+00 -2.33e-19 -2.08e-17 -8.64e-16 -2.21e-14 -3.91e-13 -5.08e-12 -5.03e-11 -3.89e-10 -2.38e-09 -1.18e-08 -4.75e-08 -1.58e-07 -4.40e-07 -1.04e-06 -2.15e-06 -3.91e-06 -6.38e-06 -9.49e-06 -1.30e-05 -1.64e-05 -1.94e-05 -2.13e-05 -2.20e-05 -2.13e-05 -1.94e-05 -1.64e-05 -1.30e-05 -9.49e-06 -6.38e-06 -3.91e-06 -2.15e-06 -1.04e-06 -4.40e-07 -1.58e-07 -4.75e-08 -1.18e-08 -2.38e-09 -3.89e-10 -5.03e-11 -5.08e-12 -3.91e-13 -2.21e-14 -8.64e-16 -2.08e-17 -2.33e-19 -0.00e+00 -0.00e+00 -0.00e+00 -0.00e+00 -0.00e+00 -0.00e+00 -0.00e+00 0.00e+00 
-0.00e+00 0.00e+00 0.00e+00 0.00e+00 0.00e+00 0.00e+00 0.00e+00 0.00e+00 2.33e-19 2.08e-17 8.64e-16 2.21e-14 3.91e-13 5.08e-12 5.03e-11 3.89e-10 2.38e-09 1.18e-08 4.75e-08 1.58e-07 4.40e-07 1.04e-06 2.15e-06 3.91e-06 6.38e-06 9.49e-06 1.30e-05 1.64e-05 1.94e-05 2.13e-05 2.20e-05 2.13e-05 1.94e-05 1.64e-05 1.30e-05 9.49e-06 6.38e-06 3.91e-06 2.15e-06 1.04e-06 4.40e-07 1.58e-07 4.75e-08 1.18e-08 2.38e-09 3.89e-10 5.03e-11 5.08e-12 3.91e-13 2.21e-14 8.64e-16 2.08e-17 2.33e-19 0.00e+00 0.00e+00 0.00e+00 0.00e+00 0.00e+00 0.00e+00 0.00e+00 -0.00e+00 
-0.00e+00 0.00e+00 0.00e+00 0.00e+00 0.00e+00 0.00e+00 0.00e+00 2.83e-19 2.67e-17 1.17e-15 3.18e-14 5.97e-13 8.26e-12 8.74e-11 7.24e-10 4.77e-09 2.54e-08 1.10e-07 3.95e-07 1.18e-06 3.01e-06 6.61e-06 1.28e-05 2.20e-05 3.45e-05 4.97e-05 6.62e-05 8.22e-05 9.56e-05 1.05e-04 1.08e-04 1.05e-04 9.56e-05 8.22e-05 6.62e-05 4.97e-05 3.45e-05 2.20e-05 1.28e-05 6.61e-06 3.01e-06 1.18e-06 3.95e-07 1.10e-07 2.54e-08 4.77e-09 7.24e-10 8.74e-11 8.26e-12 5.97e-13 3.18e-14 1.17e-15 2.67e-17 2.83e-19 0.00e+00 0.00e+00 0.00e+00 0.00e+00 0.00e+00 0.00e+00 -0.00e+00 
-0.00e+00 0.00e+00 0.00e+00 0.00e+00 0.00e+00 0.00e+00 3.19e-19 3.13e-17 1.44e-15 4.08e-14 8.04e-13 1.17e-11 1.30e-10 1.14e-09 7.93e-09 4.47e-08 2.05e-07 7.78e-07 2.46e-06 6.58e-06 1.51e-05 3.04e-05 5.45e-05 8.86e-05 1.32e-04 1.83e-04 2.36e-04 2.86e-04 3.28e-04 3.55e-04 3.65e-04 3.55e-04 3.28e-04 2.86e-04 2.36e-04 1.83e-04 1.32e-04 8.86e-05 5.45e-05 3.04e-05 1.51e-05 6.58e-06 2.46e-06 7.78e-07 2.05e-07 4.47e-08 7.93e-09 1.14e-09 1.30e-10 1.17e-11 8.04e-13 4.08e-14 1.44e-15 3.13e-17 3.19e-19 0.00e+00 0.00e+00 0.00e+00 0.00e+00 0.00e+00 -0.00e+00 
-0.00e+00 0.00e+00 0.00e+00 0.00e+00 0.00e+00 3.31e-19 3.39e-17 1.62e-15 4.81e-14 9.93e-13 1.52e-11 1.77e-10 1.63e-09 1.20e-08 7.11e-08 3.45e-07 1.38e-06 4.59e-06 1.29e-05 3.08e-05 6.43e-05 1.19e-04 1.99e-04 3.06e-04 4.37e-04 5.82e-04 7.31e-04 8.68e-04 9.80e-04 1.05e-03 1.08e-03 1.05e-03 9.80e-04 8.68e-04 7.31e-04 5.82e-04 4.37e-04 3.06e-04 1.99e-04 1.19e-04 6.43e-05 3.08e-05 1.29e-05 4.59e-06 1.38e-06 3.45e-07 7.11e-08 1.20e-08 1.63e-09 1.77e-10 1.52e-11 9.93e-13 4.81e-14 1.62e-15 3.39e-17 3.31e-19 0.00e+00 0.00e+00 0.00e+00 0.00e+00 -0.00e+00 
-0.00e+00 0.00e+00 0.00e+00 0.00e+00 3.19e-19 3.39e-17 1.69e-15 5.22e-14 1.13e-12 1.80e-11 2.21e-10 2.13e-09 1.65e-08 1.03e-07 5.25e-07 2.21e-06 7.72e-06 2.26e-05 5.65e-05 1.22e-04 2.33e-04 4.00e-04 6.30e-04 9.20e-04 1.26e-03 1.62e-03 1.99e-03 2.32e-03 2.58e-03 2.75e-03 2.81e-03 2.75e-03 2.58e-03 2.32e-03 1.99e-03 1.62e-03 1.26e-03 9.20e-04 6.30e-04 4.00e-04 2.33e-04 1.22e-04 5.65e-05 2.26e-05 7.72e-06 2.21e-06 5.25e-07 1.03e-07 1.65e-08 2.13e-09 2.21e-10 1.80e-11 1.13e-12 5.22e-14 1.69e-15 3.39e-17 3.19e-19 0.00e+00 0.00e+00 0.00e+00 -0.00e+00 
-0.00e+00 0.00e+00 0.00e+00 2.83e-19 3.13e-17 1.62e-15 5.22e-14 1.17e-12 1.96e-11 2.51e-10 2.54e-09 2.06e-08 1.35e-07 7.26e-07 3.21e-06 1.18e-05 3.60e-05 9.35e-05 2.09e-04 4.09e-04 7.20e-04 1.16e-03 1.73e-03 2.41e-03 3.18e-03 3.99e-03 4.79e-03 5.49e-03 6.05e-03 6.41e-03 6.53e-03 6.41e-03 6.05e-03 5.49e-03 4.79e-03 3.99e-03 3.18e-03 2.41e-03 1.73e-03 1.16e-03 7.20e-04 4.09e-04 2.09e-04 9.35e-05 3.60e-05 1.18e-05 3.21e-06 7.26e-07 1.35e-07 2.06e-08 2.54e-09 2.51e-10 1.96e-11 1.17e-12 5.22e-14 1.62e-15 3.13e-17 2.83e-19 0.00e+00 0.00e+00 -0.00e+00 
-0.00e+00 0.00e+00 2.33e-19 2.66e-17 1.43e-15 4.79e-14 1.12e-12 1.95e-11 2.62e-10 2.77e-09 2.35e-08 1.62e-07 9.11e-07 4.23e-06 1.62e-05 5.20e-05 1.40e-04 3.24e-04 6.51e-04 1.17e-03 1.91e-03 2.90e-03 4.13e-03 5.57e-03 7.14e-03 8.76e-03 1.03e-02 1.17e-02 1.28e-02 1.34e-02 1.37e-02 1.34e-02 1.28e-02 1.17e-02 1.03e-02 8.76e-03 7.14e-03 5.57e-03 4.13e-03 2.90e-03 1.91e-03 1.17e-03 6.51e-04 3.24e-04 1.40e-04 5.20e-05 1.62e-05 4.23e-06 9.11e-07 1.62e-07 2.35e-08 2.77e-09 2.62e-10 1.95e-11 1.12e-12 4.79e-14 1.43e-15 2.66e-17 2.33e-19 0.00e+00 -0.00e+00 
-3.53e-19 3.53e-19 2.09e-17 1.17e-15 4.05e-14 9.86e-13 1.78e-11 2.49e-10 2.76e-09 2.45e-08 1.76e-07 1.04e-06 5.06e-06 2.03e-05 6.80e-05 1.91e-04 4.55e-04 9.40e-04 1.72e-03 2.87e-03 4.42e-03 6.41e-03 8.80e-03 1.15e-02 1.44e-02 1.74e-02 2.02e-02 2.26e-02 2.45e-02 2.57e-02 2.61e-02 2.57e-02 2.45e-02 2.26e-02 2.02e-02 1.74e-02 1.44e-02 1.15e-02 8.80e-03 6.41e-03 4.42e-03 2.87e-03 1.72e-03 9.40e-04 4.55e-04 1.91e-04 6.80e-05 2.03e-05 5.06e-06 1.04e-06 1.76e-07 2.45e-08 2.76e-09 2.49e-10 1.78e-11 9.86e-13 4.05e-14 1.17e-15 2.09e-17 1.76e-19 -1.76e-19 
-3.03e-17 3.03e-17 8.73e-16 3.15e-14 7.95e-13 1.50e-11 2.18e-10 2.51e-09 2.32e-08 1.75e-07 1.08e-06 5.50e-06 2.31e-05 8.09e-05 2.36e-04 5.83e-04 1.24e-03 2.31e-03 3.91e-03 6.14e-03 9.07e-03 1.27e-02 1.70e-02 2.17e-02 2.67e-02 3.17e-02 3.63e-02 4.02e-02 4.33e-02 4.52e-02 4.58e-02 4.52e-02 4.33e-02 4.02e-02 3.63e-02 3.17e-02 2.67e-02 2.17e-02 1.70e-02 1.27e-02 9.07e-03 6.14e-03 3.91e-03 2.31e-03 1.24e-03 5.83e-04 2.36e-04 8.09e-05 2.31e-05 5.50e-06 1.08e-06 1.75e-07 2.32e-08 2.51e-09 2.18e-10 1.50e-11 7.95e-13 3.15e-14 8.73e-16 1.50e-17 -1.50e-17 
-1.20e-15 1.20e-15 2.24e-14 5.88e-13 1.15e-11 1.74e-10 2.08e-09 2.01e-08 1.58e-07 1.02e-06 5.44e-06 2.40e-05 8.75e-05 2.66e-04 6.81e-04 1.49e-03 2.84e-03 4.90e-03 7.84e-03 1.18e-02 1.69e-02 2.31e-02 3.01e-02 3.78e-02 4.57e-02 5.33e-02 6.03e-02 6.62e-02 7.06e-02 7.34e-02 7.43e-02 7.34e-02 7.06e-02 6.62e-02 6.03e-02 5.33e-02 4.57e-02 3.78e-02 3.01e-02 2.31e-02 1.69e-02 1.18e-02 7.84e-03 4.90e-03 2.84e-03 1.49e-03 6.81e-04 2.66e-04 8.75e-05 2.40e-05 5.44e-06 1.02e-06 1.58e-07 2.01e-08 2.08e-09 1.74e-10 1.15e-11 5.88e-13 2.24e-14 5.91e-16 -5.91e-16 
-2.94e-14 2.94e-14 3.98e-13 8.07e-12 1.27e-10 1.58e-09 1.59e-08 1.31e-07 8.80e-07 4.90e-06 2.25e-05 8.61e-05 2.73e-04 7.27e-04 1.64e-03 3.22e-03 5.67e-03 9.25e-03 1.43e-02 2.09e-02 2.91e-02 3.88e-02 4.96e-02 6.10e-02 7.23e-02 8.30e-02 9.25e-02 1.00e-01 1.06e-01 1.10e-01 1.11e-01 1.10e-01 1.06e-01 1.00e-01 9.25e-02 8.30e-02 7.23e-02 6.10e-02 4.96e-02 3.88e-02 2.91e-02 2.09e-02 1.43e-02 9.25e-03 5.67e-03 3.22e-03 1.64e-03 7.27e-04 2.73e-04 8.61e-05 2.25e-05 4.90e-06 8.80e-07 1.31e-07 1.59e-08 1.58e-09 1.27e-10 8.07e-12 3.98e-13 1.43e-14 -1.43e-14 
-4.93e-13 4.93e-13 5.18e-12 8.43e-11 1.09e-09 1.14e-08 9.78e-08 6.89e-07 4.00e-06 1.93e-05 7.70e-05 2.56e-04 7.09e-04 1.66e-03 3.36e-03 6.07e-03 1.02e-02 1.61e-02 2.41e-02 3.44e-02 4.68e-02 6.08e-02 7.57e-02 9.09e-02 1.05e-01 1.19e-01 1.30e-01 1.40e-01 1.47e-01 1.51e-01 1.52e-01 1.51e-01 1.47e-01 1.40e-01 1.30e-01 1.19e-01 1.05e-01 9.09e-02 7.57e-02 6.08e-02 4.68e-02 3.44e-02 2.41e-02 1.61e-02 1.02e-02 6.07e-03 3.36e-03 1.66e-03 7.09e-04 2.56e-04 7.70e-05 1.93e-05 4.00e-06 6.89e-07 9.78e-08 1.14e-08 1.09e-09 8.43e-11 5.18e-12 2.38e-13 -2.38e-13 
-6.06e-12 6.06e-12 5.13e-11 6.88e-10 7.48e-09 6.66e-08 4.89e-07 2.97e-06 1.50e-05 6.27e-05 2.18e-04 6.33e-04 1.55e-03 3.25e-03 6.05e-03 1.04e-02 1.69e-02 2.61e-02 3.81e-02 5.28e-02 6.97e-02 8.79e-02 1.07e-01 1.25e-01 1.42e-01 1.56e-01 1.69e-01 1.79e-01 1.85e-01 1.90e-01 1.91e-01 1.90e-01 1.85e-01 1.79e-01 1.69e-01 1.56e-01 1.42e-01 1.25e-01 1.07e-01 8.79e-02 6.97e-02 5.28e-02 3.81e-02 2.61e-02 1.69e-02 1.04e-02 6.05e-03 3.25e-03 1.55e-03 6.33e-04 2.18e-04 6.27e-05 1.50e-05 2.97e-06 4.89e-07 6.66e-08 7.48e-09 6.88e-10 5.11e-11 2.89e-12 -2.89e-12 
-5.64e-11 5.64e-11 3.95e-10 4.44e-09 4.12e-08 3.15e-07 2.00e-06 1.05e-05 4.63e-05 1.69e-04 5.16e-04 1.32e-03 2.90e-03 5.61e-03 9.96e-03 1.67e-02 2.65e-02 3.97e-02 5.61e-02 7.52e-02 9.61e-02 1.18e-01 1.39e-01 1.58e-01 1.75e-01 1.90e-01 2.01e-01 2.10e-01 2.16e-01 2.20e-01 2.21e-01 2.20e-01 2.16e-01 2.10e-01 2.01e-01 1.90e-01 1.75e-01 1.58e-01 1.39e-01 1.18e-01 9.61e-02 7.52e-02 5.61e-02 3.97e-02 2.65e-02 1.67e-02 9.96e-03 5.61e-03 2.90e-03 1.32e-03 5.16e-04 1.69e-04 4.63e-05 1.05e-05 2.00e-06 3.15e-07 4.12e-08 4.44e-09 3.93e-10 2.66e-11 -2.66e-11 
-4.07e-10 4.07e-10 2.40e-09 2.30e-08 1.84e-07 1.22e-06 6.73e-06 3.10e-05 1.19e-04 3.84e-04 1.04e-03 2.39e-03 4.84e-03 8.92e-03 1.54e-02 2.53e-02 3.89e-02 5.61e-02 7.66e-02 9.94e-02 1.23e-01 1.46e-01 1.67e-01 1.85e-01 2.01e-01 2.13e-01 2.22e-01 2.29e-01 2.33e-01 2.36e-01 2.36e-01 2.36e-01 2.33e-01 2.29e-01 2.22e-01 2.13e-01 2.01e-01 1.85e-01 1.67e-01 1.46e-01 1.23e-01 9.94e-02 7.66e-02 5.61e-02 3.89e-02 2.53e-02 1.54e-02 8.92e-03 4.84e-03 2.39e-03 1.04e-03 3.84e-04 1.19e-04 3.10e-05 6.73e-06 1.22e-06 1.84e-07 2.30e-08 2.39e-09 1.89e-10 -1.89e-10 
-2.32e-09 2.32e-09 1.17e-08 9.66e-08 6.70e-07 3.88e-06 1.88e-05 7.63e-05 2.60e-04 7.44e-04 1.82e-03 3.88e-03 7.46e-03 1.34e-02 2.26e-02 3.58e-02 5.30e-02 7.40e-02 9.78e-02 1.23e-01 1.47e-01 1.69e-01 1.87e-01 2.02e-01 2.14e-01 2.22e-01 2.28e-01 2.32e-01 2.35e-01 2.36e-01 2.37e-01 2.36e-01 2.35e-01 2.32e-01 2.28e-01 2.22e-01 2.14e-01 2.02e-01 1.87e-01 1.69e-01 1.47e-01 1.23e-01 9.78e-02 7.40e-02 5.30e-02 3.58e-02 2.26e-02 1.34e-02 7.46e-03 3.88e-03 1.82e-03 7.44e-04 2.60e-04 7.63e-05 1.88e-05 3.88e-06 6.70e-07 9.66e-08 1.16e-08 1.06e-09 -1.06e-09 
-1.05e-08 1.05e-08 4.62e-08 3.31e-07 2.01e-06 1.03e-05 4.41e-05 1.59e-04 4.87e-04 1.27e-03 2.87e-03 5.81e-03 1.08e-02 1.89e-02 3.09e-02 4.73e-02 6.78e-02 9.16e-02 1.17e-01 1.41e-01 1.64e-01 1.82e-01 1.97e-01 2.07e-01 2.14e-01 2.19e-01 2.22e-01 2.24e-01 2.25e-01 2.26e-01 2.26e-01 2.26e-01 2.25e-01 2.24e-01 2.22e-01 2.19e-01 2.14e-01 2.07e-01 1.97e-01 1.82e-01 1.64e-01 1.41e-01 1.17e-01 9.16e-02 6.78e-02 4.73e-02 3.09e-02 1.89e-02 1.08e-02 5.81e-03 2.87e-03 1.27e-03 4.87e-04 1.59e-04 4.41e-05 1.03e-05 2.01e-06 3.31e-07 4.57e-08 4.77e-09 -4.77e-09 
-3.87e-08 3.87e-08 1.49e-07 9.39e-07 5.06e-06 2.30e-05 8.85e-05 2.89e-04 8.07e-04 1.95e-03 4.18e-03 8.15e-03 1.48e-02 2.51e-02 3.98e-02 5.89e-02 8.17e-02 1.07e-01 1.31e-01 1.53e-01 1.72e-01 1.86e-01 1.95e-01 2.01e-01 2.05e-01 2.07e-01 2.09e-01 2.10e-01 2.11e-01 2.11e-01 2.11e-01 2.11e-01 2.11e-01 2.10e-01 2.09e-01 2.07e-01 2.05e-01 2.01e-01 1.95e-01 1.86e-01 1.72e-01 1.53e-01 1.31e-01 1.07e-01 8.17e-02 5.89e-02 3.98e-02 2.51e-02 1.48e-02 8.15e-03 4.18e-03 1.95e-03 8.07e-04 2.89e-04 8.85e-05 2.30e-05 5.06e-06 9.38e-07 1.47e-07 1.72e-08 -1.72e-08 
-1.16e-07 1.16e-07 3.98e-07 2.23e-06 1.08e-05 4.42e-05 1.55e-04 4.66e-04 1.21e-03 2.77e-03 5.69e-03 1.08e-02 1.90e-02 3.14e-02 4.83e-02 6.92e-02 9.28e-02 1.17e-01 1.39e-01 1.58e-01 1.71e-01 1.80e-01 1.85e-01 1.88e-01 1.90e-01 1.92e-01 1.94e-01 1.96e-01 1.97e-01 1.99e-01 1.99e-01 1.99e-01 1.97e-01 1.96e-01 1.94e-01 1.92e-01 1.90e-01 1.88e-01 1.85e-01 1.80e-01 1.71e-01 1.58e-01 1.39e-01 1.17e-01 9.28e-02 6.92e-02 4.83e-02 3.14e-02 1.90e-02 1.08e-02 5.69e-03 2.77e-03 1.21e-03 4.66e-04 1.55e-04 4.42e-05 1.08e-05 2.23e-06 3.90e-07 5.08e-08 -5.08e-08 
-2.89e-07 2.89e-07 8.92e-07 4.49e-06 1.98e-05 7.46e-05 2.42e-04 6.79e-04 1.67e-03 3.66e-03 7.29e-03 1.34e-02 2.32e-02 3.71e-02 5.54e-02 7.69e-02 9.99e-02 1.22e-01 1.40e-01 1.54e-01 1.63e-01 1.68e-01 1.71e-01 1.73e-01 1.75e-01 1.78e-01 1.82e-01 1.86e-01 1.90e-01 1.93e-01 1.94e-01 1.93e-01 1.90e-01 1.86e-01 1.82e-01 1.78e-01 1.75e-01 1.73e-01 1.71e-01 1.68e-01 1.63e-01 1.54e-01 1.40e-01 1.22e-01 9.99e-02 7.69e-02 5.54e-02 3.71e-02 2.32e-02 1.34e-02 7.29e-03 3.66e-03 1.67e-03 6.79e-04 2.42e-04 7.46e-05 1.98e-05 4.49e-06 8.70e-07 1.24e-07 -1.24e-07 
-6.04e-07 6.04e-07 1.71e-06 7.86e-06 3.20e-05 1.12e-04 3.42e-04 9.10e-04 2.14e-03 4.53e-03 8.80e-03 1.59e-02 2.67e-02 4.16e-02 6.03e-02 8.13e-02 1.02e-01 1.21e-01 1.35e-01 1.45e-01 1.50e-01 1.53e-01 1.55e-01 1.57e-01 1.61e-01 1.67e-01 1.75e-01 1.83e-01 1.90e-01 1.95e-01 1.97e-01 1.95e-01 1.90e-01 1.83e-01 1.75e-01 1.67e-01 1.61e-01 1.57e-01 1.55e-01 1.53e-01 1.50e-01 1.45e-01 1.35e-01 1.21e-01 1.02e-01 8.13e-02 6.03e-02 4.16e-02 2.67e-02 1.59e-02 8.80e-03 4.53e-03 2.14e-03 9.10e-04 3.42e-04 1.12e-04 3.20e-05 7.85e-06 1.66e-06 2.55e-07 -2.55e-07 
-1.08e-06 1.08e-06 2.84e-06 1.21e-05 4.62e-05 1.53e-04 4.43e-04 1.13e-03 2.56e-03 5.28e-03 1.00e-02 1.77e-02 2.91e-02 4.42e-02 6.24e-02 8.18e-02 1.00e-01 1.15e-01 1.26e-01 1.32e-01 1.35e-01 1.36e-01 1.39e-01 1.44e-01 1.51e-01 1.61e-01 1.73e-01 1.86e-01 1.98e-01 2.06e-01 2.09e-01 2.06e-01 1.98e-01 1.86e-01 1.73e-01 1.61e-01 1.51e-01 1.44e-01 1.39e-01 1.36e-01 1.35e-01 1.32e-01 1.26e-01 1.15e-01 1.00e-01 8.18e-02 6.24e-02 4.42e-02 2.91e-02 1.77e-02 1.00e-02 5.28e-03 2.56e-03 1.13e-03 4.43e-04 1.53e-04 4.62e-05 1.21e-05 2.74e-06 4.48e-07 -4.48e-07 
-1.68e-06 1.68e-06 4.15e-06 1.66e-05 6.02e-05 1.90e-04 5.28e-04 1.30e-03 2.87e-03 5.80e-03 1.08e-02 1.87e-02 3.00e-02 4.46e-02 6.14e-02 7.85e-02 9.38e-02 1.05e-01 1.12e-01 1.16e-01 1.18e-01 1.20e-01 1.24e-01 1.32e-01 1.43e-01 1.57e-01 1.75e-01 1.94e-01 2.12e-01 2.26e-01 2.31e-01 2.26e-01 2.12e-01 1.94e-01 1.75e-01 1.57e-01 1.43e-01 1.32e-01 1.24e-01 1.20e-01 1.18e-01 1.16e-01 1.12e-01 1.05e-01 9.38e-02 7.85e-02 6.14e-02 4.46e-02 3.00e-02 1.87e-02 1.08e-02 5.80e-03 2.87e-03 1.30e-03 5.28e-04 1.90e-04 6.02e-05 1.66e-05 3.98e-06 6.85e-07 -6.85e-07 
-2.28e-06 2.28e-06 5.39e-06 2.05e-05 7.11e-05 2.16e-04 5.82e-04 1.39e-03 3.01e-03 5.96e-03 1.09e-02 1.86e-02 2.93e-02 4.26e-02 5.74e-02 7.19e-02 8.39e-02 9.23e-02 9.71e-02 9.93e-02 1.01e-01 1.04e-01 1.10e-01 1.20e-01 1.35e-01 1.54e-01 1.79e-01 2.06e-01 2.34e-01 2.57e-01 2.66e-01 2.57e-01 2.34e-01 2.06e-01 1.79e-01 1.54e-01 1.35e-01 1.20e-01 1.10e-01 1.04e-01 1.01e-01 9.93e-02 9.71e-02 9.23e-02 8.39e-02 7.19e-02 5.74e-02 4.26e-02 2.93e-02 1.86e-02 1.09e-02 5.96e-03 3.01e-03 1.39e-03 5.82e-04 2.16e-04 7.11e-05 2.05e-05 5.13e-06 9.20e-07 -9.20e-07 
-2.72e-06 2.72e-06 6.20e-06 2.27e-05 7.60e-05 2.25e-04 5.89e-04 1.38e-03 2.93e-03 5.72e-03 1.03e-02 1.73e-02 2.68e-02 3.83e-02 5.07e-02 6.23e-02 7.15e-02 7.74e-02 8.04e-02 8.19e-02 8.38e-02 8.77e-02 9.52e-02 1.07e-01 1.25e-01 1.49e-01 1.81e-01 2.20e-01 2.64e-01 3.02e-01 3.20e-01 3.02e-01 2.64e-01 2.20e-01 1.81e-01 1.49e-01 1.25e-01 1.07e-01 9.52e-02 8.77e-02 8.38e-02 8.19e-02 8.04e-02 7.74e-02 7.15e-02 6.23e-02 5.07e-02 3.83e-02 2.68e-02 1.73e-02 1.03e-02 5.72e-03 2.93e-03 1.38e-03 5.89e-04 2.25e-04 7.60e-05 2.26e-05 5.88e-06 1.09e-06 -1.09e-06 
-2.84e-06 2.84e-06 6.28e-06 2.23e-05 7.27e-05 2.10e-04 5.40e-04 1.25e-03 2.61e-03 5.04e-03 8.99e-03 1.49e-02 2.27e-02 3.20e-02 4.18e-02 5.06e-02 5.72e-02 6.11e-02 6.31e-02 6.43e-02 6.63e-02 7.07e-02 7.87e-02 9.15e-02 1.11e-01 1.39e-01 1.78e-01 2.31e-01 2.99e-01 3.70e-01 4.11e-01 3.70e-01 2.99e-01 2.31e-01 1.78e-01 1.39e-01 1.11e-01 9.15e-02 7.87e-02 7.07e-02 6.63e-02 6.43e-02 6.31e-02 6.11e-02 5.72e-02 5.06e-02 4.18e-02 3.20e-02 2.27e-02 1.49e-02 8.99e-03 5.04e-03 2.61e-03 1.25e-03 5.40e-04 2.10e-04 7.27e-05 2.22e-05 5.93e-06 1.12e-06 -1.12e-06 
-2.51e-06 2.51e-06 5.45e-06 1.89e-05 6.05e-05 1.72e-04 4.36e-04 9.94e-04 2.06e-03 3.94e-03 6.97e-03 1.14e-02 1.73e-02 2.41e-02 3.11e-02 3.72e-02 4.16e-02 4.42e-02 4.54e-02 4.62e-02 4.82e-02 5.22e-02 5.95e-02 7.13e-02 8.95e-02 1.18e-01 1.61e-01 2.29e-01 3.31e-01 4.69e-01 5.83e-01 4.69e-01 3.31e-01 2.29e-01 1.61e-01 1.18e-01 8.95e-02 7.13e-02 5.95e-02 5.22e-02 4.82e-02 4.62e-02 4.54e-02 4.42e-02 4.16e-02 3.72e-02 3.11e-02 2.41e-02 1.73e-02 1.14e-02 6.97e-03 3.94e-03 2.06e-03 9.94e-04 4.36e-04 1.72e-04 6.05e-05 1.88e-05 5.13e-06 9.87e-07 -9.87e-07 
-1.73e-06 1.73e-06 3.71e-06 1.27e-05 4.01e-05 1.13e-04 2.83e-04 6.41e-04 1.32e-03 2.51e-03 4.42e-03 7.19e-03 1.08e-02 1.49e-02 1.91e-02 2.27e-02 2.53e-02 2.66e-02 2.73e-02 2.80e-02 2.93e-02 3.22e-02 3.74e-02 4.58e-02 5.94e-02 8.18e-02 1.20e-01 1.92e-01 3.29e-01 5.93e-01 9.83e-01 5.93e-01 3.29e-01 1.92e-01 1.20e-01 8.18e-02 5.94e-02 4.58e-02 3.74e-02 3.22e-02 2.93e-02 2.80e-02 2.73e-02 2.66e-02 2.53e-02 2.27e-02 1.91e-02 1.49e-02 1.08e-02 7.19e-03 4.42e-03 2.51e-03 1.32e-03 6.41e-04 2.83e-04 1.13e-04 4.01e-05 1.26e-05 3.49e-06 6.78e-07 -6.78e-07 
-6.19e-07 6.19e-07 1.32e-06 4.47e-06 1.40e-05 3.93e-05 9.83e-05 2.22e-04 4.55e-04 8.62e-04 1.51e-03 2.45e-03 3.67e-03 5.07e-03 6.46e-03 7.62e-03 8.44e-03 8.94e-03 9.16e-03 9.32e-03 9.83e-03 1.09e-02 1.27e-02 1.59e-02 2.10e-02 3.01e-02 4.77e-02 8.82e-02 2.02e-01 5.92e-01 2.17e+00 5.92e-01 2.02e-01 8.82e-02 4.77e-02 3.01e-02 2.10e-02 1.59e-02 1.27e-02 1.09e-02 9.83e-03 9.32e-03 9.16e-03 8.94e-03 8.44e-03 7.62e-03 6.46e-03 5.07e-03 3.67e-03 2.45e-03 1.51e-03 8.62e-04 4.55e-04 2.22e-04 9.83e-05 3.93e-05 1.40e-05 4.45e-06 1.24e-06 2.42e-07 -2.42e-07 
6.19e-07 -6.19e-07 -1.32e-06 -4.47e-06 -1.40e-05 -3.93e-05 -9.83e-05 -2.22e-04 -4.55e-04 -8.62e-04 -1.51e-03 -2.45e-03 -3.67e-03 -5.07e-03 -6.46e-03 -7.62e-03 -8.44e-03 -8.94e-03 -9.16e-03 -9.32e-03 -9.83e-03 -1.09e-02 -1.27e-02 -1.59e-02 -2.10e-02 -3.01e-02 -4.77e-02 -8.82e-02 -2.02e-01 -5.92e-01 -2.17e+00 -5.92e-01 -2.02e-01 -8.82e-02 -4.77e-02 -3.01e-02 -2.10e-02 -1.59e-02 -1.27e-02 -1.09e-02 -9.83e-03 -9.32e-03 -9.16e-03 -8.94e-03 -8.44e-03 -7.62e-03 -6.46e-03 -5.07e-03 -3.67e-03 -2.45e-03 -1.51e-03 -8.62e-04 -4.55e-04 -2.22e-04 -9.83e-05 -3.93e-05 -1.40e-05 -4.45e-06 -1.24e-06 -2.42e-07 2.42e-07 
1.73e-06 -1.73e-06 -3.71e-06 -1.27e-05 -4.01e-05 -1.13e-04 -2.83e-04 -6.41e-04 -1.32e-03 -2.51e-03 -4.42e-03 -7.19e-03 -1.08e-02 -1.49e-02 -1.91e-02 -2.27e-02 -2.53e-02 -2.66e-02 -2.73e-02 -2.80e-02 -2.93e-02 -3.22e-02 -3.74e-02 -4.58e-02 -5.94e-02 -8.18e-02 -1.20e-01 -1.92e-01 -3.29e-01 -5.93e-01 -9.83e-01 -5.93e-01 -3.29e-01 -1.92e-01 -1.20e-01 -8.18e-02 -5.94e-02 -4.58e-02 -3.74e-02 -3.22e-02 -2.93e-02 -2.80e-02 -2.73e-02 -2.66e-02 -2.53e-02 -2.27e-02 -1.91e-02 -1.49e-02 -1.08e-02 -7.19e-03 -4.42e-03 -2.51e-03 -1.32e-03 -6.41e-04 -2.83e-04 -1.13e-04 -4.01e-05 -1.26e-05 -3.49e-06 -6.78e-07 6.78e-07 
2.51e-06 -2.51e-06 -5.45e-06 -1.89e-05 -6.05e-05 -1.72e-04 -4.36e-04 -9.94e-04 -2.06e-03 -3.94e-03 -6.97e-03 -1.14e-02 -1.73e-02 -2.41e-02 -3.11e-02 -3.72e-02 -4.16e-02 -4.42e-02 -4.54e-02 -4.62e-02 -4.82e-02 -5.22e-02 -5.95e-02 -7.13e-02 -8.95e-02 -1.18e-01 -1.61e-01 -2.29e-01 -3.31e-01 -4.69e-01 -5.83e-01 -4.69e-01 -3.31e-01 -2.29e-01 -1.61e-01 -1.18e-01 -8.95e-02 -7.13e-02 -5.95e-02 -5.22e-02 -4.82e-02 -4.62e-02 -4.54e-02 -4.42e-02 -4.16e-02 -3.72e-02 -3.11e-02 -2.41e-02 -1.73e-02 -1.14e-02 -6.97e-03 -3.94e-03 -2.06e-03 -9.94e-04 -4.36e-04 -1.72e-04 -6.05e-05 -1.88e-05 -5.13e-06 -9.87e-07 9.87e-07 
2.84e-06 -2.84e-06 -6.28e-06 -2.23e-05 -7.27e-05 -2.10e-04 -5.40e-04 -1.25e-03 -2.61e-03 -5.04e-03 -8.99e-03 -1.49e-02 -2.27e-02 -3.20e-02 -4.18e-02 -5.06e-02 -5.72e-02 -6.11e-02 -6.31e-02 -6.43e-02 -6.63e-02 -7.07e-02 -7.87e-02 -9.15e-02 -1.11e-01 -1.39e-01 -1.78e-01 -2.31e-01 -2.99e-01 -3.70e-01 -4.11e-01 -3.70e-01 -2.99e-01 -2.31e-01 -1.78e-01 -1.39e-01 -1.11e-01 -9.15e-02 -7.87e-02 -7.07e-02 -6.63e-02 -6.43e-02 -6.31e-02 -6.11e-02 -5.72e-02 -5.06e-02 -4.18e-02 -3.20e-02 -2.27e-02 -1.49e-02 -8.99e-03 -5.04e-03 -2.61e-03 -1.25e-03 -5.40e-04 -2.10e-04 -7.27e-05 -2.22e-05 -5.93e-06 -1.12e-06 1.12e-06 
2.72e-06 -2.72e-06 -6.20e-06 -2.27e-05 -7.60e-05 -2.25e-04 -5.89e-04 -1.38e-03 -2.93e-03 -5.72e-03 -1.03e-02 -1.73e-02 -2.68e-02 -3.83e-02 -5.07e-02 -6.23e-02 -7.15e-02 -7.74e-02 -8.04e-02 -8.19e-02 -8.38e-02 -8.77e-02 -9.52e-02 -1.07e-01 -1.25e-01 -1.49e-01 -1.81e-01 -2.20e-01 -2.64e-01 -3.02e-01 -3.20e-01 -3.02e-01 -2.64e-01 -2.20e-01 -1.81e-01 -1.49e-01 -1.25e-01 -1.07e-01 -9.52e-02 -8.77e-02 -8.38e-02 -8.19e-02 -8.04e-02 -7.74e-02 -7.15e-02 -6.23e-02 -5.07e-02 -3.83e-02 -2.68e-02 -1.73e-02 -1.03e-02 -5.72e-03 -2.93e-03 -1.38e-03 -5.89e-04 -2.25e-04 -7.60e-05 -2.26e-05 -5.88e-06 -1.09e-06 1.09e-06 
2.28e-06 -2.28e-06 -5.39e-06 -2.05e-05 -7.11e-05 -2.16e-04 -5.82e-04 -1.39e-03 -3.01e-03 -5.96e-03 -1.09e-02 -1.86e-02 -2.93e-02 -4.26e-02 -5.74e-02 -7.19e-02 -8.39e-02 -9.23e-02 -9.71e-02 -9.93e-02 -1.01e-01 -1.04e-01 -1.10e-01 -1.20e-01 -1.35e-01 -1.54e-01 -1.79e-01 -2.06e-01 -2.34e-01 -2.57e-01 -2.66e-01 -2.57e-01 -2.34e-01 -2.06e-01 -1.79e-01 -1.54e-01 -1.35e-01 -1.20e-01 -1.10e-01 -1.04e-01 -1.01e-01 -9.93e-02 -9.71e-02 -9.23e-02 -8.39e-02 -7.19e-02 -5.74e-02 -4.26e-02 -2.93e-02 -1.86e-02 -1.09e-02 -5.96e-03 -3.01e-03 -1.39e-03 -5.82e-04 -2.16e-04 -7.11e-05 -2.05e-05 -5.13e-06 -9.20e-07 9.20e-07 
1.68e-06 -1.68e-06 -4.15e-06 -1.66e-05 -6.02e-05 -1.90e-04 -5.28e-04 -1.30e-03 -2.87e-03 -5.80e-03 -1.08e-02 -1.87e-02 -3.00e-02 -4.46e-02 -6.14e-02 -7.85e-02 -9.38e-02 -1.05e-01 -1.12e-01 -1.16e-01 -1.18e-01 -1.20e-01 -1.24e-01 -1.32e-01 -1.43e-01 -1.57e-01 -1.75e-01 -1.94e-01 -2.12e-01 -2.26e-01 -2.31e-01 -2.26e-01 -2.12e-01 -1.94e-01 -1.75e-01 -1.57e-01 -1.43e-01 -1.32e-01 -1.24e-01 -1.20e-01 -1.18e-01 -1.16e-01 -1.12e-01 -1.05e-01 -9.38e-02 -7.85e-02 -6.14e-02 -4.46e-02 -3.00e-02 -1.87e-02 -1.08e-02 -5.80e-03 -2.87e-03 -1.30e-03 -5.28e-04 -1.90e-04 -6.02e-05 -1.66e-05 -3.98e-06 -6.85e-07 6.85e-07 
1.08e-06 -1.08e-06 -2.84e-06 -1.21e-05 -4.62e-05 -1.53e-04 -4.43e-04 -1.13e-03 -2.56e-03 -5.28e-03 -1.00e-02 -1.77e-02 -2.91e-02 -4.42e-02 -6.24e-02 -8.18e-02 -1.00e-01 -1.15e-01 -1.26e-01 -1.32e-01 -1.35e-01 -1.36e-01 -1.39e-01 -1.44e-01 -1.51e-01 -1.61e-01 -1.73e-01 -1.86e-01 -1.98e-01 -2.06e-01 -2.09e-01 -2.06e-01 -1.98e-01 -1.86e-01 -1.73e-01 -1.61e-01 -1.51e-01 -1.44e-01 -1.39e-01 -1.36e-01 -1.35e-01 -1.32e-01 -1.26e-01 -1.15e-01 -1.00e-01 -8.18e-02 -6.24e-02 -4.42e-02 -2.91e-02 -1.77e-02 -1.00e-02 -5.28e-03 -2.56e-03 -1.13e-03 -4.43e-04 -1.53e-04 -4.62e-05 -1.21e-05 -2.74e-06 -4.48e-07 4.48e-07 
6.04e-07 -6.04e-07 -1.71e-06 -7.86e-06 -3.20e-05 -1.12e-04 -3.42e-04 -9.10e-04 -2.14e-03 -4.53e-03 -8.80e-03 -1.59e-02 -2.67e-02 -4.16e-02 -6.03e-02 -8.13e-02 -1.02e-01 -1.21e-01 -1.35e-01 -1.45e-01 -1.50e-01 -1.53e-01 -1.55e-01 -1.57e-01 -1.61e-01 -1.67e-01 -1.75e-01 -1.83e-01 -1.90e-01 -1.95e-01 -1.97e-01 -1.95e-01 -1.90e-01 -1.83e-01 -1.75e-01 -1.67e-01 -1.61e-01 -1.57e-01 -1.55e-01 -1.53e-01 -1.50e-01 -1.45e-01 -1.35e-01 -1.21e-01 -1.02e-01 -8.13e-02 -6.03e-02 -4.16e-02 -2.67e-02 -1.59e-02 -8.80e-03 -4.53e-03 -2.14e-03 -9.10e-04 -3.42e-04 -1.12e-04 -3.20e-05 -7.85e-06 -1.66e-06 -2.55e-07 2.55e-07 
2.89e-07 -2.89e-07 -8.92e-07 -4.49e-06 -1.98e-05 -7.46e-05 -2.42e-04 -6.79e-04 -1.67e-03 -3.66e-03 -7.29e-03 -1.34e-02 -2.32e-02 -3.71e-02 -5.54e-02 -7.69e-02 -9.99e-02 -1.22e-01 -1.40e-01 -1.54e-01 -1.63e-01 -1.68e-01 -1.71e-01 -1.73e-01 -1.75e-01 -1.78e-01 -1.82e-01 -1.86e-01 -1.90e-01 -1.93e-01 -1.94e-01 -1.93e-01 -1.90e-01 -1.86e-01 -1.82e-01 -1.78e-01 -1.75e-01 -1.73e-01 -1.71e-01 -1.68e-01 -1.63e-01 -1.54e-01 -1.40e-01 -1.22e-01 -9.99e-02 -7.69e-02 -5.54e-02 -3.71e-02 -2.32e-02 -1.34e-02 -7.29e-03 -3.66e-03 -1.67e-03 -6.79e-04 -2.42e-04 -7.46e-05 -1.98e-05 -4.49e-06 -8.70e-07 -1.24e-07 1.24e-07 
1.16e-07 -1.16e-07 -3.98e-07 -2.23e-06 -1.08e-05 -4.42e-05 -1.55e-04 -4.66e-04 -1.21e-03 -2.77e-03 -5.69e-03 -1.08e-02 -1.90e-02 -3.14e-02 -4.83e-02 -6.92e-02 -9.28e-02 -1.17e-01 -1.39e-01 -1.58e-01 -1.71e-01 -1.80e-01 -1.85e-01 -1.88e-01 -1.90e-01 -1.92e-01 -1.94e-01 -1.96e-01 -1.97e-01 -1.99e-01 -1.99e-01 -1.99e-01 -1.97e-01 -1.96e-01 -1.94e-01 -1.92e-01 -1.90e-01 -1.88e-01 -1.85e-01 -1.80e-01 -1.71e-01 -1.58e-01 -1.39e-01 -1.17e-01 -9.28e-02 -6.92e-02 -4.83e-02 -3.14e-02 -1.90e-02 -1.08e-02 -5.69e-03 -2.77e-03 -1.21e-03 -4.66e-04 -1.55e-04 -4.42e-05 -1.08e-05 -2.23e-06 -3.90e-07 -5.08e-08 5.08e-08 
3.87e-08 -3.87e-08 -1.49e-07 -9.39e-07 -5.06e-06 -2.30e-05 -8.85e-05 -2.89e-04 -8.07e-04 -1.95e-03 -4.18e-03 -8.15e-03 -1.48e-02 -2.51e-02 -3.98e-02 -5.89e-02 -8.17e-02 -1.07e-01 -1.31e-01 -1.53e-01 -1.72e-01 -1.86e-01 -1.95e-01 -2.01e-01 -2.05e-01 -2.07e-01 -2.09e-01 -2.10e-01 -2.11e-01 -2.11e-01 -2.11e-01 -2.11e-01 -2.11e-01 -2.10e-01 -2.09e-01 -2.07e-01 -2.05e-01 -2.01e-01 -1.95e-01 -1.86e-01 -1.72e-01 -1.53e-01 -1.31e-01 -1.07e-01 -8.17e-02 -5.89e-02 -3.98e-02 -2.51e-02 -1.48e-02 -8.15e-03 -4.18e-03 -1.95e-03 -8.07e-04 -2.89e-04 -8.85e-05 -2.30e-05 -5.06e-06 -9.38e-07 -1.47e-07 -1.72e-08 1.72e-08 
1.05e-08 -1.05e-08 -4.62e-08 -3.31e-07 -2.01e-06 -1.03e-05 -4.41e-05 -1.59e-04 -4.87e-04 -1.27e-03 -2.87e-03 -5.81e-03 -1.08e-02 -1.89e-02 -3.09e-02 -4.73e-02 -6.78e-02 -9.16e-02 -1.17e-01 -1.41e-01 -1.64e-01 -1.82e-01 -1.97e-01 -2.07e-01 -2.14e-01 -2.19e-01 -2.22e-01 -2.24e-01 -2.25e-01 -2.26e-01 -2.26e-01 -2.26e-01 -2.25e-01 -2.24e-01 -2.22e-01 -2.19e-01 -2.14e-01 -2.07e-01 -1.97e-01 -1.82e-01 -1.64e-01 -1.41e-01 -1.17e-01 -9.16e-02 -6.78e-02 -4.73e-02 -3.09e-02 -1.89e-02 -1.08e-02 -5.81e-03 -2.87e-03 -1.27e-03 -4.87e-04 -1.59e-04 -4.41e-05 -1.03e-05 -2.01e-06 -3.31e-07 -4.57e-08 -4.77e-09 4.77e-09 
2.32e-09 -2.32e-09 -1.17e-08 -9.66e-08 -6.70e-07 -3.88e-06 -1.88e-05 -7.63e-05 -2.60e-04 -7.44e-04 -1.82e-03 -3.88e-03 -7.46e-03 -1.34e-02 -2.26e-02 -3.58e-02 -5.30e-02 -7.40e-02 -9.78e-02 -1.23e-01 -1.47e-01 -1.69e-01 -1.87e-01 -2.02e-01 -2.14e-01 -2.22e-01 -2.28e-01 -2.32e-01 -2.35e-01 -2.36e-01 -2.37e-01 -2.36e-01 -2.35e-01 -2.32e-01 -2.28e-01 -2.22e-01 -2.14e-01 -2.02e-01 -1.87e-01 -1.69e-01 -1.47e-01 -1.23e-01 -9.78e-02 -7.40e-02 -5.30e-02 -3.58e-02 -2.26e-02 -1.34e-02 -7.46e-03 -3.88e-03 -1.82e-03 -7.44e-04 -2.60e-04 -7.63e-05 -1.88e-05 -3.88e-06 -6.70e-07 -9.66e-08 -1.16e-08 -1.06e-09 1.06e-09 
4.07e-10 -4.07e-10 -2.40e-09 -2.30e-08 -1.84e-07 -1.22e-06 -6.73e-06 -3.10e-05 -1.19e-04 -3.84e-04 -1.04e-03 -2.39e-03 -4.84e-03 -8.92e-03 -1.54e-02 -2.53e-02 -3.89e-02 -5.61e-02 -7.66e-02 -9.94e-02 -1.23e-01 -1.46e-01 -1.67e-01 -1.85e-01 -2.01e-01 -2.13e-01 -2.22e-01 -2.29e-01 -2.33e-01 -2.36e-01 -2.36e-01 -2.36e-01 -2.33e-01 -2.29e-01 -2.22e-01 -2.13e-01 -2.01e-01 -1.85e-01 -1.67e-01 -1.46e-01 -1.23e-01 -9.94e-02 -7.66e-02 -5.61e-02 -3.89e-02 -2.53e-02 -1.54e-02 -8.92e-03 -4.84e-03 -2.39e-03 -1.04e-03 -3.84e-04 -1.19e-04 -3.10e-05 -6.73e-06 -1.22e-06 -1.84e-07 -2.30e-08 -2.39e-09 -1.89e-10 1.89e-10 
5.64e-11 -5.64e-11 -3.95e-10 -4.44e-09 -4.12e-08 -3.15e-07 -2.00e-06 -1.05e-05 -4.63e-05 -1.69e-04 -5.16e-04 -1.32e-03 -2.90e-03 -5.61e-03 -9.96e-03 -1.67e-02 -2.65e-02 -3.97e-02 -5.61e-02 -7.52e-02 -9.61e-02 -1.18e-01 -1.39e-01 -1.58e-01 -1.75e-01 -1.90e-01 -2.01e-01 -2.10e-01 -2.16e-01 -2.20e-01 -2.21e-01 -2.20e-01 -2.16e-01 -2.10e-01 -2.01e-01 -1.90e-01 -1.75e-01 -1.58e-01 -1.39e-01 -1.18e-01 -9.61e-02 -7.52e-02 -5.61e-02 -3.97e-02 -2.65e-02 -1.67e-02 -9.96e-03 -5.61e-03 -2.90e-03 -1.32e-03 -5.16e-04 -1.69e-04 -4.63e-05 -1.05e-05 -2.00e-06 -3.15e-07 -4.12e-08 -4.44e-09 -3.93e-10 -2.66e-11 2.66e-11 
6.06e-12 -6.06e-12 -5.13e-11 -6.88e-10 -7.48e-09 -6.66e-08 -4.89e-07 -2.97e-06 -1.50e-05 -6.27e-05 -2.18e-04 -6.33e-04 -1.55e-03 -3.25e-03 -6.05e-03 -1.04e-02 -1.69e-02 -2.61e-02 -3.81e-02 -5.28e-02 -6.97e-02 -8.79e-02 -1.07e-01 -1.25e-01 -1.42e-01 -1.56e-01 -1.69e-01 -1.79e-01 -1.85e-01 -1.90e-01 -1.91e-01 -1.90e-01 -1.85e-01 -1.79e-01 -1.69e-01 -1.56e-01 -1.42e-01 -1.25e-01 -1.07e-01 -8.79e-02 -6.97e-02 -5.28e-02 -3.81e-02 -2.61e-02 -1.69e-02 -1.04e-02 -6.05e-03 -3.25e-03 -1.55e-03 -6.33e-04 -2.18e-04 -6.27e-05 -1.50e-05 -2.97e-06 -4.89e-07 -6.66e-08 -7.48e-09 -6.88e-10 -5.11e-11 -2.89e-12 2.89e-12 
4.93e-13 -4.93e-13 -5.18e-12 -8.43e-11 -1.09e-09 -1.14e-08 -9.78e-08 -6.89e-07 -4.00e-06 -1.93e-05 -7.70e-05 -2.56e-04 -7.09e-04 -1.66e-03 -3.36e-03 -6.07e-03 -1.02e-02 -1.61e-02 -2.41e-02 -3.44e-02 -4.68e-02 -6.08e-02 -7.57e-02 -9.09e-02 -1.05e-01 -1.19e-01 -1.30e-01 -1.40e-01 -1.47e-01 -1.51e-01 -1.52e-01 -1.51e-01 -1.47e-01 -1.40e-01 -1.30e-01 -1.19e-01 -1.05e-01 -9.09e-02 -7.57e-02 -6.08e-02 -4.68e-02 -3.44e-02 -2.41e-02 -1.61e-02 -1.02e-02 -6.07e-03 -3.36e-03 -1.66e-03 -7.09e-04 -2.56e-04 -7.70e-05 -1.93e-05 -4.00e-06 -6.89e-07 -9.78e-08 -1.14e-08 -1.09e-09 -8.43e-11 -5.18e-12 -2.38e-13 2.38e-13 
2.94e-14 -2.94e-14 -3.98e-13 -8.07e-12 -1.27e-10 -1.58e-09 -1.59e-08 -1.31e-07 -8.80e-07 -4.90e-06 -2.25e-05 -8.61e-05 -2.73e-04 -7.27e-04 -1.64e-03 -3.22e-03 -5.67e-03 -9.25e-03 -1.43e-02 -2.09e-02 -2.91e-02 -3.88e-02 -4.96e-02 -6.10e-02 -7.23e-02 -8.30e-02 -9.25e-02 -1.00e-01 -1.06e-01 -1.10e-01 -1.11e-01 -1.10e-01 -1.06e-01 -1.00e-01 -9.25e-02 -8.30e-02 -7.23e-02 -6.10e-02 -4.96e-02 -3.88e-02 -2.91e-02 -2.09e-02 -1.43e-02 -9.25e-03 -5.67e-03 -3.22e-03 -1.64e-03 -7.27e-04 -2.73e-04 -8.61e-05 -2.25e-05 -4.90e-06 -8.80e-07 -1.31e-07 -1.59e-08 -1.58e-09 -1.27e-10 -8.07e-12 -3.98e-13 -1.43e-14 1.43e-14 
1.20e-15 -1.20e-15 -2.24e-14 -5.88e-13 -1.15e-11 -1.74e-10 -2.08e-09 -2.01e-08 -1.58e-07 -1.02e-06 -5.44e-06 -2.40e-05 -8.75e-05 -2.66e-04 -6.81e-04 -1.49e-03 -2.84e-03 -4.90e-03 -7.84e-03 -1.18e-02 -1.69e-02 -2.31e-02 -3.01e-02 -3.78e-02 -4.57e-02 -5.33e-02 -6.03e-02 -6.62e-02 -7.06e-02 -7.34e-02 -7.43e-02 -7.34e-02 -7.06e-02 -6.62e-02 -6.03e-02 -5.33e-02 -4.57e-02 -3.78e-02 -3.01e-02 -2.31e-02 -1.69e-02 -1.18e-02 -7.84e-03 -4.90e-03 -2.84e-03 -1.49e-03 -6.81e-04 -2.66e-04 -8.75e-05 -2.40e-05 -5.44e-06 -1.02e-06 -1.58e-07 -2.01e-08 -2.08e-09 -1.74e-10 -1.15e-11 -5.88e-13 -2.24e-14 -5.91e-16 5.91e-16 
3.03e-17 -3.03e-17 -8.73e-16 -3.15e-14 -7.95e-13 -1.50e-11 -2.18e-10 -2.51e-09 -2.32e-08 -1.75e-07 -1.08e-06 -5.50e-06 -2.31e-05 -8.09e-05 -2.36e-04 -5.83e-04 -1.24e-03 -2.31e-03 -3.91e-03 -6.14e-03 -9.07e-03 -1.27e-02 -1.70e-02 -2.17e-02 -2.67e-02 -3.17e-02 -3.63e-02 -4.02e-02 -4.33e-02 -4.52e-02 -4.58e-02 -4.52e-02 -4.33e-02 -4.02e-02 -3.63e-02 -3.17e-02 -2.67e-02 -2.17e-02 -1.70e-02 -1.27e-02 -9.07e-03 -6.14e-03 -3.91e-03 -2.31e-03 -1.24e-03 -5.83e-04 -2.36e-04 -8.09e-05 -2.31e-05 -5.50e-06 -1.08e-06 -1.75e-07 -2.32e-08 -2.51e-09 -2.18e-10 -1.50e-11 -7.95e-13 -3.15e-14 -8.73e-16 -1.50e-17 1.50e-17 
3.53e-19 -3.53e-19 -2.09e-17 -1.17e-15 -4.05e-14 -9.86e-13 -1.78e-11 -2.49e-10 -2.76e-09 -2.45e-08 -1.76e-07 -1.04e-06 -5.06e-06 -2.03e-05 -6.80e-05 -1.91e-04 -4.55e-04 -9.40e-04 -1.72e-03 -2.87e-03 -4.42e-03 -6.41e-03 -8.80e-03 -1.15e-02 -1.44e-02 -1.74e-02 -2.02e-02 -2.26e-02 -2.45e-02 -2.57e-02 -2.61e-02 -2.57e-02 -2.45e-02 -2.26e-02 -2.02e-02 -1.74e-02 -1.44e-02 -1.15e-02 -8.80e-03 -6.41e-03 -4.42e-03 -2.87e-03 -1.72e-03 -9.40e-04 -4.55e-04 -1.91e-04 -6.80e-05 -2.03e-05 -5.06e-06 -1.04e-06 -1.76e-07 -2.45e-08 -2.76e-09 -2.49e-10 -1.78e-11 -9.86e-13 -4.05e-14 -1.17e-15 -2.09e-17 -1.76e-19 1.76e-19 
-0.00e+00 0.00e+00 -2.33e-19 -2.66e-17 -1.43e-15 -4.79e-14 -1.12e-12 -1.95e-11 -2.62e-10 -2.77e-09 -2.35e-08 -1.62e-07 -9.11e-07 -4.23e-06 -1.62e-05 -5.20e-05 -1.40e-04 -3.24e-04 -6.51e-04 -1.17e-03 -1.91e-03 -2.90e-03 -4.13e-03 -5.57e-03 -7.14e-03 -8.76e-03 -1.03e-02 -1.17e-02 -1.28e-02 -1.34e-02 -1.37e-02 -1.34e-02 -1.28e-02 -1.17e-02 -1.03e-02 -8.76e-03 -7.14e-03 -5.57e-03 -4.13e-03 -2.90e-03 -1.91e-03 -1.17e-03 -6.51e-04 -3.24e-04 -1.40e-04 -5.20e-05 -1.62e-05 -4.23e-06 -9.11e-07 -1.62e-07 -2.35e-08 -2.77e-09 -2.62e-10 -1.95e-11 -1.12e-12 -4.79e-14 -1.43e-15 -2.66e-17 -2.33e-19 0.00e+00 -0.00e+00 
-0.00e+00 0.00e+00 0.00e+00 -2.83e-19 -3.13e-17 -1.62e-15 -5.22e-14 -1.17e-12 -1.96e-11 -2.51e-10 -2.54e-09 -2.06e-08 -1.35e-07 -7.26e-07 -3.21e-06 -1.18e-05 -3.60e-05 -9.35e-05 -2.09e-04 -4.09e-04 -7.20e-04 -1.16e-03 -1.73e-03 -2.41e-03 -3.18e-03 -3.99e-03 -4.79e-03 -5.49e-03 -6.05e-03 -6.41e-03 -6.53e-03 -6.41e-03 -6.05e-03 -5.49e-03 -4.79e-03 -3.99e-03 -3.18e-03 -2.41e-03 -1.73e-03 -1.16e-03 -7.20e-04 -4.09e-04 -2.09e-04 -9.35e-05 -3.60e-05 -1.18e-05 -3.21e-06 -7.26e-07 -1.35e-07 -2.06e-08 -2.54e-09 -2.51e-10 -1.96e-11 -1.17e-12 -5.22e-14 -1.62e-15 -3.13e-17 -2.83e-19 0.00e+00 0.00e+00 -0.00e+00 
-0.00e+00 0.00e+00 0.00e+00 0.00e+00 -3.19e-19 -3.39e-17 -1.69e-15 -5.22e-14 -1.13e-12 -1.80e-11 -2.21e-10 -2.13e-09 -1.65e-08 -1.03e-07 -5.25e-07 -2.21e-06 -7.72e-06 -2.26e-05 -5.65e-05 -1.22e-04 -2.33e-04 -4.00e-04 -6.30e-04 -9.20e-04 -1.26e-03 -1.62e-03 -1.99e-03 -2.32e-03 -2.58e-03 -2.75e-03 -2.81e-03 -2.75e-03 -2.58e-03 -2.32e-03 -1.99e-03 -1.62e-03 -1.26e-03 -9.20e-04 -6.30e-04 -4.00e-04 -2.33e-04 -1.22e-04 -5.65e-05 -2.26e-05 -7.72e-06 -2.21e-06 -5.25e-07 -1.03e-07 -1.65e-08 -2.13e-09 -2.21e-10 -1.80e-11 -1.13e-12 -5.22e-14 -1.69e-15 -3.39e-17 -3.19e-19 0.00e+00 0.00e+00 0.00e+00 -0.00e+00 
-0.00e+00 0.00e+00 0.00e+00 0.00e+00 0.00e+00 -3.31e-19 -3.39e-17 -1.62e-15 -4.81e-14 -9.93e-13 -1.52e-11 -1.77e-10 -1.63e-09 -1.20e-08 -7.11e-08 -3.45e-07 -1.38e-06 -4.59e-06 -1.29e-05 -3.08e-05 -6.43e-05 -1.19e-04 -1.99e-04 -3.06e-04 -4.37e-04 -5.82e-04 -7.31e-04 -8.68e-04 -9.80e-04 -1.05e-03 -1.08e-03 -1.05e-03 -9.80e-04 -8.68e-04 -7.31e-04 -5.82e-04 -4.37e-04 -3.06e-04 -1.99e-04 -1.19e-04 -6.43e-05 -3.08e-05 -1.29e-05 -4.59e-06 -1.38e-06 -3.45e-07 -7.11e-08 -1.20e-08 -1.63e-09 -1.77e-10 -1.52e-11 -9.93e-13 -4.81e-14 -1.62e-15 -3.39e-17 -3.31e-19 0.00e+00 0.00e+00 0.00e+00 0.00e+00 -0.00e+00 
-0.00e+00 0.00e+00 0.00e+00 0.00e+00 0.00e+00 0.00e+00 -3.19e-19 -3.13e-17 -1.44e-15 -4.08e-14 -8.04e-13 -1.17e-11 -1.30e-10 -1.14e-09 -7.93e-09 -4.47e-08 -2.05e-07 -7.78e-07 -2.46e-06 -6.58e-06 -1.51e-05 -3.04e-05 -5.45e-05 -8.86e-05 -1.32e-04 -1.83e-04 -2.36e-04 -2.87e-04 -3.28e-04 -3.56e-04 -3.65e-04 -3.56e-04 -3.28e-04 -2.87e-04 -2.36e-04 -1.83e-04 -1.32e-04 -8.86e-05 -5.45e-05 -3.04e-05 -1.51e-05 -6.58e-06 -2.46e-06 -7.78e-07 -2.05e-07 -4.47e-08 -7.93e-09 -1.14e-09 -1.30e-10 -1.17e-11 -8.04e-13 -4.08e-14 -1.44e-15 -3.13e-17 -3.19e-19 0.00e+00 0.00e+00 0.00e+00 0.00e+00 0.00e+00 -0.00e+00 
-0.00e+00 0.00e+00 0.00e+00 0.00e+00 0.00e+00 0.00e+00 0.00e+00 -2.83e-19 -2.67e-17 -1.17e-15 -3.18e-14 -5.97e-13 -8.26e-12 -8.74e-11 -7.24e-10 -4.77e-09 -2.54e-08 -1.10e-07 -3.96e-07 -1.19e-06 -3.02e-06 -6.64e-06 -1.28e-05 -2.22e-05 -3.49e-05 -5.02e-05 -6.70e-05 -8.32e-05 -9.69e-05 -1.06e-04 -1.09e-04 -1.06e-04 -9.69e-05 -8.32e-05 -6.70e-05 -5.02e-05 -3.49e-05 -2.22e-05 -1.28e-05 -6.64e-06 -3.02e-06 -1.19e-06 -3.96e-07 -1.10e-07 -2.54e-08 -4.77e-09 -7.24e-10 -8.74e-11 -8.26e-12 -5.97e-13 -3.18e-14 -1.17e-15 -2.67e-17 -2.83e-19 0.00e+00 0.00e+00 0.00e+00 0.00e+00 0.00e+00 0.00e+00 -0.00e+00 
-0.00e+00 0.00e+00 0.00e+00 0.00e+00 0.00e+00 0.00e+00 0.00e+00 0.00e+00 -2.33e-19 -2.10e-17 -8.79e-16 -2.27e-14 -4.07e-13 -5.34e-12 -5.36e-11 -4.20e-10 -2.62e-09 -1.32e-08 -5.41e-08 -1.84e-07 -5.23e-07 -1.27e-06 -2.67e-06 -4.96e-06 -8.25e-06 -1.25e-05 -1.72e-05 -2.21e-05 -2.62e-05 -2.90e-05 -3.00e-05 -2.90e-05 -2.62e-05 -2.21e-05 -1.72e-05 -1.25e-05 -8.25e-06 -4.96e-06 -2.67e-06 -1.27e-06 -5.23e-07 -1.84e-07 -5.41e-08 -1.32e-08 -2.62e-09 -4.20e-10 -5.36e-11 -5.34e-12 -4.07e-13 -2.27e-14 -8.79e-16 -2.10e-17 -2.33e-19 0.00e+00 0.00e+00 0.00e+00 0.00e+00 0.00e+00 0.00e+00 0.00e+00 -0.00e+00 
-0.00e+00 0.00e+00 0.00e+00 0.00e+00 0.00e+00 0.00e+00 0.00e+00 0.00e+00 0.00e+00 -3.53e-19 -3.04e-17 -1.21e-15 -2.98e-14 -5.06e-13 -6.28e-12 -5.94e-11 -4.38e-10 -2.57e-09 -1.21e-08 -4.66e-08 -1.48e-07 -3.96e-07 -9.06e-07 -1.80e-06 -3.17e-06 -5.01e-06 -7.19e-06 -9.43e-06 -1.14e-05 -1.28e-05 -1.32e-05 -1.28e-05 -1.14e-05 -9.43e-06 -7.19e-06 -5.01e-06 -3.17e-06 -1.80e-06 -9.06e-07 -3.96e-07 -1.48e-07 -4.66e-08 -1.21e-08 -2.57e-09 -4.38e-10 -5.94e-11 -6.28e-12 -5.06e-13 -2.98e-14 -1.21e-15 -3.04e-17 -3.53e-19 0.00e+00 0.00e+00 0.00e+00 0.00e+00 0.00e+00 0.00e+00 0.00e+00 0.00e+00 -0.00e+00 
0.00e+00 -0.00e+00 -0.00e+00 -0.00e+00 -0.00e+00 -0.00e+00 -0.00e+00 -0.00e+00 -0.00e+00 3.53e-19 3.04e-17 1.21e-15 2.98e-14 5.06e-13 6.28e-12 5.94e-11 4.38e-10 2.57e-09 1.21e-08 4.66e-08 1.48e-07 3.96e-07 9.06e-07 1.80e-06 3.17e-06 5.01e-06 7.19e-06 9.43e-06 1.14e-05 1.28e-05 1.32e-05 1.28e-05 1.14e-05 9.43e-06 7.19e-06 5.01e-06 3.17e-06 1.80e-06 9.06e-07 3.96e-07 1.48e-07 4.66e-08 1.21e-08 2.57e-09 4.38e-10 5.94e-11 6.28e-12 5.06e-13 2.98e-14 1.21e-15 3.04e-17 3.53e-19 -0.00e+00 -0.00e+00 -0.00e+00 -0.00e+00 -0.00e+00 -0.00e+00 -0.00e+00 -0.00e+00 0.00e+00 
