8.21e-18 -8.21e-18 -1.53e-16 -4.01e-15 -7.88e-14 -1.21e-12 -1.48e-11 -1.47e-10 -1.20e-09 -8.12e-09 -4.61e-08 -2.19e-07 -8.84e-07 -3.03e-06 -8.88e-06 -2.25e-05 -5.00e-05 -9.87e-05 -1.76e-04 -2.89e-04 -4.40e-04 -6.30e-04 -8.55e-04 -1.11e-03 -1.37e-03 -1.64e-03 -1.88e-03 -2.10e-03 -2.26e-03 -2.37e-03 -2.40e-03 -2.37e-03 -2.26e-03 -2.10e-03 -1.88e-03 -1.64e-03 -1.37e-03 -1.11e-03 -8.55e-04 -6.30e-04 -4.40e-04 -2.89e-04 -1.76e-04 -9.87e-05 -5.00e-05 -2.25e-05 -8.88e-06 -3.03e-06 -8.84e-07 -2.19e-07 -4.61e-08 -8.12e-09 -1.20e-09 -1.47e-10 -1.48e-11 -1.21e-12 -7.88e-14 -4.01e-15 -1.53e-16 -4.04e-18 4.04e-18 
-8.21e-18 8.21e-18 1.53e-16 4.01e-15 7.88e-14 1.21e-12 1.48e-11 1.47e-10 1.20e-09 8.12e-09 4.61e-08 2.19e-07 8.84e-07 3.03e-06 8.88e-06 2.25e-05 5.00e-05 9.87e-05 1.76e-04 2.89e-04 4.40e-04 6.30e-04 8.55e-04 1.11e-03 1.37e-03 1.64e-03 1.88e-03 2.10e-03 2.26e-03 2.37e-03 2.40e-03 2.37e-03 2.26e-03 2.10e-03 1.88e-03 1.64e-03 1.37e-03 1.11e-03 8.55e-04 6.30e-04 4.40e-04 2.89e-04 1.76e-04 9.87e-05 5.00e-05 2.25e-05 8.88e-06 3.03e-06 8.84e-07 2.19e-07 4.61e-08 8.12e-09 1.20e-09 1.47e-10 1.48e-11 1.21e-12 7.88e-14 4.01e-15 1.53e-16 4.04e-18 -4.04e-18 
-3.03e-16 3.03e-16 4.16e-15 8.56e-14 1.38e-12 1.77e-11 1.85e-10 1.60e-09 1.15e-08 6.91e-08 3.50e-07 1.50e-06 5.48e-06 1.71e-05 4.60e-05 1.08e-04 2.24e-04 4.19e-04 7.14e-04 1.13e-03 1.67e-03 2.34e-03 3.11e-03 3.96e-03 4.86e-03 5.74e-03 6.56e-03 7.26e-03 7.80e-03 8.14e-03 8.26e-03 8.14e-03 7.80e-03 7.26e-03 6.56e-03 5.74e-03 4.86e-03 3.96e-03 3.11e-03 2.34e-03 1.67e-03 1.13e-03 7.14e-04 4.19e-04 2.24e-04 1.08e-04 4.60e-05 1.71e-05 5.48e-06 1.50e-06 3.50e-07 6.91e-08 1.15e-08 1.60e-09 1.85e-10 1.77e-11 1.38e-12 8.56e-14 4.15e-15 1.48e-16 -1.48e-16 
-7.72e-15 7.72e-15 8.25e-14 1.37e-12 1.83e-11 1.99e-10 1.79e-09 1.34e-08 8.39e-08 4.43e-07 1.98e-06 7.51e-06 2.44e-05 6.79e-05 1.65e-04 3.51e-04 6.70e-04 1.16e-03 1.87e-03 2.82e-03 4.01e-03 5.43e-03 7.05e-03 8.80e-03 1.06e-02 1.24e-02 1.40e-02 1.54e-02 1.64e-02 1.71e-02 1.73e-02 1.71e-02 1.64e-02 1.54e-02 1.40e-02 1.24e-02 1.06e-02 8.80e-03 7.05e-03 5.43e-03 4.01e-03 2.82e-03 1.87e-03 1.16e-03 6.70e-04 3.51e-04 1.65e-04 6.79e-05 2.44e-05 7.51e-06 1.98e-06 4.43e-07 8.39e-08 1.34e-08 1.79e-09 1.99e-10 1.83e-11 1.37e-12 8.24e-14 3.73e-15 -3.73e-15 
-1.47e-13 1.47e-13 1.28e-12 1.76e-11 1.99e-10 1.85e-09 1.44e-08 9.38e-08 5.16e-07 2.40e-06 9.46e-06 3.18e-05 9.17e-05 2.29e-04 4.99e-04 9.69e-04 1.71e-03 2.78e-03 4.23e-03 6.09e-03 8.37e-03 1.10e-02 1.40e-02 1.71e-02 2.02e-02 2.33e-02 2.60e-02 2.83e-02 3.01e-02 3.12e-02 3.16e-02 3.12e-02 3.01e-02 2.83e-02 2.60e-02 2.33e-02 2.02e-02 1.71e-02 1.40e-02 1.10e-02 8.37e-03 6.09e-03 4.23e-03 2.78e-03 1.71e-03 9.69e-04 4.99e-04 2.29e-04 9.17e-05 3.18e-05 9.46e-06 2.40e-06 5.16e-07 9.38e-08 1.44e-08 1.85e-09 1.99e-10 1.76e-11 1.27e-12 7.04e-14 -7.04e-14 
-2.19e-12 2.19e-12 1.57e-11 1.83e-10 1.77e-09 1.43e-08 9.70e-08 5.54e-07 2.68e-06 1.10e-05 3.83e-05 1.14e-04 2.93e-04 6.55e-04 1.30e-03 2.32e-03 3.81e-03 5.87e-03 8.55e-03 1.19e-02 1.59e-02 2.04e-02 2.53e-02 3.03e-02 3.54e-02 4.01e-02 4.44e-02 4.79e-02 5.06e-02 5.22e-02 5.28e-02 5.22e-02 5.06e-02 4.79e-02 4.44e-02 4.01e-02 3.54e-02 3.03e-02 2.53e-02 2.04e-02 1.59e-02 1.19e-02 8.55e-03 5.87e-03 3.81e-03 2.32e-03 1.30e-03 6.55e-04 2.93e-04 1.14e-04 3.83e-05 1.10e-05 2.68e-06 5.54e-07 9.70e-08 1.43e-08 1.77e-09 1.83e-10 1.57e-11 1.03e-12 -1.03e-12 
-2.59e-11 2.59e-11 1.58e-10 1.57e-09 1.32e-08 9.26e-08 5.50e-07 2.76e-06 1.18e-05 4.26e-05 1.31e-04 3.48e-04 7.98e-04 1.61e-03 2.92e-03 4.86e-03 7.58e-03 1.12e-02 1.58e-02 2.13e-02 2.78e-02 3.48e-02 4.23e-02 4.99e-02 5.72e-02 6.40e-02 7.00e-02 7.48e-02 7.84e-02 8.06e-02 8.14e-02 8.06e-02 7.84e-02 7.48e-02 7.00e-02 6.40e-02 5.72e-02 4.99e-02 4.23e-02 3.48e-02 2.78e-02 2.13e-02 1.58e-02 1.12e-02 7.58e-03 4.86e-03 2.92e-03 1.61e-03 7.98e-04 3.48e-04 1.31e-04 4.26e-05 1.18e-05 2.76e-06 5.50e-07 9.26e-08 1.32e-08 1.57e-09 1.57e-10 1.21e-11 -1.21e-11 
-2.48e-10 2.48e-10 1.30e-09 1.12e-08 8.17e-08 5.03e-07 2.63e-06 1.16e-05 4.37e-05 1.40e-04 3.82e-04 9.02e-04 1.86e-03 3.43e-03 5.79e-03 9.16e-03 1.37e-02 1.97e-02 2.70e-02 3.55e-02 4.51e-02 5.53e-02 6.58e-02 7.60e-02 8.56e-02 9.43e-02 1.02e-01 1.08e-01 1.12e-01 1.15e-01 1.16e-01 1.15e-01 1.12e-01 1.08e-01 1.02e-01 9.43e-02 8.56e-02 7.60e-02 6.58e-02 5.53e-02 4.51e-02 3.55e-02 2.70e-02 1.97e-02 1.37e-02 9.16e-03 5.79e-03 3.43e-03 1.86e-03 9.02e-04 3.82e-04 1.40e-04 4.37e-05 1.16e-05 2.63e-06 5.03e-07 8.17e-08 1.12e-08 1.29e-09 1.14e-10 -1.14e-10 
-1.96e-09 1.96e-09 8.88e-09 6.65e-08 4.26e-07 2.31e-06 1.06e-05 4.14e-05 1.38e-04 3.89e-04 9.47e-04 2.00e-03 3.77e-03 6.48e-03 1.04e-02 1.59e-02 2.32e-02 3.23e-02 4.30e-02 5.51e-02 6.81e-02 8.14e-02 9.45e-02 1.07e-01 1.18e-01 1.28e-01 1.36e-01 1.42e-01 1.47e-01 1.50e-01 1.50e-01 1.50e-01 1.47e-01 1.42e-01 1.36e-01 1.28e-01 1.18e-01 1.07e-01 9.45e-02 8.14e-02 6.81e-02 5.51e-02 4.30e-02 3.23e-02 2.32e-02 1.59e-02 1.04e-02 6.48e-03 3.77e-03 2.00e-03 9.47e-04 3.89e-04 1.38e-04 4.14e-05 1.06e-05 2.31e-06 4.26e-07 6.65e-08 8.78e-09 8.87e-10 -8.87e-10 
-1.27e-08 1.27e-08 5.07e-08 3.32e-07 1.87e-06 8.93e-06 3.62e-05 1.25e-04 3.68e-04 9.25e-04 2.02e-03 3.89e-03 6.82e-03 1.12e-02 1.74e-02 2.59e-02 3.66e-02 4.94e-02 6.38e-02 7.93e-02 9.52e-02 1.11e-01 1.25e-01 1.38e-01 1.50e-01 1.59e-01 1.67e-01 1.73e-01 1.77e-01 1.79e-01 1.80e-01 1.79e-01 1.77e-01 1.73e-01 1.67e-01 1.59e-01 1.50e-01 1.38e-01 1.25e-01 1.11e-01 9.52e-02 7.93e-02 6.38e-02 4.94e-02 3.66e-02 2.59e-02 1.74e-02 1.12e-02 6.82e-03 3.89e-03 2.02e-03 9.25e-04 3.68e-04 1.25e-04 3.62e-05 8.93e-06 1.87e-06 3.32e-07 4.99e-08 5.69e-09 -5.69e-09 
-6.93e-08 6.93e-08 2.43e-07 1.39e-06 6.93e-06 2.93e-05 1.05e-04 3.22e-04 8.41e-04 1.90e-03 3.77e-03 6.78e-03 1.14e-02 1.81e-02 2.74e-02 3.95e-02 5.39e-02 7.03e-02 8.79e-02 1.06e-01 1.23e-01 1.39e-01 1.53e-01 1.65e-01 1.75e-01 1.83e-01 1.89e-01 1.93e-01 1.96e-01 1.98e-01 1.98e-01 1.98e-01 1.96e-01 1.93e-01 1.89e-01 1.83e-01 1.75e-01 1.65e-01 1.53e-01 1.39e-01 1.23e-01 1.06e-01 8.79e-02 7.03e-02 5.39e-02 3.95e-02 2.74e-02 1.81e-02 1.14e-02 6.78e-03 3.77e-03 1.90e-03 8.41e-04 3.22e-04 1.05e-04 2.93e-05 6.93e-06 1.39e-06 2.38e-07 3.04e-08 -3.04e-08 
-3.15e-07 3.15e-07 9.80e-07 4.96e-06 2.18e-05 8.17e-05 2.61e-04 7.11e-04 1.67e-03 3.44e-03 6.37e-03 1.10e-02 1.79e-02 2.77e-02 4.05e-02 5.61e-02 7.39e-02 9.31e-02 1.12e-01 1.31e-01 1.47e-01 1.62e-01 1.74e-01 1.83e-01 1.89e-01 1.94e-01 1.98e-01 2.00e-01 2.01e-01 2.02e-01 2.02e-01 2.02e-01 2.01e-01 2.00e-01 1.98e-01 1.94e-01 1.89e-01 1.83e-01 1.74e-01 1.62e-01 1.47e-01 1.31e-01 1.12e-01 9.31e-02 7.39e-02 5.61e-02 4.05e-02 2.77e-02 1.79e-02 1.10e-02 6.37e-03 3.44e-03 1.67e-03 7.11e-04 2.61e-04 8.17e-05 2.18e-05 4.95e-06 9.55e-07 1.36e-07 -1.36e-07 
-1.21e-06 1.21e-06 3.35e-06 1.50e-05 5.85e-05 1.95e-04 5.58e-04 1.37e-03 2.94e-03 5.65e-03 1.00e-02 1.68e-02 2.66e-02 3.97e-02 5.58e-02 7.45e-02 9.47e-02 1.15e-01 1.34e-01 1.51e-01 1.65e-01 1.75e-01 1.83e-01 1.88e-01 1.91e-01 1.93e-01 1.94e-01 1.94e-01 1.94e-01 1.94e-01 1.94e-01 1.94e-01 1.94e-01 1.94e-01 1.94e-01 1.93e-01 1.91e-01 1.88e-01 1.83e-01 1.75e-01 1.65e-01 1.51e-01 1.34e-01 1.15e-01 9.47e-02 7.45e-02 5.58e-02 3.97e-02 2.66e-02 1.68e-02 1.00e-02 5.65e-03 2.94e-03 1.37e-03 5.58e-04 1.95e-04 5.85e-05 1.50e-05 3.25e-06 5.09e-07 -5.09e-07 
-3.94e-06 3.94e-06 9.79e-06 3.87e-05 1.35e-04 4.06e-04 1.05e-03 2.35e-03 4.72e-03 8.66e-03 1.49e-02 2.42e-02 3.71e-02 5.32e-02 7.22e-02 9.29e-02 1.14e-01 1.33e-01 1.49e-01 1.62e-01 1.72e-01 1.78e-01 1.81e-01 1.82e-01 1.82e-01 1.81e-01 1.80e-01 1.79e-01 1.78e-01 1.78e-01 1.77e-01 1.78e-01 1.78e-01 1.79e-01 1.80e-01 1.81e-01 1.82e-01 1.82e-01 1.81e-01 1.78e-01 1.72e-01 1.62e-01 1.49e-01 1.33e-01 1.14e-01 9.29e-02 7.22e-02 5.32e-02 3.71e-02 2.42e-02 1.49e-02 8.66e-03 4.72e-03 2.35e-03 1.05e-03 4.06e-04 1.35e-04 3.86e-05 9.38e-06 1.62e-06 -1.62e-06 
-1.09e-05 1.09e-05 2.46e-05 8.66e-05 2.73e-04 7.43e-04 1.76e-03 3.70e-03 7.07e-03 1.26e-02 2.10e-02 3.30e-02 4.86e-02 6.73e-02 8.80e-02 1.09e-01 1.28e-01 1.44e-01 1.57e-01 1.65e-01 1.69e-01 1.71e-01 1.70e-01 1.69e-01 1.67e-01 1.65e-01 1.63e-01 1.62e-01 1.61e-01 1.60e-01 1.60e-01 1.60e-01 1.61e-01 1.62e-01 1.63e-01 1.65e-01 1.67e-01 1.69e-01 1.70e-01 1.71e-01 1.69e-01 1.65e-01 1.57e-01 1.44e-01 1.28e-01 1.09e-01 8.80e-02 6.73e-02 4.86e-02 3.30e-02 2.10e-02 1.26e-02 7.07e-03 3.70e-03 1.76e-03 7.43e-04 2.73e-04 8.64e-05 2.33e-05 4.38e-06 -4.38e-06 
-2.62e-05 2.62e-05 5.36e-05 1.70e-04 4.89e-04 1.23e-03 2.72e-03 5.44e-03 1.00e-02 1.73e-02 2.80e-02 4.24e-02 6.03e-02 8.04e-02 1.01e-01 1.20e-01 1.37e-01 1.48e-01 1.56e-01 1.59e-01 1.59e-01 1.58e-01 1.55e-01 1.52e-01 1.50e-01 1.49e-01 1.47e-01 1.47e-01 1.47e-01 1.46e-01 1.46e-01 1.46e-01 1.47e-01 1.47e-01 1.47e-01 1.49e-01 1.50e-01 1.52e-01 1.55e-01 1.58e-01 1.59e-01 1.59e-01 1.56e-01 1.48e-01 1.37e-01 1.20e-01 1.01e-01 8.04e-02 6.03e-02 4.24e-02 2.80e-02 1.73e-02 1.00e-02 5.44e-03 2.72e-03 1.23e-03 4.89e-04 1.69e-04 5.02e-05 1.02e-05 -1.02e-05 
-5.46e-05 5.46e-05 1.03e-04 2.98e-04 7.92e-04 1.86e-03 3.92e-03 7.54e-03 1.35e-02 2.26e-02 3.53e-02 5.18e-02 7.09e-02 9.11e-02 1.10e-01 1.27e-01 1.39e-01 1.45e-01 1.48e-01 1.48e-01 1.45e-01 1.42e-01 1.40e-01 1.37e-01 1.36e-01 1.36e-01 1.36e-01 1.37e-01 1.38e-01 1.38e-01 1.38e-01 1.38e-01 1.38e-01 1.37e-01 1.36e-01 1.36e-01 1.36e-01 1.37e-01 1.40e-01 1.42e-01 1.45e-01 1.48e-01 1.48e-01 1.45e-01 1.39e-01 1.27e-01 1.10e-01 9.11e-02 7.09e-02 5.18e-02 3.53e-02 2.26e-02 1.35e-02 7.54e-03 3.92e-03 1.86e-03 7.92e-04 2.96e-04 9.53e-05 2.07e-05 -2.07e-05 
-1.01e-04 1.01e-04 1.79e-04 4.74e-04 1.18e-03 2.63e-03 5.32e-03 9.91e-03 1.72e-02 2.80e-02 4.24e-02 6.00e-02 7.93e-02 9.84e-02 1.15e-01 1.27e-01 1.34e-01 1.37e-01 1.36e-01 1.34e-01 1.31e-01 1.28e-01 1.26e-01 1.26e-01 1.27e-01 1.28e-01 1.30e-01 1.32e-01 1.34e-01 1.36e-01 1.36e-01 1.36e-01 1.34e-01 1.32e-01 1.30e-01 1.28e-01 1.27e-01 1.26e-01 1.26e-01 1.28e-01 1.31e-01 1.34e-01 1.36e-01 1.37e-01 1.34e-01 1.27e-01 1.15e-01 9.84e-02 7.93e-02 6.00e-02 4.24e-02 2.80e-02 1.72e-02 9.91e-03 5.32e-03 2.63e-03 1.18e-03 4.70e-04 1.62e-04 3.71e-05 -3.71e-05 
-1.68e-04 1.68e-04 2.81e-04 6.95e-04 1.64e-03 3.50e-03 6.85e-03 1.24e-02 2.10e-02 3.31e-02 4.86e-02 6.65e-02 8.49e-02 1.02e-01 1.15e-01 1.23e-01 1.26e-01 1.26e-01 1.23e-01 1.20e-01 1.17e-01 1.16e-01 1.16e-01 1.18e-01 1.21e-01 1.25e-01 1.29e-01 1.32e-01 1.35e-01 1.38e-01 1.38e-01 1.38e-01 1.35e-01 1.32e-01 1.29e-01 1.25e-01 1.21e-01 1.18e-01 1.16e-01 1.16e-01 1.17e-01 1.20e-01 1.23e-01 1.26e-01 1.26e-01 1.23e-01 1.15e-01 1.02e-01 8.49e-02 6.65e-02 4.86e-02 3.31e-02 2.10e-02 1.24e-02 6.85e-03 3.50e-03 1.64e-03 6.87e-04 2.51e-04 6.00e-05 -6.00e-05 
-2.55e-04 2.55e-04 4.06e-04 9.48e-04 2.14e-03 4.41e-03 8.38e-03 1.48e-02 2.44e-02 3.74e-02 5.32e-02 7.05e-02 8.72e-02 1.01e-01 1.10e-01 1.15e-01 1.15e-01 1.13e-01 1.09e-01 1.07e-01 1.06e-01 1.06e-01 1.09e-01 1.13e-01 1.18e-01 1.24e-01 1.30e-01 1.36e-01 1.40e-01 1.43e-01 1.45e-01 1.43e-01 1.40e-01 1.36e-01 1.30e-01 1.24e-01 1.18e-01 1.13e-01 1.09e-01 1.06e-01 1.06e-01 1.07e-01 1.09e-01 1.13e-01 1.15e-01 1.15e-01 1.10e-01 1.01e-01 8.72e-02 7.05e-02 5.32e-02 3.74e-02 2.44e-02 1.48e-02 8.38e-03 4.41e-03 2.14e-03 9.35e-04 3.57e-04 8.86e-05 -8.86e-05 
-3.56e-04 3.56e-04 5.47e-04 1.21e-03 2.64e-03 5.28e-03 9.79e-03 1.69e-02 2.71e-02 4.04e-02 5.59e-02 7.19e-02 8.62e-02 9.68e-02 1.03e-01 1.04e-01 1.03e-01 9.96e-02 9.69e-02 9.56e-02 9.64e-02 9.92e-02 1.04e-01 1.10e-01 1.18e-01 1.26e-01 1.34e-01 1.42e-01 1.49e-01 1.53e-01 1.54e-01 1.53e-01 1.49e-01 1.42e-01 1.34e-01 1.26e-01 1.18e-01 1.10e-01 1.04e-01 9.92e-02 9.64e-02 9.56e-02 9.69e-02 9.96e-02 1.03e-01 1.04e-01 1.03e-01 9.68e-02 8.62e-02 7.19e-02 5.59e-02 4.04e-02 2.71e-02 1.69e-02 9.79e-03 5.28e-03 2.63e-03 1.19e-03 4.73e-04 1.21e-04 -1.21e-04 
-4.62e-04 4.62e-04 6.87e-04 1.46e-03 3.08e-03 6.02e-03 1.09e-02 1.84e-02 2.89e-02 4.19e-02 5.65e-02 7.06e-02 8.23e-02 9.00e-02 9.31e-02 9.27e-02 9.02e-02 8.74e-02 8.58e-02 8.61e-02 8.86e-02 9.33e-02 1.00e-01 1.08e-01 1.18e-01 1.29e-01 1.40e-01 1.51e-01 1.60e-01 1.66e-01 1.68e-01 1.66e-01 1.60e-01 1.51e-01 1.40e-01 1.29e-01 1.18e-01 1.08e-01 1.00e-01 9.33e-02 8.86e-02 8.61e-02 8.58e-02 8.74e-02 9.02e-02 9.27e-02 9.31e-02 9.00e-02 8.23e-02 7.06e-02 5.65e-02 4.19e-02 2.89e-02 1.84e-02 1.09e-02 6.02e-03 3.07e-03 1.43e-03 5.86e-04 1.53e-04 -1.53e-04 
-5.58e-04 5.58e-04 8.10e-04 1.66e-03 3.42e-03 6.54e-03 1.16e-02 1.92e-02 2.94e-02 4.18e-02 5.49e-02 6.69e-02 7.61e-02 8.12e-02 8.24e-02 8.08e-02 7.82e-02 7.61e-02 7.57e-02 7.75e-02 8.16e-02 8.79e-02 9.63e-02 1.07e-01 1.19e-01 1.33e-01 1.47e-01 1.62e-01 1.75e-01 1.83e-01 1.87e-01 1.83e-01 1.75e-01 1.62e-01 1.47e-01 1.33e-01 1.19e-01 1.07e-01 9.63e-02 8.79e-02 8.16e-02 7.75e-02 7.57e-02 7.61e-02 7.82e-02 8.08e-02 8.24e-02 8.12e-02 7.61e-02 6.69e-02 5.49e-02 4.18e-02 2.94e-02 1.92e-02 1.16e-02 6.54e-03 3.41e-03 1.63e-03 6.82e-04 1.81e-04 -1.81e-04 
-6.31e-04 6.31e-04 8.96e-04 1.79e-03 3.59e-03 6.75e-03 1.18e-02 1.91e-02 2.88e-02 4.00e-02 5.13e-02 6.12e-02 6.81e-02 7.12e-02 7.11e-02 6.90e-02 6.68e-02 6.57e-02 6.64e-02 6.94e-02 7.46e-02 8.21e-02 9.19e-02 1.04e-01 1.19e-01 1.36e-01 1.55e-01 1.75e-01 1.94e-01 2.07e-01 2.12e-01 2.07e-01 1.94e-01 1.75e-01 1.55e-01 1.36e-01 1.19e-01 1.04e-01 9.19e-02 8.21e-02 7.46e-02 6.94e-02 6.64e-02 6.57e-02 6.68e-02 6.90e-02 7.11e-02 7.12e-02 6.81e-02 6.12e-02 5.13e-02 4.00e-02 2.88e-02 1.91e-02 1.18e-02 6.75e-03 3.58e-03 1.74e-03 7.46e-04 2.01e-04 -2.01e-04 
-6.65e-04 6.65e-04 9.30e-04 1.81e-03 3.57e-03 6.61e-03 1.14e-02 1.81e-02 2.68e-02 3.66e-02 4.61e-02 5.39e-02 5.88e-02 6.05e-02 5.96e-02 5.77e-02 5.60e-02 5.57e-02 5.73e-02 6.10e-02 6.69e-02 7.52e-02 8.59e-02 9.97e-02 1.17e-01 1.38e-01 1.63e-01 1.90e-01 2.18e-01 2.40e-01 2.48e-01 2.40e-01 2.18e-01 1.90e-01 1.63e-01 1.38e-01 1.17e-01 9.97e-02 8.59e-02 7.52e-02 6.69e-02 6.10e-02 5.73e-02 5.57e-02 5.60e-02 5.77e-02 5.96e-02 6.05e-02 5.88e-02 5.39e-02 4.61e-02 3.66e-02 2.68e-02 1.81e-02 1.14e-02 6.61e-03 3.56e-03 1.76e-03 7.66e-04 2.09e-04 -2.09e-04 
-6.51e-04 6.51e-04 8.98e-04 1.72e-03 3.34e-03 6.09e-03 1.03e-02 1.63e-02 2.37e-02 3.18e-02 3.94e-02 4.54e-02 4.87e-02 4.95e-02 4.84e-02 4.67e-02 4.56e-02 4.59e-02 4.80e-02 5.20e-02 5.81e-02 6.64e-02 7.76e-02 9.23e-02 1.11e-01 1.36e-01 1.68e-01 2.06e-01 2.48e-01 2.85e-01 3.02e-01 2.85e-01 2.48e-01 2.06e-01 1.68e-01 1.36e-01 1.11e-01 9.23e-02 7.76e-02 6.64e-02 5.81e-02 5.20e-02 4.80e-02 4.59e-02 4.56e-02 4.67e-02 4.84e-02 4.95e-02 4.87e-02 4.54e-02 3.94e-02 3.18e-02 2.37e-02 1.63e-02 1.03e-02 6.08e-03 3.32e-03 1.66e-03 7.33e-04 2.02e-04 -2.02e-04 
-5.82e-04 5.82e-04 7.95e-04 1.50e-03 2.88e-03 5.19e-03 8.73e-03 1.36e-02 1.95e-02 2.59e-02 3.17e-02 3.60e-02 3.82e-02 3.84e-02 3.73e-02 3.61e-02 3.55e-02 3.61e-02 3.82e-02 4.21e-02 4.77e-02 5.55e-02 6.61e-02 8.06e-02 1.01e-01 1.28e-01 1.66e-01 2.18e-01 2.83e-01 3.52e-01 3.91e-01 3.52e-01 2.83e-01 2.18e-01 1.66e-01 1.28e-01 1.01e-01 8.06e-02 6.61e-02 5.55e-02 4.77e-02 4.21e-02 3.82e-02 3.61e-02 3.55e-02 3.61e-02 3.73e-02 3.84e-02 3.82e-02 3.60e-02 3.17e-02 2.59e-02 1.95e-02 1.36e-02 8.73e-03 5.19e-03 2.86e-03 1.45e-03 6.45e-04 1.79e-04 -1.79e-04 
-4.61e-04 4.61e-04 6.25e-04 1.17e-03 2.22e-03 3.97e-03 6.62e-03 1.02e-02 1.46e-02 1.91e-02 2.32e-02 2.61e-02 2.74e-02 2.74e-02 2.66e-02 2.56e-02 2.53e-02 2.61e-02 2.80e-02 3.11e-02 3.57e-02 4.21e-02 5.11e-02 6.38e-02 8.22e-02 1.10e-01 1.52e-01 2.17e-01 3.16e-01 4.48e-01 5.57e-01 4.48e-01 3.16e-01 2.17e-01 1.52e-01 1.10e-01 8.22e-02 6.38e-02 5.11e-02 4.21e-02 3.57e-02 3.11e-02 2.80e-02 2.61e-02 2.53e-02 2.56e-02 2.66e-02 2.74e-02 2.74e-02 2.61e-02 2.32e-02 1.91e-02 1.46e-02 1.02e-02 6.62e-03 3.97e-03 2.20e-03 1.12e-03 5.04e-04 1.41e-04 -1.41e-04 
-2.96e-04 2.96e-04 4.00e-04 7.40e-04 1.40e-03 2.49e-03 4.13e-03 6.34e-03 8.98e-03 1.17e-02 1.41e-02 1.58e-02 1.65e-02 1.64e-02 1.58e-02 1.53e-02 1.53e-02 1.58e-02 1.70e-02 1.91e-02 2.21e-02 2.64e-02 3.25e-02 4.14e-02 5.50e-02 7.67e-02 1.14e-01 1.82e-01 3.15e-01 5.68e-01 9.42e-01 5.68e-01 3.15e-01 1.82e-01 1.14e-01 7.67e-02 5.50e-02 4.14e-02 3.25e-02 2.64e-02 2.21e-02 1.91e-02 1.70e-02 1.58e-02 1.53e-02 1.53e-02 1.58e-02 1.64e-02 1.65e-02 1.58e-02 1.41e-02 1.17e-02 8.98e-03 6.34e-03 4.13e-03 2.49e-03 1.39e-03 7.13e-04 3.21e-04 9.00e-05 -9.00e-05 
-1.02e-04 1.02e-04 1.37e-04 2.53e-04 4.78e-04 8.50e-04 1.40e-03 2.15e-03 3.03e-03 3.95e-03 4.74e-03 5.27e-03 5.49e-03 5.46e-03 5.30e-03 5.11e-03 5.04e-03 5.28e-03 5.75e-03 6.45e-03 7.54e-03 9.02e-03 1.12e-02 1.44e-02 1.95e-02 2.83e-02 4.53e-02 8.42e-02 1.93e-01 5.67e-01 2.07e+00 5.67e-01 1.93e-01 8.42e-02 4.53e-02 2.83e-02 1.95e-02 1.44e-02 1.12e-02 9.02e-03 7.54e-03 6.45e-03 5.75e-03 5.28e-03 5.04e-03 5.11e-03 5.30e-03 5.46e-03 5.49e-03 5.27e-03 4.74e-03 3.95e-03 3.03e-03 2.15e-03 1.40e-03 8.49e-04 4.75e-04 2.44e-04 1.10e-04 3.09e-05 -3.09e-05 
1.02e-04 -1.02e-04 -1.37e-04 -2.53e-04 -4.78e-04 -8.50e-04 -1.40e-03 -2.15e-03 -3.03e-03 -3.95e-03 -4.74e-03 -5.27e-03 -5.49e-03 -5.46e-03 -5.30e-03 -5.11e-03 -5.04e-03 -5.28e-03 -5.75e-03 -6.45e-03 -7.54e-03 -9.02e-03 -1.12e-02 -1.44e-02 -1.95e-02 -2.83e-02 -4.53e-02 -8.42e-02 -1.93e-01 -5.67e-01 -2.07e+00 -5.67e-01 -1.93e-01 -8.42e-02 -4.53e-02 -2.83e-02 -1.95e-02 -1.44e-02 -1.12e-02 -9.02e-03 -7.54e-03 -6.45e-03 -5.75e-03 -5.28e-03 -5.04e-03 -5.11e-03 -5.30e-03 -5.46e-03 -5.49e-03 -5.27e-03 -4.74e-03 -3.95e-03 -3.03e-03 -2.15e-03 -1.40e-03 -8.49e-04 -4.75e-04 -2.44e-04 -1.10e-04 -3.09e-05 3.09e-05 
2.96e-04 -2.96e-04 -4.00e-04 -7.40e-04 -1.40e-03 -2.49e-03 -4.13e-03 -6.34e-03 -8.98e-03 -1.17e-02 -1.41e-02 -1.58e-02 -1.65e-02 -1.64e-02 -1.58e-02 -1.53e-02 -1.53e-02 -1.58e-02 -1.70e-02 -1.91e-02 -2.21e-02 -2.64e-02 -3.25e-02 -4.14e-02 -5.50e-02 -7.67e-02 -1.14e-01 -1.82e-01 -3.15e-01 -5.68e-01 -9.42e-01 -5.68e-01 -3.15e-01 -1.82e-01 -1.14e-01 -7.67e-02 -5.50e-02 -4.14e-02 -3.25e-02 -2.64e-02 -2.21e-02 -1.91e-02 -1.70e-02 -1.58e-02 -1.53e-02 -1.53e-02 -1.58e-02 -1.64e-02 -1.65e-02 -1.58e-02 -1.41e-02 -1.17e-02 -8.98e-03 -6.34e-03 -4.13e-03 -2.49e-03 -1.39e-03 -7.13e-04 -3.21e-04 -9.00e-05 9.00e-05 
4.61e-04 -4.61e-04 -6.25e-04 -1.17e-03 -2.22e-03 -3.97e-03 -6.62e-03 -1.02e-02 -1.46e-02 -1.91e-02 -2.32e-02 -2.61e-02 -2.74e-02 -2.74e-02 -2.66e-02 -2.56e-02 -2.53e-02 -2.61e-02 -2.80e-02 -3.11e-02 -3.57e-02 -4.21e-02 -5.11e-02 -6.38e-02 -8.22e-02 -1.10e-01 -1.52e-01 -2.17e-01 -3.16e-01 -4.48e-01 -5.57e-01 -4.48e-01 -3.16e-01 -2.17e-01 -1.52e-01 -1.10e-01 -8.22e-02 -6.38e-02 -5.11e-02 -4.21e-02 -3.57e-02 -3.11e-02 -2.80e-02 -2.61e-02 -2.53e-02 -2.56e-02 -2.66e-02 -2.74e-02 -2.74e-02 -2.61e-02 -2.32e-02 -1.91e-02 -1.46e-02 -1.02e-02 -6.62e-03 -3.97e-03 -2.20e-03 -1.12e-03 -5.04e-04 -1.41e-04 1.41e-04 
5.82e-04 -5.82e-04 -7.95e-04 -1.50e-03 -2.88e-03 -5.19e-03 -8.73e-03 -1.36e-02 -1.95e-02 -2.59e-02 -3.17e-02 -3.60e-02 -3.82e-02 -3.84e-02 -3.73e-02 -3.61e-02 -3.55e-02 -3.61e-02 -3.82e-02 -4.21e-02 -4.77e-02 -5.55e-02 -6.61e-02 -8.06e-02 -1.01e-01 -1.28e-01 -1.66e-01 -2.18e-01 -2.83e-01 -3.52e-01 -3.91e-01 -3.52e-01 -2.83e-01 -2.18e-01 -1.66e-01 -1.28e-01 -1.01e-01 -8.06e-02 -6.61e-02 -5.55e-02 -4.77e-02 -4.21e-02 -3.82e-02 -3.61e-02 -3.55e-02 -3.61e-02 -3.73e-02 -3.84e-02 -3.82e-02 -3.60e-02 -3.17e-02 -2.59e-02 -1.95e-02 -1.36e-02 -8.73e-03 -5.19e-03 -2.86e-03 -1.45e-03 -6.45e-04 -1.79e-04 1.79e-04 
6.51e-04 -6.51e-04 -8.98e-04 -1.72e-03 -3.34e-03 -6.09e-03 -1.03e-02 -1.63e-02 -2.37e-02 -3.18e-02 -3.94e-02 -4.54e-02 -4.87e-02 -4.95e-02 -4.84e-02 -4.67e-02 -4.56e-02 -4.59e-02 -4.80e-02 -5.20e-02 -5.81e-02 -6.64e-02 -7.76e-02 -9.23e-02 -1.11e-01 -1.36e-01 -1.68e-01 -2.06e-01 -2.48e-01 -2.85e-01 -3.02e-01 -2.85e-01 -2.48e-01 -2.06e-01 -1.68e-01 -1.36e-01 -1.11e-01 -9.23e-02 -7.76e-02 -6.64e-02 -5.81e-02 -5.20e-02 -4.80e-02 -4.59e-02 -4.56e-02 -4.67e-02 -4.84e-02 -4.95e-02 -4.87e-02 -4.54e-02 -3.94e-02 -3.18e-02 -2.37e-02 -1.63e-02 -1.03e-02 -6.08e-03 -3.32e-03 -1.66e-03 -7.33e-04 -2.02e-04 2.02e-04 
6.65e-04 -6.65e-04 -9.30e-04 -1.81e-03 -3.57e-03 -6.61e-03 -1.14e-02 -1.81e-02 -2.68e-02 -3.66e-02 -4.61e-02 -5.39e-02 -5.88e-02 -6.05e-02 -5.96e-02 -5.77e-02 -5.60e-02 -5.57e-02 -5.73e-02 -6.10e-02 -6.69e-02 -7.52e-02 -8.59e-02 -9.97e-02 -1.17e-01 -1.38e-01 -1.63e-01 -1.90e-01 -2.18e-01 -2.40e-01 -2.48e-01 -2.40e-01 -2.18e-01 -1.90e-01 -1.63e-01 -1.38e-01 -1.17e-01 -9.97e-02 -8.59e-02 -7.52e-02 -6.69e-02 -6.10e-02 -5.73e-02 -5.57e-02 -5.60e-02 -5.77e-02 -5.96e-02 -6.05e-02 -5.88e-02 -5.39e-02 -4.61e-02 -3.66e-02 -2.68e-02 -1.81e-02 -1.14e-02 -6.61e-03 -3.56e-03 -1.76e-03 -7.66e-04 -2.09e-04 2.09e-04 
6.31e-04 -6.31e-04 -8.96e-04 -1.79e-03 -3.59e-03 -6.75e-03 -1.18e-02 -1.91e-02 -2.88e-02 -4.00e-02 -5.13e-02 -6.12e-02 -6.81e-02 -7.12e-02 -7.11e-02 -6.90e-02 -6.68e-02 -6.57e-02 -6.64e-02 -6.94e-02 -7.46e-02 -8.21e-02 -9.19e-02 -1.04e-01 -1.19e-01 -1.36e-01 -1.55e-01 -1.75e-01 -1.94e-01 -2.07e-01 -2.12e-01 -2.07e-01 -1.94e-01 -1.75e-01 -1.55e-01 -1.36e-01 -1.19e-01 -1.04e-01 -9.19e-02 -8.21e-02 -7.46e-02 -6.94e-02 -6.64e-02 -6.57e-02 -6.68e-02 -6.90e-02 -7.11e-02 -7.12e-02 -6.81e-02 -6.12e-02 -5.13e-02 -4.00e-02 -2.88e-02 -1.91e-02 -1.18e-02 -6.75e-03 -3.58e-03 -1.74e-03 -7.46e-04 -2.01e-04 2.01e-04 
5.58e-04 -5.58e-04 -8.10e-04 -1.66e-03 -3.42e-03 -6.54e-03 -1.16e-02 -1.92e-02 -2.94e-02 -4.18e-02 -5.49e-02 -6.69e-02 -7.61e-02 -8.12e-02 -8.24e-02 -8.08e-02 -7.82e-02 -7.61e-02 -7.57e-02 -7.75e-02 -8.16e-02 -8.79e-02 -9.63e-02 -1.07e-01 -1.19e-01 -1.33e-01 -1.47e-01 -1.62e-01 -1.75e-01 -1.83e-01 -1.87e-01 -1.83e-01 -1.75e-01 -1.62e-01 -1.47e-01 -1.33e-01 -1.19e-01 -1.07e-01 -9.63e-02 -8.79e-02 -8.16e-02 -7.75e-02 -7.57e-02 -7.61e-02 -7.82e-02 -8.08e-02 -8.24e-02 -8.12e-02 -7.61e-02 -6.69e-02 -5.49e-02 -4.18e-02 -2.94e-02 -1.92e-02 -1.16e-02 -6.54e-03 -3.41e-03 -1.63e-03 -6.82e-04 -1.81e-04 1.81e-04 
4.62e-04 -4.62e-04 -6.87e-04 -1.46e-03 -3.08e-03 -6.02e-03 -1.09e-02 -1.84e-02 -2.89e-02 -4.19e-02 -5.65e-02 -7.06e-02 -8.23e-02 -9.00e-02 -9.31e-02 -9.27e-02 -9.02e-02 -8.74e-02 -8.58e-02 -8.61e-02 -8.86e-02 -9.33e-02 -1.00e-01 -1.08e-01 -1.18e-01 -1.29e-01 -1.40e-01 -1.51e-01 -1.60e-01 -1.66e-01 -1.68e-01 -1.66e-01 -1.60e-01 -1.51e-01 -1.40e-01 -1.29e-01 -1.18e-01 -1.08e-01 -1.00e-01 -9.33e-02 -8.86e-02 -8.61e-02 -8.58e-02 -8.74e-02 -9.02e-02 -9.27e-02 -9.31e-02 -9.00e-02 -8.23e-02 -7.06e-02 -5.65e-02 -4.19e-02 -2.89e-02 -1.84e-02 -1.09e-02 -6.02e-03 -3.07e-03 -1.43e-03 -5.86e-04 -1.53e-04 1.53e-04 
3.56e-04 -3.56e-04 -5.47e-04 -1.21e-03 -2.64e-03 -5.28e-03 -9.79e-03 -1.69e-02 -2.71e-02 -4.04e-02 -5.59e-02 -7.19e-02 -8.62e-02 -9.68e-02 -1.03e-01 -1.04e-01 -1.03e-01 -9.96e-02 -9.69e-02 -9.56e-02 -9.64e-02 -9.92e-02 -1.04e-01 -1.10e-01 -1.18e-01 -1.26e-01 -1.34e-01 -1.42e-01 -1.49e-01 -1.53e-01 -1.54e-01 -1.53e-01 -1.49e-01 -1.42e-01 -1.34e-01 -1.26e-01 -1.18e-01 -1.10e-01 -1.04e-01 -9.92e-02 -9.64e-02 -9.56e-02 -9.69e-02 -9.96e-02 -1.03e-01 -1.04e-01 -1.03e-01 -9.68e-02 -8.62e-02 -7.19e-02 -5.59e-02 -4.04e-02 -2.71e-02 -1.69e-02 -9.79e-03 -5.28e-03 -2.63e-03 -1.19e-03 -4.73e-04 -1.21e-04 1.21e-04 
2.55e-04 -2.55e-04 -4.06e-04 -9.48e-04 -2.14e-03 -4.41e-03 -8.38e-03 -1.48e-02 -2.44e-02 -3.74e-02 -5.32e-02 -7.05e-02 -8.72e-02 -1.01e-01 -1.10e-01 -1.15e-01 -1.15e-01 -1.13e-01 -1.09e-01 -1.07e-01 -1.06e-01 -1.06e-01 -1.09e-01 -1.13e-01 -1.18e-01 -1.24e-01 -1.30e-01 -1.36e-01 -1.40e-01 -1.43e-01 -1.45e-01 -1.43e-01 -1.40e-01 -1.36e-01 -1.30e-01 -1.24e-01 -1.18e-01 -1.13e-01 -1.09e-01 -1.06e-01 -1.06e-01 -1.07e-01 -1.09e-01 -1.13e-01 -1.15e-01 -1.15e-01 -1.10e-01 -1.01e-01 -8.72e-02 -7.05e-02 -5.32e-02 -3.74e-02 -2.44e-02 -1.48e-02 -8.38e-03 -4.41e-03 -2.14e-03 -9.35e-04 -3.57e-04 -8.86e-05 8.86e-05 
1.68e-04 -1.68e-04 -2.81e-04 -6.95e-04 -1.64e-03 -3.50e-03 -6.85e-03 -1.24e-02 -2.10e-02 -3.31e-02 -4.86e-02 -6.65e-02 -8.49e-02 -1.02e-01 -1.15e-01 -1.23e-01 -1.26e-01 -1.26e-01 -1.23e-01 -1.20e-01 -1.17e-01 -1.16e-01 -1.16e-01 -1.18e-01 -1.21e-01 -1.25e-01 -1.29e-01 -1.32e-01 -1.35e-01 -1.38e-01 -1.38e-01 -1.38e-01 -1.35e-01 -1.32e-01 -1.29e-01 -1.25e-01 -1.21e-01 -1.18e-01 -1.16e-01 -1.16e-01 -1.17e-01 -1.20e-01 -1.23e-01 -1.26e-01 -1.26e-01 -1.23e-01 -1.15e-01 -1.02e-01 -8.49e-02 -6.65e-02 -4.86e-02 -3.31e-02 -2.10e-02 -1.24e-02 -6.85e-03 -3.50e-03 -1.64e-03 -6.87e-04 -2.51e-04 -6.00e-05 6.00e-05 
1.01e-04 -1.01e-04 -1.79e-04 -4.74e-04 -1.18e-03 -2.63e-03 -5.32e-03 -9.91e-03 -1.72e-02 -2.80e-02 -4.24e-02 -6.00e-02 -7.93e-02 -9.84e-02 -1.15e-01 -1.27e-01 -1.34e-01 -1.37e-01 -1.36e-01 -1.34e-01 -1.31e-01 -1.28e-01 -1.26e-01 -1.26e-01 -1.27e-01 -1.28e-01 -1.30e-01 -1.32e-01 -1.34e-01 -1.36e-01 -1.36e-01 -1.36e-01 -1.34e-01 -1.32e-01 -1.30e-01 -1.28e-01 -1.27e-01 -1.26e-01 -1.26e-01 -1.28e-01 -1.31e-01 -1.34e-01 -1.36e-01 -1.37e-01 -1.34e-01 -1.27e-01 -1.15e-01 -9.84e-02 -7.93e-02 -6.00e-02 -4.24e-02 -2.80e-02 -1.72e-02 -9.91e-03 -5.32e-03 -2.63e-03 -1.18e-03 -4.70e-04 -1.62e-04 -3.71e-05 3.71e-05 
5.46e-05 -5.46e-05 -1.03e-04 -2.98e-04 -7.92e-04 -1.86e-03 -3.92e-03 -7.54e-03 -1.35e-02 -2.26e-02 -3.53e-02 -5.18e-02 -7.09e-02 -9.11e-02 -1.10e-01 -1.27e-01 -1.39e-01 -1.45e-01 -1.48e-01 -1.48e-01 -1.45e-01 -1.42e-01 -1.40e-01 -1.37e-01 -1.36e-01 -1.36e-01 -1.36e-01 -1.37e-01 -1.38e-01 -1.38e-01 -1.38e-01 -1.38e-01 -1.38e-01 -1.37e-01 -1.36e-01 -1.36e-01 -1.36e-01 -1.37e-01 -1.40e-01 -1.42e-01 -1.45e-01 -1.48e-01 -1.48e-01 -1.45e-01 -1.39e-01 -1.27e-01 -1.10e-01 -9.11e-02 -7.09e-02 -5.18e-02 -3.53e-02 -2.26e-02 -1.35e-02 -7.54e-03 -3.92e-03 -1.86e-03 -7.92e-04 -2.96e-04 -9.53e-05 -2.07e-05 2.07e-05 
2.62e-05 -2.62e-05 -5.36e-05 -1.70e-04 -4.89e-04 -1.23e-03 -2.72e-03 -5.44e-03 -1.00e-02 -1.73e-02 -2.80e-02 -4.24e-02 -6.03e-02 -8.04e-02 -1.01e-01 -1.20e-01 -1.37e-01 -1.48e-01 -1.56e-01 -1.59e-01 -1.59e-01 -1.58e-01 -1.55e-01 -1.52e-01 -1.50e-01 -1.49e-01 -1.47e-01 -1.47e-01 -1.47e-01 -1.46e-01 -1.46e-01 -1.46e-01 -1.47e-01 -1.47e-01 -1.47e-01 -1.49e-01 -1.50e-01 -1.52e-01 -1.55e-01 -1.58e-01 -1.59e-01 -1.59e-01 -1.56e-01 -1.48e-01 -1.37e-01 -1.20e-01 -1.01e-01 -8.04e-02 -6.03e-02 -4.24e-02 -2.80e-02 -1.73e-02 -1.00e-02 -5.44e-03 -2.72e-03 -1.23e-03 -4.89e-04 -1.69e-04 -5.02e-05 -1.02e-05 1.02e-05 
1.09e-05 -1.09e-05 -2.46e-05 -8.66e-05 -2.73e-04 -7.43e-04 -1.76e-03 -3.70e-03 -7.07e-03 -1.26e-02 -2.10e-02 -3.30e-02 -4.86e-02 -6.73e-02 -8.80e-02 -1.09e-01 -1.28e-01 -1.44e-01 -1.57e-01 -1.65e-01 -1.69e-01 -1.71e-01 -1.70e-01 -1.69e-01 -1.67e-01 -1.65e-01 -1.63e-01 -1.62e-01 -1.61e-01 -1.60e-01 -1.60e-01 -1.60e-01 -1.61e-01 -1.62e-01 -1.63e-01 -1.65e-01 -1.67e-01 -1.69e-01 -1.70e-01 -1.71e-01 -1.69e-01 -1.65e-01 -1.57e-01 -1.44e-01 -1.28e-01 -1.09e-01 -8.80e-02 -6.73e-02 -4.86e-02 -3.30e-02 -2.10e-02 -1.26e-02 -7.07e-03 -3.70e-03 -1.76e-03 -7.43e-04 -2.73e-04 -8.64e-05 -2.33e-05 -4.38e-06 4.38e-06 
3.94e-06 -3.94e-06 -9.79e-06 -3.87e-05 -1.35e-04 -4.06e-04 -1.05e-03 -2.35e-03 -4.72e-03 -8.66e-03 -1.49e-02 -2.42e-02 -3.71e-02 -5.32e-02 -7.22e-02 -9.29e-02 -1.14e-01 -1.33e-01 -1.49e-01 -1.62e-01 -1.72e-01 -1.78e-01 -1.81e-01 -1.82e-01 -1.82e-01 -1.81e-01 -1.80e-01 -1.79e-01 -1.78e-01 -1.78e-01 -1.77e-01 -1.78e-01 -1.78e-01 -1.79e-01 -1.80e-01 -1.81e-01 -1.82e-01 -1.82e-01 -1.81e-01 -1.78e-01 -1.72e-01 -1.62e-01 -1.49e-01 -1.33e-01 -1.14e-01 -9.29e-02 -7.22e-02 -5.32e-02 -3.71e-02 -2.42e-02 -1.49e-02 -8.66e-03 -4.72e-03 -2.35e-03 -1.05e-03 -4.06e-04 -1.35e-04 -3.86e-05 -9.38e-06 -1.62e-06 1.62e-06 
1.21e-06 -1.21e-06 -3.35e-06 -1.50e-05 -5.85e-05 -1.95e-04 -5.58e-04 -1.37e-03 -2.94e-03 -5.65e-03 -1.00e-02 -1.68e-02 -2.66e-02 -3.97e-02 -5.58e-02 -7.45e-02 -9.47e-02 -1.15e-01 -1.34e-01 -1.51e-01 -1.65e-01 -1.75e-01 -1.83e-01 -1.88e-01 -1.91e-01 -1.93e-01 -1.94e-01 -1.94e-01 -1.94e-01 -1.94e-01 -1.94e-01 -1.94e-01 -1.94e-01 -1.94e-01 -1.94e-01 -1.93e-01 -1.91e-01 -1.88e-01 -1.83e-01 -1.75e-01 -1.65e-01 -1.51e-01 -1.34e-01 -1.15e-01 -9.47e-02 -7.45e-02 -5.58e-02 -3.97e-02 -2.66e-02 -1.68e-02 -1.00e-02 -5.65e-03 -2.94e-03 -1.37e-03 -5.58e-04 -1.95e-04 -5.85e-05 -1.50e-05 -3.25e-06 -5.09e-07 5.09e-07 
3.15e-07 -3.15e-07 -9.80e-07 -4.96e-06 -2.18e-05 -8.17e-05 -2.61e-04 -7.11e-04 -1.67e-03 -3.44e-03 -6.37e-03 -1.10e-02 -1.79e-02 -2.77e-02 -4.05e-02 -5.61e-02 -7.39e-02 -9.31e-02 -1.12e-01 -1.31e-01 -1.47e-01 -1.62e-01 -1.74e-01 -1.83e-01 -1.89e-01 -1.94e-01 -1.98e-01 -2.00e-01 -2.01e-01 -2.02e-01 -2.02e-01 -2.02e-01 -2.01e-01 -2.00e-01 -1.98e-01 -1.94e-01 -1.89e-01 -1.83e-01 -1.74e-01 -1.62e-01 -1.47e-01 -1.31e-01 -1.12e-01 -9.31e-02 -7.39e-02 -5.61e-02 -4.05e-02 -2.77e-02 -1.79e-02 -1.10e-02 -6.37e-03 -3.44e-03 -1.67e-03 -7.11e-04 -2.61e-04 -8.17e-05 -2.18e-05 -4.95e-06 -9.55e-07 -1.36e-07 1.36e-07 
6.93e-08 -6.93e-08 -2.43e-07 -1.39e-06 -6.93e-06 -2.93e-05 -1.05e-04 -3.22e-04 -8.41e-04 -1.90e-03 -3.77e-03 -6.78e-03 -1.14e-02 -1.81e-02 -2.74e-02 -3.95e-02 -5.39e-02 -7.03e-02 -8.79e-02 -1.06e-01 -1.23e-01 -1.39e-01 -1.53e-01 -1.65e-01 -1.75e-01 -1.83e-01 -1.89e-01 -1.93e-01 -1.96e-01 -1.98e-01 -1.98e-01 -1.98e-01 -1.96e-01 -1.93e-01 -1.89e-01 -1.83e-01 -1.75e-01 -1.65e-01 -1.53e-01 -1.39e-01 -1.23e-01 -1.06e-01 -8.79e-02 -7.03e-02 -5.39e-02 -3.95e-02 -2.74e-02 -1.81e-02 -1.14e-02 -6.78e-03 -3.77e-03 -1.90e-03 -8.41e-04 -3.22e-04 -1.05e-04 -2.93e-05 -6.93e-06 -1.39e-06 -2.38e-07 -3.04e-08 3.04e-08 
1.27e-08 -1.27e-08 -5.07e-08 -3.32e-07 -1.87e-06 -8.93e-06 -3.62e-05 -1.25e-04 -3.68e-04 -9.25e-04 -2.02e-03 -3.89e-03 -6.82e-03 -1.12e-02 -1.74e-02 -2.59e-02 -3.66e-02 -4.94e-02 -6.38e-02 -7.93e-02 -9.52e-02 -1.11e-01 -1.25e-01 -1.38e-01 -1.50e-01 -1.59e-01 -1.67e-01 -1.73e-01 -1.77e-01 -1.79e-01 -1.80e-01 -1.79e-01 -1.77e-01 -1.73e-01 -1.67e-01 -1.59e-01 -1.50e-01 -1.38e-01 -1.25e-01 -1.11e-01 -9.52e-02 -7.93e-02 -6.38e-02 -4.94e-02 -3.66e-02 -2.59e-02 -1.74e-02 -1.12e-02 -6.82e-03 -3.89e-03 -2.02e-03 -9.25e-04 -3.68e-04 -1.25e-04 -3.62e-05 -8.93e-06 -1.87e-06 -3.32e-07 -4.99e-08 -5.69e-09 5.69e-09 
1.96e-09 -1.96e-09 -8.88e-09 -6.65e-08 -4.26e-07 -2.31e-06 -1.06e-05 -4.14e-05 -1.38e-04 -3.89e-04 -9.47e-04 -2.00e-03 -3.77e-03 -6.48e-03 -1.04e-02 -1.59e-02 -2.32e-02 -3.23e-02 -4.30e-02 -5.51e-02 -6.81e-02 -8.14e-02 -9.45e-02 -1.07e-01 -1.18e-01 -1.28e-01 -1.36e-01 -1.42e-01 -1.47e-01 -1.50e-01 -1.50e-01 -1.50e-01 -1.47e-01 -1.42e-01 -1.36e-01 -1.28e-01 -1.18e-01 -1.07e-01 -9.45e-02 -8.14e-02 -6.81e-02 -5.51e-02 -4.30e-02 -3.23e-02 -2.32e-02 -1.59e-02 -1.04e-02 -6.48e-03 -3.77e-03 -2.00e-03 -9.47e-04 -3.89e-04 -1.38e-04 -4.14e-05 -1.06e-05 -2.31e-06 -4.26e-07 -6.65e-08 -8.78e-09 -8.87e-10 8.87e-10 
2.48e-10 -2.48e-10 -1.30e-09 -1.12e-08 -8.17e-08 -5.03e-07 -2.63e-06 -1.16e-05 -4.37e-05 -1.40e-04 -3.82e-04 -9.02e-04 -1.86e-03 -3.43e-03 -5.79e-03 -9.16e-03 -1.37e-02 -1.97e-02 -2.70e-02 -3.55e-02 -4.51e-02 -5.53e-02 -6.58e-02 -7.60e-02 -8.56e-02 -9.43e-02 -1.02e-01 -1.08e-01 -1.12e-01 -1.15e-01 -1.16e-01 -1.15e-01 -1.12e-01 -1.08e-01 -1.02e-01 -9.43e-02 -8.56e-02 -7.60e-02 -6.58e-02 -5.53e-02 -4.51e-02 -3.55e-02 -2.70e-02 -1.97e-02 -1.37e-02 -9.16e-03 -5.79e-03 -3.43e-03 -1.86e-03 -9.02e-04 -3.82e-04 -1.40e-04 -4.37e-05 -1.16e-05 -2.63e-06 -5.03e-07 -8.17e-08 -1.12e-08 -1.29e-09 -1.14e-10 1.14e-10 
2.59e-11 -2.59e-11 -1.58e-10 -1.57e-09 -1.32e-08 -9.26e-08 -5.50e-07 -2.76e-06 -1.18e-05 -4.26e-05 -1.31e-04 -3.48e-04 -7.98e-04 -1.61e-03 -2.92e-03 -4.86e-03 -7.58e-03 -1.12e-02 -1.58e-02 -2.13e-02 -2.78e-02 -3.48e-02 -4.23e-02 -4.99e-02 -5.72e-02 -6.40e-02 -7.00e-02 -7.48e-02 -7.84e-02 -8.06e-02 -8.14e-02 -8.06e-02 -7.84e-02 -7.48e-02 -7.00e-02 -6.40e-02 -5.72e-02 -4.99e-02 -4.23e-02 -3.48e-02 -2.78e-02 -2.13e-02 -1.58e-02 -1.12e-02 -7.58e-03 -4.86e-03 -2.92e-03 -1.61e-03 -7.98e-04 -3.48e-04 -1.31e-04 -4.26e-05 -1.18e-05 -2.76e-06 -5.50e-07 -9.26e-08 -1.32e-08 -1.57e-09 -1.57e-10 -1.21e-11 1.21e-11 
2.19e-12 -2.19e-12 -1.57e-11 -1.83e-10 -1.77e-09 -1.43e-08 -9.70e-08 -5.54e-07 -2.68e-06 -1.10e-05 -3.83e-05 -1.14e-04 -2.93e-04 -6.55e-04 -1.30e-03 -2.32e-03 -3.81e-03 -5.87e-03 -8.55e-03 -1.19e-02 -1.59e-02 -2.04e-02 -2.53e-02 -3.04e-02 -3.54e-02 -4.02e-02 -4.44e-02 -4.79e-02 -5.06e-02 -5.22e-02 -5.28e-02 -5.22e-02 -5.06e-02 -4.79e-02 -4.44e-02 -4.02e-02 -3.54e-02 -3.04e-02 -2.53e-02 -2.04e-02 -1.59e-02 -1.19e-02 -8.55e-03 -5.87e-03 -3.81e-03 -2.32e-03 -1.30e-03 -6.55e-04 -2.93e-04 -1.14e-04 -3.83e-05 -1.10e-05 -2.68e-06 -5.54e-07 -9.70e-08 -1.43e-08 -1.77e-09 -1.83e-10 -1.57e-11 -1.03e-12 1.03e-12 
1.47e-13 -1.47e-13 -1.28e-12 -1.76e-11 -1.99e-10 -1.85e-09 -1.44e-08 -9.38e-08 -5.16e-07 -2.40e-06 -9.46e-06 -3.18e-05 -9.17e-05 -2.29e-04 -4.99e-04 -9.69e-04 -1.71e-03 -2.78e-03 -4.23e-03 -6.10e-03 -8.37e-03 -1.10e-02 -1.40e-02 -1.71e-02 -2.03e-02 -2.33e-02 -2.61e-02 -2.84e-02 -3.02e-02 -3.13e-02 -3.17e-02 -3.13e-02 -3.02e-02 -2.84e-02 -2.61e-02 -2.33e-02 -2.03e-02 -1.71e-02 -1.40e-02 -1.10e-02 -8.37e-03 -6.10e-03 -4.23e-03 -2.78e-03 -1.71e-03 -9.69e-04 -4.99e-04 -2.29e-04 -9.17e-05 -3.18e-05 -9.46e-06 -2.40e-06 -5.16e-07 -9.38e-08 -1.44e-08 -1.85e-09 -1.99e-10 -1.76e-11 -1.27e-12 -7.04e-14 7.04e-14 
7.72e-15 -7.72e-15 -8.25e-14 -1.37e-12 -1.83e-11 -1.99e-10 -1.79e-09 -1.34e-08 -8.39e-08 -4.43e-07 -1.98e-06 -7.51e-06 -2.44e-05 -6.79e-05 -1.65e-04 -3.51e-04 -6.71e-04 -1.17e-03 -1.88e-03 -2.83e-03 -4.03e-03 -5.47e-03 -7.11e-03 -8.89e-03 -1.07e-02 -1.25e-02 -1.42e-02 -1.56e-02 -1.67e-02 -1.74e-02 -1.76e-02 -1.74e-02 -1.67e-02 -1.56e-02 -1.42e-02 -1.25e-02 -1.07e-02 -8.89e-03 -7.11e-03 -5.47e-03 -4.03e-03 -2.83e-03 -1.88e-03 -1.17e-03 -6.71e-04 -3.51e-04 -1.65e-04 -6.79e-05 -2.44e-05 -7.51e-06 -1.98e-06 -4.43e-07 -8.39e-08 -1.34e-08 -1.79e-09 -1.99e-10 -1.83e-11 -1.37e-12 -8.24e-14 -3.73e-15 3.73e-15 
3.03e-16 -3.03e-16 -4.16e-15 -8.56e-14 -1.38e-12 -1.77e-11 -1.85e-10 -1.60e-09 -1.15e-08 -6.92e-08 -3.51e-07 -1.51e-06 -5.50e-06 -1.72e-05 -4.65e-05 -1.10e-04 -2.29e-04 -4.30e-04 -7.38e-04 -1.17e-03 -1.75e-03 -2.47e-03 -3.32e-03 -4.26e-03 -5.26e-03 -6.25e-03 -7.18e-03 -7.99e-03 -8.61e-03 -9.00e-03 -9.13e-03 -9.00e-03 -8.61e-03 -7.99e-03 -7.18e-03 -6.25e-03 -5.26e-03 -4.26e-03 -3.32e-03 -2.47e-03 -1.75e-03 -1.17e-03 -7.38e-04 -4.30e-04 -2.29e-04 -1.10e-04 -4.65e-05 -1.72e-05 -5.50e-06 -1.51e-06 -3.51e-07 -6.92e-08 -1.15e-08 -1.60e-09 -1.85e-10 -1.77e-11 -1.38e-12 -8.56e-14 -4.15e-15 -1.48e-16 1.48e-16 
8.36e-18 -8.36e-18 -1.57e-16 -4.16e-15 -8.28e-14 -1.28e-12 -1.59e-11 -1.61e-10 -1.34e-09 -9.23e-09 -5.35e-08 -2.61e-07 -1.08e-06 -3.82e-06 -1.16e-05 -3.05e-05 -7.05e-05 -1.45e-04 -2.70e-04 -4.61e-04 -7.29e-04 -1.08e-03 -1.51e-03 -2.01e-03 -2.56e-03 -3.11e-03 -3.65e-03 -4.11e-03 -4.47e-03 -4.71e-03 -4.79e-03 -4.71e-03 -4.47e-03 -4.11e-03 -3.65e-03 -3.11e-03 -2.56e-03 -2.01e-03 -1.51e-03 -1.08e-03 -7.29e-04 -4.61e-04 -2.70e-04 -1.45e-04 -7.05e-05 -3.05e-05 -1.16e-05 -3.82e-06 -1.08e-06 -2.61e-07 -5.35e-08 -9.23e-09 -1.34e-09 -1.61e-10 -1.59e-11 -1.28e-12 -8.28e-14 -4.16e-15 -1.57e-16 -4.11e-18 4.11e-18 
2.89e-19 -2.89e-19 -8.36e-18 -3.03e-16 -7.75e-15 -1.49e-13 -2.21e-12 -2.64e-11 -2.55e-10 -2.03e-09 -1.34e-08 -7.41e-08 -3.45e-07 -1.36e-06 -4.60e-06 -1.33e-05 -3.37e-05 -7.50e-05 -1.49e-04 -2.69e-04 -4.47e-04 -6.88e-04 -9.94e-04 -1.36e-03 -1.76e-03 -2.18e-03 -2.58e-03 -2.94e-03 -3.22e-03 -3.40e-03 -3.46e-03 -3.40e-03 -3.22e-03 -2.94e-03 -2.58e-03 -2.18e-03 -1.76e-03 -1.36e-03 -9.94e-04 -6.88e-04 -4.47e-04 -2.69e-04 -1.49e-04 -7.50e-05 -3.37e-05 -1.33e-05 -4.60e-06 -1.36e-06 -3.45e-07 -7.41e-08 -1.34e-08 -2.03e-09 -2.55e-10 -2.64e-11 -2.21e-12 -1.49e-13 -7.75e-15 -3.03e-16 -8.36e-18 -1.44e-19 1.44e-19 
-2.89e-19 2.89e-19 8.36e-18 3.03e-16 7.75e-15 1.49e-13 2.21e-12 2.64e-11 2.55e-10 2.03e-09 1.34e-08 7.41e-08 3.45e-07 1.36e-06 4.60e-06 1.33e-05 3.37e-05 7.50e-05 1.49e-04 2.69e-04 4.47e-04 6.88e-04 9.94e-04 1.36e-03 1.76e-03 2.18e-03 2.58e-03 2.94e-03 3.22e-03 3.40e-03 3.46e-03 3.40e-03 3.22e-03 2.94e-03 2.58e-03 2.18e-03 1.76e-03 1.36e-03 9.94e-04 6.88e-04 4.47e-04 2.69e-04 1.49e-04 7.50e-05 3.37e-05 1.33e-05 4.60e-06 1.36e-06 3.45e-07 7.41e-08 1.34e-08 2.03e-09 2.55e-10 2.64e-11 2.21e-12 1.49e-13 7.75e-15 3.03e-16 8.36e-18 1.44e-19 -1.44e-19 
