0.00e+00 -0.00e+00 -0.00e+00 -0.00e+00 -0.00e+00 -0.00e+00 -0.00e+00 -0.00e+00 -0.00e+00 -0.00e+00 -0.00e+00 -0.00e+00 -0.00e+00 -0.00e+00 -0.00e+00 -0.00e+00 -0.00e+00 -0.00e+00 -0.00e+00 -0.00e+00 -0.00e+00 -0.00e+00 -0.00e+00 -0.00e+00 -1.51e-17 -3.75e-16 -3.78e-15 -2.01e-14 -6.25e-14 -1.19e-13 -1.47e-13 -1.19e-13 -6.25e-14 -2.01e-14 -3.78e-15 -3.75e-16 -1.51e-17 -0.00e+00 -0.00e+00 -0.00e+00 -0.00e+00 -0.00e+00 -0.00e+00 -0.00e+00 -0.00e+00 -0.00e+00 -0.00e+00 -0.00e+00 -0.00e+00 -0.00e+00 -0.00e+00 -0.00e+00 -0.00e+00 -0.00e+00 -0.00e+00 -0.00e+00 -0.00e+00 -0.00e+00 -0.00e+00 -0.00e+00 0.00e+00 
-0.00e+00 0.00e+00 0.00e+00 0.00e+00 0.00e+00 0.00e+00 0.00e+00 0.00e+00 0.00e+00 0.00e+00 0.00e+00 0.00e+00 0.00e+00 0.00e+00 0.00e+00 0.00e+00 0.00e+00 0.00e+00 0.00e+00 0.00e+00 0.00e+00 0.00e+00 0.00e+00 0.00e+00 1.51e-17 3.75e-16 3.78e-15 2.01e-14 6.25e-14 1.19e-13 1.47e-13 1.19e-13 6.25e-14 2.01e-14 3.78e-15 3.75e-16 1.51e-17 0.00e+00 0.00e+00 0.00e+00 0.00e+00 0.00e+00 0.00e+00 0.00e+00 0.00e+00 0.00e+00 0.00e+00 0.00e+00 0.00e+00 0.00e+00 0.00e+00 0.00e+00 0.00e+00 0.00e+00 0.00e+00 0.00e+00 0.00e+00 0.00e+00 0.00e+00 0.00e+00 -0.00e+00 
-0.00e+00 0.00e+00 0.00e+00 0.00e+00 0.00e+00 0.00e+00 0.00e+00 0.00e+00 0.00e+00 0.00e+00 0.00e+00 0.00e+00 0.00e+00 0.00e+00 0.00e+00 0.00e+00 0.00e+00 0.00e+00 0.00e+00 0.00e+00 0.00e+00 0.00e+00 0.00e+00 6.06e-17 1.76e-15 2.14e-14 1.42e-13 5.68e-13 1.45e-12 2.47e-12 2.94e-12 2.47e-12 1.45e-12 5.68e-13 1.42e-13 2.14e-14 1.76e-15 6.06e-17 0.00e+00 0.00e+00 0.00e+00 0.00e+00 0.00e+00 0.00e+00 0.00e+00 0.00e+00 0.00e+00 0.00e+00 0.00e+00 0.00e+00 0.00e+00 0.00e+00 0.00e+00 0.00e+00 0.00e+00 0.00e+00 0.00e+00 0.00e+00 0.00e+00 0.00e+00 -0.00e+00 
-0.00e+00 0.00e+00 0.00e+00 0.00e+00 0.00e+00 0.00e+00 0.00e+00 0.00e+00 0.00e+00 0.00e+00 0.00e+00 0.00e+00 0.00e+00 0.00e+00 0.00e+00 0.00e+00 0.00e+00 0.00e+00 0.00e+00 0.00e+00 0.00e+00 0.00e+00 2.04e-16 6.80e-15 9.60e-14 7.56e-13 3.69e-12 1.18e-11 2.58e-11 4.03e-11 4.66e-11 4.03e-11 2.58e-11 1.18e-11 3.69e-12 7.56e-13 9.60e-14 6.80e-15 2.04e-16 0.00e+00 0.00e+00 0.00e+00 0.00e+00 0.00e+00 0.00e+00 0.00e+00 0.00e+00 0.00e+00 0.00e+00 0.00e+00 0.00e+00 0.00e+00 0.00e+00 0.00e+00 0.00e+00 0.00e+00 0.00e+00 0.00e+00 0.00e+00 0.00e+00 -0.00e+00 
-0.00e+00 0.00e+00 0.00e+00 0.00e+00 0.00e+00 0.00e+00 0.00e+00 0.00e+00 0.00e+00 0.00e+00 0.00e+00 0.00e+00 0.00e+00 0.00e+00 0.00e+00 0.00e+00 0.00e+00 0.00e+00 0.00e+00 0.00e+00 0.00e+00 5.90e-16 2.21e-14 3.56e-13 3.24e-12 1.87e-11 7.16e-11 1.91e-10 3.71e-10 5.42e-10 6.13e-10 5.42e-10 3.71e-10 1.91e-10 7.16e-11 1.87e-11 3.24e-12 3.56e-13 2.21e-14 5.90e-16 0.00e+00 0.00e+00 0.00e+00 0.00e+00 0.00e+00 0.00e+00 0.00e+00 0.00e+00 0.00e+00 0.00e+00 0.00e+00 0.00e+00 0.00e+00 0.00e+00 0.00e+00 0.00e+00 0.00e+00 0.00e+00 0.00e+00 0.00e+00 -0.00e+00 
-0.00e+00 0.00e+00 0.00e+00 0.00e+00 0.00e+00 0.00e+00 0.00e+00 0.00e+00 0.00e+00 0.00e+00 0.00e+00 0.00e+00 0.00e+00 0.00e+00 0.00e+00 0.00e+00 0.00e+00 0.00e+00 0.00e+00 0.00e+00 1.48e-15 6.14e-14 1.11e-12 1.15e-11 7.62e-11 3.42e-10 1.08e-09 2.50e-09 4.39e-09 6.08e-09 6.76e-09 6.08e-09 4.39e-09 2.50e-09 1.08e-09 3.42e-10 7.62e-11 1.15e-11 1.11e-12 6.14e-14 1.48e-15 0.00e+00 0.00e+00 0.00e+00 0.00e+00 0.00e+00 0.00e+00 0.00e+00 0.00e+00 0.00e+00 0.00e+00 0.00e+00 0.00e+00 0.00e+00 0.00e+00 0.00e+00 0.00e+00 0.00e+00 0.00e+00 0.00e+00 -0.00e+00 
-0.00e+00 0.00e+00 0.00e+00 0.00e+00 0.00e+00 0.00e+00 0.00e+00 0.00e+00 0.00e+00 0.00e+00 0.00e+00 0.00e+00 0.00e+00 0.00e+00 0.00e+00 0.00e+00 0.00e+00 0.00e+00 0.00e+00 3.22e-15 1.47e-13 2.95e-12 3.43e-11 2.57e-10 1.32e-09 4.82e-09 1.30e-08 2.66e-08 4.32e-08 5.72e-08 6.27e-08 5.72e-08 4.32e-08 2.66e-08 1.30e-08 4.82e-09 1.32e-09 2.57e-10 3.43e-11 2.95e-12 1.47e-13 3.22e-15 0.00e+00 0.00e+00 0.00e+00 0.00e+00 0.00e+00 0.00e+00 0.00e+00 0.00e+00 0.00e+00 0.00e+00 0.00e+00 0.00e+00 0.00e+00 0.00e+00 0.00e+00 0.00e+00 0.00e+00 0.00e+00 -0.00e+00 
-0.00e+00 0.00e+00 0.00e+00 0.00e+00 0.00e+00 0.00e+00 0.00e+00 0.00e+00 0.00e+00 0.00e+00 0.00e+00 0.00e+00 0.00e+00 0.00e+00 0.00e+00 0.00e+00 0.00e+00 0.00e+00 6.17e-15 3.08e-13 6.78e-12 8.72e-11 7.31e-10 4.23e-09 1.75e-08 5.36e-08 1.26e-07 2.33e-07 3.54e-07 4.52e-07 4.89e-07 4.52e-07 3.54e-07 2.33e-07 1.26e-07 5.36e-08 1.75e-08 4.23e-09 7.31e-10 8.72e-11 6.78e-12 3.08e-13 6.17e-15 0.00e+00 0.00e+00 0.00e+00 0.00e+00 0.00e+00 0.00e+00 0.00e+00 0.00e+00 0.00e+00 0.00e+00 0.00e+00 0.00e+00 0.00e+00 0.00e+00 0.00e+00 0.00e+00 0.00e+00 -0.00e+00 
-0.00e+00 0.00e+00 0.00e+00 0.00e+00 0.00e+00 0.00e+00 0.00e+00 0.00e+00 0.00e+00 0.00e+00 0.00e+00 0.00e+00 0.00e+00 0.00e+00 0.00e+00 0.00e+00 0.00e+00 1.04e-14 5.64e-13 1.35e-11 1.91e-10 1.77e-09 1.14e-08 5.28e-08 1.82e-07 4.78e-07 9.93e-07 1.69e-06 2.44e-06 3.01e-06 3.22e-06 3.01e-06 2.44e-06 1.69e-06 9.93e-07 4.78e-07 1.82e-07 5.28e-08 1.14e-08 1.77e-09 1.91e-10 1.35e-11 5.64e-13 1.04e-14 0.00e+00 0.00e+00 0.00e+00 0.00e+00 0.00e+00 0.00e+00 0.00e+00 0.00e+00 0.00e+00 0.00e+00 0.00e+00 0.00e+00 0.00e+00 0.00e+00 0.00e+00 0.00e+00 -0.00e+00 
-0.00e+00 0.00e+00 0.00e+00 0.00e+00 0.00e+00 0.00e+00 0.00e+00 0.00e+00 0.00e+00 0.00e+00 0.00e+00 0.00e+00 0.00e+00 0.00e+00 0.00e+00 0.00e+00 1.57e-14 9.10e-13 2.36e-11 3.63e-10 3.69e-09 2.61e-08 1.34e-07 5.12e-07 1.49e-06 3.44e-06 6.46e-06 1.02e-05 1.40e-05 1.69e-05 1.79e-05 1.69e-05 1.40e-05 1.02e-05 6.46e-06 3.44e-06 1.49e-06 5.12e-07 1.34e-07 2.61e-08 3.69e-09 3.63e-10 2.36e-11 9.10e-13 1.57e-14 0.00e+00 0.00e+00 0.00e+00 0.00e+00 0.00e+00 0.00e+00 0.00e+00 0.00e+00 0.00e+00 0.00e+00 0.00e+00 0.00e+00 0.00e+00 0.00e+00 0.00e+00 -0.00e+00 
-0.00e+00 0.00e+00 0.00e+00 0.00e+00 0.00e+00 0.00e+00 0.00e+00 0.00e+00 0.00e+00 0.00e+00 0.00e+00 0.00e+00 0.00e+00 0.00e+00 0.00e+00 2.09e-14 1.30e-12 3.63e-11 6.03e-10 6.65e-09 5.16e-08 2.90e-07 1.22e-06 3.91e-06 9.85e-06 2.01e-05 3.46e-05 5.16e-05 6.78e-05 7.95e-05 8.38e-05 7.95e-05 6.78e-05 5.16e-05 3.46e-05 2.01e-05 9.85e-06 3.91e-06 1.22e-06 2.90e-07 5.16e-08 6.65e-09 6.03e-10 3.63e-11 1.30e-12 2.09e-14 0.00e+00 0.00e+00 0.00e+00 0.00e+00 0.00e+00 0.00e+00 0.00e+00 0.00e+00 0.00e+00 0.00e+00 0.00e+00 0.00e+00 0.00e+00 0.00e+00 -0.00e+00 
-0.00e+00 0.00e+00 0.00e+00 0.00e+00 0.00e+00 0.00e+00 0.00e+00 0.00e+00 0.00e+00 0.00e+00 0.00e+00 0.00e+00 0.00e+00 0.00e+00 2.48e-14 1.65e-12 4.92e-11 8.79e-10 1.05e-08 8.80e-08 5.40e-07 2.48e-06 8.67e-06 2.37e-05 5.23e-05 9.65e-05 1.54e-04 2.17e-04 2.75e-04 3.16e-04 3.31e-04 3.16e-04 2.75e-04 2.17e-04 1.54e-04 9.65e-05 5.23e-05 2.37e-05 8.67e-06 2.48e-06 5.40e-07 8.80e-08 1.05e-08 8.79e-10 4.92e-11 1.65e-12 2.48e-14 0.00e+00 0.00e+00 0.00e+00 0.00e+00 0.00e+00 0.00e+00 0.00e+00 0.00e+00 0.00e+00 0.00e+00 0.00e+00 0.00e+00 0.00e+00 -0.00e+00 
-0.00e+00 0.00e+00 0.00e+00 0.00e+00 0.00e+00 0.00e+00 0.00e+00 0.00e+00 0.00e+00 0.00e+00 0.00e+00 0.00e+00 0.00e+00 2.63e-14 1.85e-12 5.90e-11 1.13e-09 1.44e-08 1.31e-07 8.68e-07 4.32e-06 1.64e-05 4.85e-05 1.15e-04 2.25e-04 3.80e-04 5.67e-04 7.64e-04 9.39e-04 1.06e-03 1.10e-03 1.06e-03 9.39e-04 7.64e-04 5.67e-04 3.80e-04 2.25e-04 1.15e-04 4.85e-05 1.64e-05 4.32e-06 8.68e-07 1.31e-07 1.44e-08 1.13e-09 5.90e-11 1.85e-12 2.63e-14 0.00e+00 0.00e+00 0.00e+00 0.00e+00 0.00e+00 0.00e+00 0.00e+00 0.00e+00 0.00e+00 0.00e+00 0.00e+00 0.00e+00 -0.00e+00 
-0.00e+00 0.00e+00 0.00e+00 0.00e+00 0.00e+00 0.00e+00 0.00e+00 0.00e+00 0.00e+00 0.00e+00 0.00e+00 0.00e+00 2.48e-14 1.85e-12 6.25e-11 1.27e-09 1.74e-08 1.70e-07 1.21e-06 6.51e-06 2.67e-05 8.49e-05 2.14e-04 4.44e-04 7.87e-04 1.23e-03 1.75e-03 2.27e-03 2.72e-03 3.02e-03 3.13e-03 3.02e-03 2.72e-03 2.27e-03 1.75e-03 1.23e-03 7.87e-04 4.44e-04 2.14e-04 8.49e-05 2.67e-05 6.51e-06 1.21e-06 1.70e-07 1.74e-08 1.27e-09 6.25e-11 1.85e-12 2.48e-14 0.00e+00 0.00e+00 0.00e+00 0.00e+00 0.00e+00 0.00e+00 0.00e+00 0.00e+00 0.00e+00 0.00e+00 0.00e+00 -0.00e+00 
-0.00e+00 0.00e+00 0.00e+00 0.00e+00 0.00e+00 0.00e+00 0.00e+00 0.00e+00 0.00e+00 0.00e+00 0.00e+00 2.09e-14 1.64e-12 5.87e-11 1.27e-09 1.85e-08 1.92e-07 1.47e-06 8.51e-06 3.75e-05 1.28e-04 3.44e-04 7.52e-04 1.39e-03 2.27e-03 3.36e-03 4.56e-03 5.75e-03 6.76e-03 7.44e-03 7.68e-03 7.44e-03 6.76e-03 5.75e-03 4.56e-03 3.36e-03 2.27e-03 1.39e-03 7.52e-04 3.44e-04 1.28e-04 3.75e-05 8.51e-06 1.47e-06 1.92e-07 1.85e-08 1.27e-09 5.87e-11 1.64e-12 2.09e-14 0.00e+00 0.00e+00 0.00e+00 0.00e+00 0.00e+00 0.00e+00 0.00e+00 0.00e+00 0.00e+00 0.00e+00 -0.00e+00 
-0.00e+00 0.00e+00 0.00e+00 0.00e+00 0.00e+00 0.00e+00 0.00e+00 0.00e+00 0.00e+00 0.00e+00 1.57e-14 1.29e-12 4.89e-11 1.12e-09 1.73e-08 1.91e-07 1.56e-06 9.66e-06 4.56e-05 1.67e-04 4.77e-04 1.10e-03 2.12e-03 3.58e-03 5.51e-03 7.82e-03 1.03e-02 1.28e-02 1.48e-02 1.62e-02 1.67e-02 1.62e-02 1.48e-02 1.28e-02 1.03e-02 7.82e-03 5.51e-03 3.58e-03 2.12e-03 1.10e-03 4.77e-04 1.67e-04 4.56e-05 9.66e-06 1.56e-06 1.91e-07 1.73e-08 1.12e-09 4.89e-11 1.29e-12 1.57e-14 0.00e+00 0.00e+00 0.00e+00 0.00e+00 0.00e+00 0.00e+00 0.00e+00 0.00e+00 0.00e+00 -0.00e+00 
-0.00e+00 0.00e+00 0.00e+00 0.00e+00 0.00e+00 0.00e+00 0.00e+00 0.00e+00 0.00e+00 1.04e-14 9.05e-13 3.59e-11 8.66e-10 1.42e-08 1.66e-07 1.45e-06 9.55e-06 4.82e-05 1.88e-04 5.73e-04 1.39e-03 2.80e-03 4.91e-03 7.84e-03 1.16e-02 1.61e-02 2.09e-02 2.55e-02 2.94e-02 3.20e-02 3.29e-02 3.20e-02 2.94e-02 2.55e-02 2.09e-02 1.61e-02 1.16e-02 7.84e-03 4.91e-03 2.80e-03 1.39e-03 5.73e-04 1.88e-04 4.82e-05 9.55e-06 1.45e-06 1.66e-07 1.42e-08 8.66e-10 3.59e-11 9.05e-13 1.04e-14 0.00e+00 0.00e+00 0.00e+00 0.00e+00 0.00e+00 0.00e+00 0.00e+00 0.00e+00 -0.00e+00 
-0.00e+00 0.00e+00 0.00e+00 0.00e+00 0.00e+00 0.00e+00 0.00e+00 0.00e+00 6.17e-15 5.59e-13 2.33e-11 5.90e-10 1.02e-08 1.26e-07 1.17e-06 8.20e-06 4.42e-05 1.84e-04 5.97e-04 1.54e-03 3.24e-03 5.90e-03 9.81e-03 1.52e-02 2.22e-02 3.02e-02 3.88e-02 4.70e-02 5.38e-02 5.83e-02 5.99e-02 5.83e-02 5.38e-02 4.70e-02 3.88e-02 3.02e-02 2.22e-02 1.52e-02 9.81e-03 5.90e-03 3.24e-03 1.54e-03 5.97e-04 1.84e-04 4.42e-05 8.20e-06 1.17e-06 1.26e-07 1.02e-08 5.90e-10 2.33e-11 5.59e-13 6.17e-15 0.00e+00 0.00e+00 0.00e+00 0.00e+00 0.00e+00 0.00e+00 0.00e+00 -0.00e+00 
-0.00e+00 0.00e+00 0.00e+00 0.00e+00 0.00e+00 0.00e+00 0.00e+00 3.22e-15 3.05e-13 1.33e-11 3.53e-10 6.40e-09 8.40e-08 8.22e-07 6.12e-06 3.51e-05 1.56e-04 5.41e-04 1.48e-03 3.29e-03 6.28e-03 1.09e-02 1.78e-02 2.72e-02 3.90e-02 5.25e-02 6.66e-02 7.99e-02 9.07e-02 9.78e-02 1.00e-01 9.78e-02 9.07e-02 7.99e-02 6.66e-02 5.25e-02 3.90e-02 2.72e-02 1.78e-02 1.09e-02 6.28e-03 3.29e-03 1.48e-03 5.41e-04 1.56e-04 3.51e-05 6.12e-06 8.22e-07 8.40e-08 6.40e-09 3.53e-10 1.33e-11 3.05e-13 3.22e-15 0.00e+00 0.00e+00 0.00e+00 0.00e+00 0.00e+00 0.00e+00 -0.00e+00 
-0.00e+00 0.00e+00 0.00e+00 0.00e+00 0.00e+00 0.00e+00 1.48e-15 1.45e-13 6.62e-12 1.84e-10 3.51e-09 4.84e-08 5.01e-07 3.95e-06 2.41e-05 1.14e-04 4.25e-04 1.24e-03 2.95e-03 5.93e-03 1.08e-02 1.86e-02 3.00e-02 4.50e-02 6.35e-02 8.41e-02 1.05e-01 1.25e-01 1.40e-01 1.51e-01 1.54e-01 1.51e-01 1.40e-01 1.25e-01 1.05e-01 8.41e-02 6.35e-02 4.50e-02 3.00e-02 1.86e-02 1.08e-02 5.93e-03 2.95e-03 1.24e-03 4.25e-04 1.14e-04 2.41e-05 3.95e-06 5.01e-07 4.84e-08 3.51e-09 1.84e-10 6.62e-12 1.45e-13 1.48e-15 0.00e+00 0.00e+00 0.00e+00 0.00e+00 0.00e+00 -0.00e+00 
-0.00e+00 0.00e+00 0.00e+00 0.00e+00 0.00e+00 5.90e-16 6.05e-14 2.87e-12 8.33e-11 1.66e-09 2.41e-08 2.63e-07 2.20e-06 1.43e-05 7.25e-05 2.89e-04 9.10e-04 2.32e-03 4.98e-03 9.60e-03 1.74e-02 2.95e-02 4.65e-02 6.85e-02 9.49e-02 1.24e-01 1.52e-01 1.79e-01 1.99e-01 2.13e-01 2.18e-01 2.13e-01 1.99e-01 1.79e-01 1.52e-01 1.24e-01 9.49e-02 6.85e-02 4.65e-02 2.95e-02 1.74e-02 9.60e-03 4.98e-03 2.32e-03 9.10e-04 2.89e-04 7.25e-05 1.43e-05 2.20e-06 2.63e-07 2.41e-08 1.66e-09 8.33e-11 2.87e-12 6.05e-14 5.90e-16 0.00e+00 0.00e+00 0.00e+00 0.00e+00 -0.00e+00 
-0.00e+00 0.00e+00 0.00e+00 0.00e+00 2.04e-16 2.17e-14 1.07e-12 3.24e-11 6.76e-10 1.03e-08 1.18e-07 1.05e-06 7.24e-06 3.93e-05 1.69e-04 5.77e-04 1.60e-03 3.71e-03 7.61e-03 1.45e-02 2.59e-02 4.29e-02 6.62e-02 9.58e-02 1.30e-01 1.67e-01 2.03e-01 2.36e-01 2.62e-01 2.78e-01 2.84e-01 2.78e-01 2.62e-01 2.36e-01 2.03e-01 1.67e-01 1.30e-01 9.58e-02 6.62e-02 4.29e-02 2.59e-02 1.45e-02 7.61e-03 3.71e-03 1.60e-03 5.77e-04 1.69e-04 3.93e-05 7.24e-06 1.05e-06 1.18e-07 1.03e-08 6.76e-10 3.24e-11 1.07e-12 2.17e-14 2.04e-16 0.00e+00 0.00e+00 0.00e+00 -0.00e+00 
-0.00e+00 0.00e+00 0.00e+00 6.06e-17 6.66e-15 3.40e-13 1.07e-11 2.34e-10 3.73e-09 4.52e-08 4.23e-07 3.12e-06 1.82e-05 8.43e-05 3.14e-04 9.54e-04 2.42e-03 5.35e-03 1.08e-02 2.02e-02 3.53e-02 5.73e-02 8.69e-02 1.23e-01 1.65e-01 2.08e-01 2.50e-01 2.88e-01 3.18e-01 3.37e-01 3.44e-01 3.37e-01 3.18e-01 2.88e-01 2.50e-01 2.08e-01 1.65e-01 1.23e-01 8.69e-02 5.73e-02 3.53e-02 2.02e-02 1.08e-02 5.35e-03 2.42e-03 9.54e-04 3.14e-04 8.43e-05 1.82e-05 3.12e-06 4.23e-07 4.52e-08 3.73e-09 2.34e-10 1.07e-11 3.40e-13 6.66e-15 6.06e-17 0.00e+00 0.00e+00 -0.00e+00 
-0.00e+00 0.00e+00 1.51e-17 1.72e-15 9.09e-14 2.98e-12 6.77e-11 1.13e-09 1.44e-08 1.43e-07 1.13e-06 7.06e-06 3.57e-05 1.46e-04 4.89e-04 1.37e-03 3.29e-03 7.08e-03 1.40e-02 2.58e-02 4.42e-02 7.05e-02 1.05e-01 1.46e-01 1.92e-01 2.40e-01 2.86e-01 3.28e-01 3.62e-01 3.85e-01 3.93e-01 3.85e-01 3.62e-01 3.28e-01 2.86e-01 2.40e-01 1.92e-01 1.46e-01 1.05e-01 7.05e-02 4.42e-02 2.58e-02 1.40e-02 7.08e-03 3.29e-03 1.37e-03 4.89e-04 1.46e-04 3.57e-05 7.06e-06 1.13e-06 1.43e-07 1.44e-08 1.13e-09 6.77e-11 2.98e-12 9.09e-14 1.72e-15 1.51e-17 0.00e+00 -0.00e+00 
-6.26e-18 6.26e-18 3.66e-16 2.00e-14 6.80e-13 1.61e-11 2.82e-10 3.78e-09 3.99e-08 3.36e-07 2.28e-06 1.26e-05 5.67e-05 2.11e-04 6.58e-04 1.74e-03 4.05e-03 8.51e-03 1.66e-02 3.01e-02 5.08e-02 7.95e-02 1.16e-01 1.60e-01 2.07e-01 2.57e-01 3.05e-01 3.52e-01 3.93e-01 4.23e-01 4.34e-01 4.23e-01 3.93e-01 3.52e-01 3.05e-01 2.57e-01 2.07e-01 1.60e-01 1.16e-01 7.95e-02 5.08e-02 3.01e-02 1.66e-02 8.51e-03 4.05e-03 1.74e-03 6.58e-04 2.11e-04 5.67e-05 1.26e-05 2.28e-06 3.36e-07 3.99e-08 3.78e-09 2.82e-10 1.61e-11 6.80e-13 2.00e-14 3.66e-16 3.13e-18 -3.13e-18 
-1.25e-16 1.25e-16 3.53e-15 1.24e-13 3.05e-12 5.60e-11 7.94e-10 8.93e-09 8.08e-08 5.96e-07 3.62e-06 1.81e-05 7.55e-05 2.63e-04 7.77e-04 1.98e-03 4.49e-03 9.30e-03 1.79e-02 3.20e-02 5.30e-02 8.19e-02 1.18e-01 1.60e-01 2.06e-01 2.55e-01 3.06e-01 3.60e-01 4.14e-01 4.59e-01 4.80e-01 4.59e-01 4.14e-01 3.60e-01 3.06e-01 2.55e-01 2.06e-01 1.60e-01 1.18e-01 8.19e-02 5.30e-02 3.20e-02 1.79e-02 9.30e-03 4.49e-03 1.98e-03 7.77e-04 2.63e-04 7.55e-05 1.81e-05 3.62e-06 5.96e-07 8.08e-08 8.93e-09 7.94e-10 5.60e-11 3.05e-12 1.24e-13 3.52e-15 6.21e-17 -6.21e-17 
-9.52e-16 9.52e-16 1.73e-14 4.43e-13 8.53e-12 1.28e-10 1.54e-09 1.52e-08 1.23e-07 8.23e-07 4.60e-06 2.16e-05 8.47e-05 2.82e-04 8.00e-04 1.99e-03 4.43e-03 9.08e-03 1.73e-02 3.05e-02 5.00e-02 7.62e-02 1.09e-01 1.46e-01 1.88e-01 2.34e-01 2.88e-01 3.53e-01 4.31e-01 5.12e-01 5.58e-01 5.12e-01 4.31e-01 3.53e-01 2.88e-01 2.34e-01 1.88e-01 1.46e-01 1.09e-01 7.62e-02 5.00e-02 3.05e-02 1.73e-02 9.08e-03 4.43e-03 1.99e-03 8.00e-04 2.82e-04 8.47e-05 2.16e-05 4.60e-06 8.23e-07 1.23e-07 1.52e-08 1.54e-09 1.28e-10 8.53e-12 4.43e-13 1.73e-14 4.68e-16 -4.68e-16 
-3.43e-15 3.43e-15 4.58e-14 9.28e-13 1.49e-11 1.94e-10 2.09e-09 1.87e-08 1.40e-07 8.82e-07 4.67e-06 2.09e-05 7.88e-05 2.53e-04 7.03e-04 1.71e-03 3.78e-03 7.66e-03 1.45e-02 2.53e-02 4.10e-02 6.19e-02 8.77e-02 1.18e-01 1.52e-01 1.93e-01 2.47e-01 3.25e-01 4.41e-01 5.97e-01 7.27e-01 5.97e-01 4.41e-01 3.25e-01 2.47e-01 1.93e-01 1.52e-01 1.18e-01 8.77e-02 6.19e-02 4.10e-02 2.53e-02 1.45e-02 7.66e-03 3.78e-03 1.71e-03 7.03e-04 2.53e-04 7.88e-05 2.09e-05 4.67e-06 8.82e-07 1.40e-07 1.87e-08 2.09e-09 1.94e-10 1.49e-11 9.28e-13 4.57e-14 1.67e-15 -1.67e-15 
-5.79e-15 5.79e-15 6.26e-14 1.09e-12 1.56e-11 1.87e-10 1.88e-09 1.59e-08 1.13e-07 6.86e-07 3.51e-06 1.52e-05 5.61e-05 1.77e-04 4.82e-04 1.16e-03 2.55e-03 5.14e-03 9.62e-03 1.67e-02 2.70e-02 4.05e-02 5.71e-02 7.65e-02 9.96e-02 1.30e-01 1.76e-01 2.56e-01 4.13e-01 7.14e-01 1.16e+00 7.14e-01 4.13e-01 2.56e-01 1.76e-01 1.30e-01 9.96e-02 7.65e-02 5.71e-02 4.05e-02 2.70e-02 1.67e-02 9.62e-03 5.14e-03 2.55e-03 1.16e-03 4.82e-04 1.77e-04 5.61e-05 1.52e-05 3.51e-06 6.86e-07 1.13e-07 1.59e-08 1.88e-09 1.87e-10 1.56e-11 1.09e-12 6.24e-14 2.79e-15 -2.79e-15 
-3.12e-15 3.12e-15 3.04e-14 4.96e-13 6.79e-12 7.82e-11 7.60e-10 6.26e-09 4.38e-08 2.60e-07 1.31e-06 5.58e-06 2.03e-05 6.34e-05 1.72e-04 4.13e-04 8.98e-04 1.81e-03 3.38e-03 5.88e-03 9.40e-03 1.40e-02 1.98e-02 2.67e-02 3.49e-02 4.67e-02 6.72e-02 1.13e-01 2.43e-01 6.91e-01 2.50e+00 6.91e-01 2.43e-01 1.13e-01 6.72e-02 4.67e-02 3.49e-02 2.67e-02 1.98e-02 1.40e-02 9.40e-03 5.88e-03 3.38e-03 1.81e-03 8.98e-04 4.13e-04 1.72e-04 6.34e-05 2.03e-05 5.58e-06 1.31e-06 2.60e-07 4.38e-08 6.26e-09 7.60e-10 7.82e-11 6.79e-12 4.96e-13 3.03e-14 1.49e-15 -1.49e-15 
3.12e-15 -3.12e-15 -3.04e-14 -4.96e-13 -6.79e-12 -7.82e-11 -7.60e-10 -6.26e-09 -4.38e-08 -2.60e-07 -1.31e-06 -5.58e-06 -2.03e-05 -6.34e-05 -1.72e-04 -4.13e-04 -8.98e-04 -1.81e-03 -3.38e-03 -5.88e-03 -9.40e-03 -1.40e-02 -1.98e-02 -2.67e-02 -3.49e-02 -4.67e-02 -6.72e-02 -1.13e-01 -2.43e-01 -6.91e-01 -2.50e+00 -6.91e-01 -2.43e-01 -1.13e-01 -6.72e-02 -4.67e-02 -3.49e-02 -2.67e-02 -1.98e-02 -1.40e-02 -9.40e-03 -5.88e-03 -3.38e-03 -1.81e-03 -8.98e-04 -4.13e-04 -1.72e-04 -6.34e-05 -2.03e-05 -5.58e-06 -1.31e-06 -2.60e-07 -4.38e-08 -6.26e-09 -7.60e-10 -7.82e-11 -6.79e-12 -4.96e-13 -3.03e-14 -1.49e-15 1.49e-15 
5.79e-15 -5.79e-15 -6.26e-14 -1.09e-12 -1.56e-11 -1.87e-10 -1.88e-09 -1.59e-08 -1.13e-07 -6.86e-07 -3.51e-06 -1.52e-05 -5.61e-05 -1.77e-04 -4.82e-04 -1.16e-03 -2.55e-03 -5.14e-03 -9.62e-03 -1.67e-02 -2.70e-02 -4.05e-02 -5.71e-02 -7.65e-02 -9.96e-02 -1.30e-01 -1.76e-01 -2.56e-01 -4.13e-01 -7.14e-01 -1.16e+00 -7.14e-01 -4.13e-01 -2.56e-01 -1.76e-01 -1.30e-01 -9.96e-02 -7.65e-02 -5.71e-02 -4.05e-02 -2.70e-02 -1.67e-02 -9.62e-03 -5.14e-03 -2.55e-03 -1.16e-03 -4.82e-04 -1.77e-04 -5.61e-05 -1.52e-05 -3.51e-06 -6.86e-07 -1.13e-07 -1.59e-08 -1.88e-09 -1.87e-10 -1.56e-11 -1.09e-12 -6.24e-14 -2.79e-15 2.79e-15 
3.43e-15 -3.43e-15 -4.58e-14 -9.28e-13 -1.49e-11 -1.94e-10 -2.09e-09 -1.87e-08 -1.40e-07 -8.82e-07 -4.67e-06 -2.09e-05 -7.88e-05 -2.53e-04 -7.03e-04 -1.71e-03 -3.78e-03 -7.66e-03 -1.45e-02 -2.53e-02 -4.10e-02 -6.19e-02 -8.77e-02 -1.18e-01 -1.52e-01 -1.93e-01 -2.47e-01 -3.25e-01 -4.41e-01 -5.97e-01 -7.27e-01 -5.97e-01 -4.41e-01 -3.25e-01 -2.47e-01 -1.93e-01 -1.52e-01 -1.18e-01 -8.77e-02 -6.19e-02 -4.10e-02 -2.53e-02 -1.45e-02 -7.66e-03 -3.78e-03 -1.71e-03 -7.03e-04 -2.53e-04 -7.88e-05 -2.09e-05 -4.67e-06 -8.82e-07 -1.40e-07 -1.87e-08 -2.09e-09 -1.94e-10 -1.49e-11 -9.28e-13 -4.57e-14 -1.67e-15 1.67e-15 
9.52e-16 -9.52e-16 -1.73e-14 -4.43e-13 -8.53e-12 -1.28e-10 -1.54e-09 -1.52e-08 -1.23e-07 -8.23e-07 -4.60e-06 -2.16e-05 -8.47e-05 -2.82e-04 -8.00e-04 -1.99e-03 -4.43e-03 -9.08e-03 -1.73e-02 -3.05e-02 -5.00e-02 -7.62e-02 -1.09e-01 -1.46e-01 -1.88e-01 -2.34e-01 -2.88e-01 -3.53e-01 -4.31e-01 -5.12e-01 -5.58e-01 -5.12e-01 -4.31e-01 -3.53e-01 -2.88e-01 -2.34e-01 -1.88e-01 -1.46e-01 -1.09e-01 -7.62e-02 -5.00e-02 -3.05e-02 -1.73e-02 -9.08e-03 -4.43e-03 -1.99e-03 -8.00e-04 -2.82e-04 -8.47e-05 -2.16e-05 -4.60e-06 -8.23e-07 -1.23e-07 -1.52e-08 -1.54e-09 -1.28e-10 -8.53e-12 -4.43e-13 -1.73e-14 -4.68e-16 4.68e-16 
1.25e-16 -1.25e-16 -3.53e-15 -1.24e-13 -3.05e-12 -5.60e-11 -7.94e-10 -8.93e-09 -8.08e-08 -5.96e-07 -3.62e-06 -1.81e-05 -7.55e-05 -2.63e-04 -7.77e-04 -1.98e-03 -4.49e-03 -9.30e-03 -1.79e-02 -3.20e-02 -5.30e-02 -8.19e-02 -1.18e-01 -1.60e-01 -2.06e-01 -2.55e-01 -3.06e-01 -3.60e-01 -4.14e-01 -4.59e-01 -4.80e-01 -4.59e-01 -4.14e-01 -3.60e-01 -3.06e-01 -2.55e-01 -2.06e-01 -1.60e-01 -1.18e-01 -8.19e-02 -5.30e-02 -3.20e-02 -1.79e-02 -9.30e-03 -4.49e-03 -1.98e-03 -7.77e-04 -2.63e-04 -7.55e-05 -1.81e-05 -3.62e-06 -5.96e-07 -8.08e-08 -8.93e-09 -7.94e-10 -5.60e-11 -3.05e-12 -1.24e-13 -3.52e-15 -6.21e-17 6.21e-17 
6.26e-18 -6.26e-18 -3.66e-16 -2.00e-14 -6.80e-13 -1.61e-11 -2.82e-10 -3.78e-09 -3.99e-08 -3.36e-07 -2.28e-06 -1.26e-05 -5.67e-05 -2.11e-04 -6.58e-04 -1.74e-03 -4.05e-03 -8.51e-03 -1.66e-02 -3.01e-02 -5.08e-02 -7.95e-02 -1.16e-01 -1.60e-01 -2.07e-01 -2.57e-01 -3.05e-01 -3.52e-01 -3.93e-01 -4.23e-01 -4.34e-01 -4.23e-01 -3.93e-01 -3.52e-01 -3.05e-01 -2.57e-01 -2.07e-01 -1.60e-01 -1.16e-01 -7.95e-02 -5.08e-02 -3.01e-02 -1.66e-02 -8.51e-03 -4.05e-03 -1.74e-03 -6.58e-04 -2.11e-04 -5.67e-05 -1.26e-05 -2.28e-06 -3.36e-07 -3.99e-08 -3.78e-09 -2.82e-10 -1.61e-11 -6.80e-13 -2.00e-14 -3.66e-16 -3.13e-18 3.13e-18 
-0.00e+00 0.00e+00 -1.51e-17 -1.72e-15 -9.09e-14 -2.98e-12 -6.77e-11 -1.13e-09 -1.44e-08 -1.43e-07 -1.13e-06 -7.06e-06 -3.57e-05 -1.46e-04 -4.89e-04 -1.37e-03 -3.29e-03 -7.08e-03 -1.40e-02 -2.58e-02 -4.42e-02 -7.05e-02 -1.05e-01 -1.46e-01 -1.92e-01 -2.40e-01 -2.86e-01 -3.28e-01 -3.62e-01 -3.85e-01 -3.93e-01 -3.85e-01 -3.62e-01 -3.28e-01 -2.86e-01 -2.40e-01 -1.92e-01 -1.46e-01 -1.05e-01 -7.05e-02 -4.42e-02 -2.58e-02 -1.40e-02 -7.08e-03 -3.29e-03 -1.37e-03 -4.89e-04 -1.46e-04 -3.57e-05 -7.06e-06 -1.13e-06 -1.43e-07 -1.44e-08 -1.13e-09 -6.77e-11 -2.98e-12 -9.09e-14 -1.72e-15 -1.51e-17 0.00e+00 -0.00e+00 
-0.00e+00 0.00e+00 0.00e+00 -6.06e-17 -6.66e-15 -3.40e-13 -1.07e-11 -2.34e-10 -3.73e-09 -4.52e-08 -4.23e-07 -3.12e-06 -1.82e-05 -8.43e-05 -3.14e-04 -9.54e-04 -2.42e-03 -5.35e-03 -1.08e-02 -2.02e-02 -3.53e-02 -5.73e-02 -8.69e-02 -1.23e-01 -1.65e-01 -2.08e-01 -2.50e-01 -2.88e-01 -3.18e-01 -3.37e-01 -3.44e-01 -3.37e-01 -3.18e-01 -2.88e-01 -2.50e-01 -2.08e-01 -1.65e-01 -1.23e-01 -8.69e-02 -5.73e-02 -3.53e-02 -2.02e-02 -1.08e-02 -5.35e-03 -2.42e-03 -9.54e-04 -3.14e-04 -8.43e-05 -1.82e-05 -3.12e-06 -4.23e-07 -4.52e-08 -3.73e-09 -2.34e-10 -1.07e-11 -3.40e-13 -6.66e-15 -6.06e-17 0.00e+00 0.00e+00 -0.00e+00 
-0.00e+00 0.00e+00 0.00e+00 0.00e+00 -2.04e-16 -2.17e-14 -1.07e-12 -3.24e-11 -6.76e-10 -1.03e-08 -1.18e-07 -1.05e-06 -7.24e-06 -3.93e-05 -1.69e-04 -5.77e-04 -1.60e-03 -3.71e-03 -7.61e-03 -1.45e-02 -2.59e-02 -4.29e-02 -6.62e-02 -9.58e-02 -1.30e-01 -1.67e-01 -2.03e-01 -2.36e-01 -2.62e-01 -2.78e-01 -2.84e-01 -2.78e-01 -2.62e-01 -2.36e-01 -2.03e-01 -1.67e-01 -1.30e-01 -9.58e-02 -6.62e-02 -4.29e-02 -2.59e-02 -1.45e-02 -7.61e-03 -3.71e-03 -1.60e-03 -5.77e-04 -1.69e-04 -3.93e-05 -7.24e-06 -1.05e-06 -1.18e-07 -1.03e-08 -6.76e-10 -3.24e-11 -1.07e-12 -2.17e-14 -2.04e-16 0.00e+00 0.00e+00 0.00e+00 -0.00e+00 
-0.00e+00 0.00e+00 0.00e+00 0.00e+00 0.00e+00 -5.90e-16 -6.05e-14 -2.87e-12 -8.33e-11 -1.66e-09 -2.41e-08 -2.63e-07 -2.20e-06 -1.43e-05 -7.25e-05 -2.89e-04 -9.10e-04 -2.32e-03 -4.98e-03 -9.60e-03 -1.74e-02 -2.95e-02 -4.65e-02 -6.85e-02 -9.49e-02 -1.24e-01 -1.52e-01 -1.79e-01 -1.99e-01 -2.13e-01 -2.18e-01 -2.13e-01 -1.99e-01 -1.79e-01 -1.52e-01 -1.24e-01 -9.49e-02 -6.85e-02 -4.65e-02 -2.95e-02 -1.74e-02 -9.60e-03 -4.98e-03 -2.32e-03 -9.10e-04 -2.89e-04 -7.25e-05 -1.43e-05 -2.20e-06 -2.63e-07 -2.41e-08 -1.66e-09 -8.33e-11 -2.87e-12 -6.05e-14 -5.90e-16 0.00e+00 0.00e+00 0.00e+00 0.00e+00 -0.00e+00 
-0.00e+00 0.00e+00 0.00e+00 0.00e+00 0.00e+00 0.00e+00 -1.48e-15 -1.45e-13 -6.62e-12 -1.84e-10 -3.51e-09 -4.84e-08 -5.01e-07 -3.95e-06 -2.41e-05 -1.14e-04 -4.25e-04 -1.24e-03 -2.95e-03 -5.93e-03 -1.08e-02 -1.86e-02 -3.00e-02 -4.50e-02 -6.35e-02 -8.41e-02 -1.05e-01 -1.25e-01 -1.40e-01 -1.51e-01 -1.54e-01 -1.51e-01 -1.40e-01 -1.25e-01 -1.05e-01 -8.41e-02 -6.35e-02 -4.50e-02 -3.00e-02 -1.86e-02 -1.08e-02 -5.93e-03 -2.95e-03 -1.24e-03 -4.25e-04 -1.14e-04 -2.41e-05 -3.95e-06 -5.01e-07 -4.84e-08 -3.51e-09 -1.84e-10 -6.62e-12 -1.45e-13 -1.48e-15 0.00e+00 0.00e+00 0.00e+00 0.00e+00 0.00e+00 -0.00e+00 
-0.00e+00 0.00e+00 0.00e+00 0.00e+00 0.00e+00 0.00e+00 0.00e+00 -3.22e-15 -3.05e-13 -1.33e-11 -3.53e-10 -6.40e-09 -8.40e-08 -8.22e-07 -6.12e-06 -3.51e-05 -1.56e-04 -5.41e-04 -1.48e-03 -3.29e-03 -6.28e-03 -1.09e-02 -1.78e-02 -2.72e-02 -3.90e-02 -5.25e-02 -6.66e-02 -7.99e-02 -9.07e-02 -9.78e-02 -1.00e-01 -9.78e-02 -9.07e-02 -7.99e-02 -6.66e-02 -5.25e-02 -3.90e-02 -2.72e-02 -1.78e-02 -1.09e-02 -6.28e-03 -3.29e-03 -1.48e-03 -5.41e-04 -1.56e-04 -3.51e-05 -6.12e-06 -8.22e-07 -8.40e-08 -6.40e-09 -3.53e-10 -1.33e-11 -3.05e-13 -3.22e-15 0.00e+00 0.00e+00 0.00e+00 0.00e+00 0.00e+00 0.00e+00 -0.00e+00 
-0.00e+00 0.00e+00 0.00e+00 0.00e+00 0.00e+00 0.00e+00 0.00e+00 0.00e+00 -6.17e-15 -5.59e-13 -2.33e-11 -5.90e-10 -1.02e-08 -1.26e-07 -1.17e-06 -8.20e-06 -4.42e-05 -1.84e-04 -5.97e-04 -1.54e-03 -3.24e-03 -5.90e-03 -9.81e-03 -1.52e-02 -2.22e-02 -3.02e-02 -3.88e-02 -4.70e-02 -5.38e-02 -5.83e-02 -5.99e-02 -5.83e-02 -5.38e-02 -4.70e-02 -3.88e-02 -3.02e-02 -2.22e-02 -1.52e-02 -9.81e-03 -5.90e-03 -3.24e-03 -1.54e-03 -5.97e-04 -1.84e-04 -4.42e-05 -8.20e-06 -1.17e-06 -1.26e-07 -1.02e-08 -5.90e-10 -2.33e-11 -5.59e-13 -6.17e-15 0.00e+00 0.00e+00 0.00e+00 0.00e+00 0.00e+00 0.00e+00 0.00e+00 -0.00e+00 
-0.00e+00 0.00e+00 0.00e+00 0.00e+00 0.00e+00 0.00e+00 0.00e+00 0.00e+00 0.00e+00 -1.04e-14 -9.05e-13 -3.59e-11 -8.66e-10 -1.42e-08 -1.66e-07 -1.45e-06 -9.55e-06 -4.82e-05 -1.88e-04 -5.73e-04 -1.39e-03 -2.80e-03 -4.91e-03 -7.84e-03 -1.16e-02 -1.61e-02 -2.09e-02 -2.55e-02 -2.94e-02 -3.20e-02 -3.29e-02 -3.20e-02 -2.94e-02 -2.55e-02 -2.09e-02 -1.61e-02 -1.16e-02 -7.84e-03 -4.91e-03 -2.80e-03 -1.39e-03 -5.73e-04 -1.88e-04 -4.82e-05 -9.55e-06 -1.45e-06 -1.66e-07 -1.42e-08 -8.66e-10 -3.59e-11 -9.05e-13 -1.04e-14 0.00e+00 0.00e+00 0.00e+00 0.00e+00 0.00e+00 0.00e+00 0.00e+00 0.00e+00 -0.00e+00 
-0.00e+00 0.00e+00 0.00e+00 0.00e+00 0.00e+00 0.00e+00 0.00e+00 0.00e+00 0.00e+00 0.00e+00 -1.57e-14 -1.29e-12 -4.89e-11 -1.12e-09 -1.73e-08 -1.91e-07 -1.56e-06 -9.66e-06 -4.56e-05 -1.67e-04 -4.77e-04 -1.10e-03 -2.12e-03 -3.58e-03 -5.51e-03 -7.82e-03 -1.03e-02 -1.28e-02 -1.48e-02 -1.62e-02 -1.67e-02 -1.62e-02 -1.48e-02 -1.28e-02 -1.03e-02 -7.82e-03 -5.51e-03 -3.58e-03 -2.12e-03 -1.10e-03 -4.77e-04 -1.67e-04 -4.56e-05 -9.66e-06 -1.56e-06 -1.91e-07 -1.73e-08 -1.12e-09 -4.89e-11 -1.29e-12 -1.57e-14 0.00e+00 0.00e+00 0.00e+00 0.00e+00 0.00e+00 0.00e+00 0.00e+00 0.00e+00 0.00e+00 -0.00e+00 
-0.00e+00 0.00e+00 0.00e+00 0.00e+00 0.00e+00 0.00e+00 0.00e+00 0.00e+00 0.00e+00 0.00e+00 0.00e+00 -2.09e-14 -1.64e-12 -5.87e-11 -1.27e-09 -1.85e-08 -1.92e-07 -1.47e-06 -8.51e-06 -3.75e-05 -1.28e-04 -3.44e-04 -7.52e-04 -1.39e-03 -2.27e-03 -3.36e-03 -4.56e-03 -5.75e-03 -6.76e-03 -7.44e-03 -7.68e-03 -7.44e-03 -6.76e-03 -5.75e-03 -4.56e-03 -3.36e-03 -2.27e-03 -1.39e-03 -7.52e-04 -3.44e-04 -1.28e-04 -3.75e-05 -8.51e-06 -1.47e-06 -1.92e-07 -1.85e-08 -1.27e-09 -5.87e-11 -1.64e-12 -2.09e-14 0.00e+00 0.00e+00 0.00e+00 0.00e+00 0.00e+00 0.00e+00 0.00e+00 0.00e+00 0.00e+00 0.00e+00 -0.00e+00 
-0.00e+00 0.00e+00 0.00e+00 0.00e+00 0.00e+00 0.00e+00 0.00e+00 0.00e+00 0.00e+00 0.00e+00 0.00e+00 0.00e+00 -2.48e-14 -1.85e-12 -6.25e-11 -1.27e-09 -1.74e-08 -1.70e-07 -1.21e-06 -6.51e-06 -2.67e-05 -8.49e-05 -2.14e-04 -4.44e-04 -7.87e-04 -1.23e-03 -1.75e-03 -2.27e-03 -2.72e-03 -3.02e-03 -3.13e-03 -3.02e-03 -2.72e-03 -2.27e-03 -1.75e-03 -1.23e-03 -7.87e-04 -4.44e-04 -2.14e-04 -8.49e-05 -2.67e-05 -6.51e-06 -1.21e-06 -1.70e-07 -1.74e-08 -1.27e-09 -6.25e-11 -1.85e-12 -2.48e-14 0.00e+00 0.00e+00 0.00e+00 0.00e+00 0.00e+00 0.00e+00 0.00e+00 0.00e+00 0.00e+00 0.00e+00 0.00e+00 -0.00e+00 
-0.00e+00 0.00e+00 0.00e+00 0.00e+00 0.00e+00 0.00e+00 0.00e+00 0.00e+00 0.00e+00 0.00e+00 0.00e+00 0.00e+00 0.00e+00 -2.63e-14 -1.85e-12 -5.90e-11 -1.13e-09 -1.44e-08 -1.31e-07 -8.68e-07 -4.32e-06 -1.64e-05 -4.85e-05 -1.15e-04 -2.25e-04 -3.80e-04 -5.67e-04 -7.64e-04 -9.39e-04 -1.06e-03 -1.10e-03 -1.06e-03 -9.39e-04 -7.64e-04 -5.67e-04 -3.80e-04 -2.25e-04 -1.15e-04 -4.85e-05 -1.64e-05 -4.32e-06 -8.68e-07 -1.31e-07 -1.44e-08 -1.13e-09 -5.90e-11 -1.85e-12 -2.63e-14 0.00e+00 0.00e+00 0.00e+00 0.00e+00 0.00e+00 0.00e+00 0.00e+00 0.00e+00 0.00e+00 0.00e+00 0.00e+00 0.00e+00 -0.00e+00 
-0.00e+00 0.00e+00 0.00e+00 0.00e+00 0.00e+00 0.00e+00 0.00e+00 0.00e+00 0.00e+00 0.00e+00 0.00e+00 0.00e+00 0.00e+00 0.00e+00 -2.48e-14 -1.65e-12 -4.92e-11 -8.79e-10 -1.05e-08 -8.80e-08 -5.40e-07 -2.48e-06 -8.67e-06 -2.37e-05 -5.23e-05 -9.65e-05 -1.54e-04 -2.17e-04 -2.75e-04 -3.16e-04 -3.31e-04 -3.16e-04 -2.75e-04 -2.17e-04 -1.54e-04 -9.65e-05 -5.23e-05 -2.37e-05 -8.67e-06 -2.48e-06 -5.40e-07 -8.80e-08 -1.05e-08 -8.79e-10 -4.92e-11 -1.65e-12 -2.48e-14 0.00e+00 0.00e+00 0.00e+00 0.00e+00 0.00e+00 0.00e+00 0.00e+00 0.00e+00 0.00e+00 0.00e+00 0.00e+00 0.00e+00 0.00e+00 -0.00e+00 
-0.00e+00 0.00e+00 0.00e+00 0.00e+00 0.00e+00 0.00e+00 0.00e+00 0.00e+00 0.00e+00 0.00e+00 0.00e+00 0.00e+00 0.00e+00 0.00e+00 0.00e+00 -2.09e-14 -1.30e-12 -3.63e-11 -6.03e-10 -6.65e-09 -5.16e-08 -2.90e-07 -1.22e-06 -3.91e-06 -9.85e-06 -2.01e-05 -3.46e-05 -5.16e-05 -6.78e-05 -7.95e-05 -8.38e-05 -7.95e-05 -6.78e-05 -5.16e-05 -3.46e-05 -2.01e-05 -9.85e-06 -3.91e-06 -1.22e-06 -2.90e-07 -5.16e-08 -6.65e-09 -6.03e-10 -3.63e-11 -1.30e-12 -2.09e-14 0.00e+00 0.00e+00 0.00e+00 0.00e+00 0.00e+00 0.00e+00 0.00e+00 0.00e+00 0.00e+00 0.00e+00 0.00e+00 0.00e+00 0.00e+00 0.00e+00 -0.00e+00 
-0.00e+00 0.00e+00 0.00e+00 0.00e+00 0.00e+00 0.00e+00 0.00e+00 0.00e+00 0.00e+00 0.00e+00 0.00e+00 0.00e+00 0.00e+00 0.00e+00 0.00e+00 0.00e+00 -1.57e-14 -9.10e-13 -2.36e-11 -3.63e-10 -3.69e-09 -2.61e-08 -1.34e-07 -5.12e-07 -1.49e-06 -3.44e-06 -6.46e-06 -1.02e-05 -1.40e-05 -1.69e-05 -1.79e-05 -1.69e-05 -1.40e-05 -1.02e-05 -6.46e-06 -3.44e-06 -1.49e-06 -5.12e-07 -1.34e-07 -2.61e-08 -3.69e-09 -3.63e-10 -2.36e-11 -9.10e-13 -1.57e-14 0.00e+00 0.00e+00 0.00e+00 0.00e+00 0.00e+00 0.00e+00 0.00e+00 0.00e+00 0.00e+00 0.00e+00 0.00e+00 0.00e+00 0.00e+00 0.00e+00 0.00e+00 -0.00e+00 
-0.00e+00 0.00e+00 0.00e+00 0.00e+00 0.00e+00 0.00e+00 0.00e+00 0.00e+00 0.00e+00 0.00e+00 0.00e+00 0.00e+00 0.00e+00 0.00e+00 0.00e+00 0.00e+00 0.00e+00 -1.04e-14 -5.64e-13 -1.35e-11 -1.91e-10 -1.77e-09 -1.14e-08 -5.28e-08 -1.82e-07 -4.78e-07 -9.93e-07 -1.69e-06 -2.44e-06 -3.01e-06 -3.22e-06 -3.01e-06 -2.44e-06 -1.69e-06 -9.93e-07 -4.78e-07 -1.82e-07 -5.28e-08 -1.14e-08 -1.77e-09 -1.91e-10 -1.35e-11 -5.64e-13 -1.04e-14 0.00e+00 0.00e+00 0.00e+00 0.00e+00 0.00e+00 0.00e+00 0.00e+00 0.00e+00 0.00e+00 0.00e+00 0.00e+00 0.00e+00 0.00e+00 0.00e+00 0.00e+00 0.00e+00 -0.00e+00 
-0.00e+00 0.00e+00 0.00e+00 0.00e+00 0.00e+00 0.00e+00 0.00e+00 0.00e+00 0.00e+00 0.00e+00 0.00e+00 0.00e+00 0.00e+00 0.00e+00 0.00e+00 0.00e+00 0.00e+00 0.00e+00 -6.17e-15 -3.08e-13 -6.78e-12 -8.72e-11 -7.31e-10 -4.23e-09 -1.75e-08 -5.36e-08 -1.26e-07 -2.33e-07 -3.54e-07 -4.52e-07 -4.89e-07 -4.52e-07 -3.54e-07 -2.33e-07 -1.26e-07 -5.36e-08 -1.75e-08 -4.23e-09 -7.31e-10 -8.72e-11 -6.78e-12 -3.08e-13 -6.17e-15 0.00e+00 0.00e+00 0.00e+00 0.00e+00 0.00e+00 0.00e+00 0.00e+00 0.00e+00 0.00e+00 0.00e+00 0.00e+00 0.00e+00 0.00e+00 0.00e+00 0.00e+00 0.00e+00 0.00e+00 -0.00e+00 
-0.00e+00 0.00e+00 0.00e+00 0.00e+00 0.00e+00 0.00e+00 0.00e+00 0.00e+00 0.00e+00 0.00e+00 0.00e+00 0.00e+00 0.00e+00 0.00e+00 0.00e+00 0.00e+00 0.00e+00 0.00e+00 0.00e+00 -3.22e-15 -1.47e-13 -2.95e-12 -3.43e-11 -2.57e-10 -1.32e-09 -4.82e-09 -1.30e-08 -2.66e-08 -4.32e-08 -5.72e-08 -6.27e-08 -5.72e-08 -4.32e-08 -2.66e-08 -1.30e-08 -4.82e-09 -1.32e-09 -2.57e-10 -3.43e-11 -2.95e-12 -1.47e-13 -3.22e-15 0.00e+00 0.00e+00 0.00e+00 0.00e+00 0.00e+00 0.00e+00 0.00e+00 0.00e+00 0.00e+00 0.00e+00 0.00e+00 0.00e+00 0.00e+00 0.00e+00 0.00e+00 0.00e+00 0.00e+00 0.00e+00 -0.00e+00 
-0.00e+00 0.00e+00 0.00e+00 0.00e+00 0.00e+00 0.00e+00 0.00e+00 0.00e+00 0.00e+00 0.00e+00 0.00e+00 0.00e+00 0.00e+00 0.00e+00 0.00e+00 0.00e+00 0.00e+00 0.00e+00 0.00e+00 0.00e+00 -1.48e-15 -6.14e-14 -1.11e-12 -1.15e-11 -7.62e-11 -3.42e-10 -1.08e-09 -2.50e-09 -4.39e-09 -6.08e-09 -6.76e-09 -6.08e-09 -4.39e-09 -2.50e-09 -1.08e-09 -3.42e-10 -7.62e-11 -1.15e-11 -1.11e-12 -6.14e-14 -1.48e-15 0.00e+00 0.00e+00 0.00e+00 0.00e+00 0.00e+00 0.00e+00 0.00e+00 0.00e+00 0.00e+00 0.00e+00 0.00e+00 0.00e+00 0.00e+00 0.00e+00 0.00e+00 0.00e+00 0.00e+00 0.00e+00 0.00e+00 -0.00e+00 
-0.00e+00 0.00e+00 0.00e+00 0.00e+00 0.00e+00 0.00e+00 0.00e+00 0.00e+00 0.00e+00 0.00e+00 0.00e+00 0.00e+00 0.00e+00 0.00e+00 0.00e+00 0.00e+00 0.00e+00 0.00e+00 0.00e+00 0.00e+00 0.00e+00 -5.90e-16 -2.21e-14 -3.56e-13 -3.24e-12 -1.87e-11 -7.16e-11 -1.91e-10 -3.71e-10 -5.42e-10 -6.13e-10 -5.42e-10 -3.71e-10 -1.91e-10 -7.16e-11 -1.87e-11 -3.24e-12 -3.56e-13 -2.21e-14 -5.90e-16 0.00e+00 0.00e+00 0.00e+00 0.00e+00 0.00e+00 0.00e+00 0.00e+00 0.00e+00 0.00e+00 0.00e+00 0.00e+00 0.00e+00 0.00e+00 0.00e+00 0.00e+00 0.00e+00 0.00e+00 0.00e+00 0.00e+00 0.00e+00 -0.00e+00 
-0.00e+00 0.00e+00 0.00e+00 0.00e+00 0.00e+00 0.00e+00 0.00e+00 0.00e+00 0.00e+00 0.00e+00 0.00e+00 0.00e+00 0.00e+00 0.00e+00 0.00e+00 0.00e+00 0.00e+00 0.00e+00 0.00e+00 0.00e+00 0.00e+00 0.00e+00 -2.04e-16 -6.80e-15 -9.60e-14 -7.56e-13 -3.69e-12 -1.18e-11 -2.58e-11 -4.03e-11 -4.66e-11 -4.03e-11 -2.58e-11 -1.18e-11 -3.69e-12 -7.56e-13 -9.60e-14 -6.80e-15 -2.04e-16 0.00e+00 0.00e+00 0.00e+00 0.00e+00 0.00e+00 0.00e+00 0.00e+00 0.00e+00 0.00e+00 0.00e+00 0.00e+00 0.00e+00 0.00e+00 0.00e+00 0.00e+00 0.00e+00 0.00e+00 0.00e+00 0.00e+00 0.00e+00 0.00e+00 -0.00e+00 
-0.00e+00 0.00e+00 0.00e+00 0.00e+00 0.00e+00 0.00e+00 0.00e+00 0.00e+00 0.00e+00 0.00e+00 0.00e+00 0.00e+00 0.00e+00 0.00e+00 0.00e+00 0.00e+00 0.00e+00 0.00e+00 0.00e+00 0.00e+00 0.00e+00 0.00e+00 0.00e+00 -6.06e-17 -1.76e-15 -2.14e-14 -1.42e-13 -5.68e-13 -1.45e-12 -2.47e-12 -2.94e-12 -2.47e-12 -1.45e-12 -5.68e-13 -1.42e-13 -2.14e-14 -1.76e-15 -6.06e-17 0.00e+00 0.00e+00 0.00e+00 0.00e+00 0.00e+00 0.00e+00 0.00e+00 0.00e+00 0.00e+00 0.00e+00 0.00e+00 0.00e+00 0.00e+00 0.00e+00 0.00e+00 0.00e+00 0.00e+00 0.00e+00 0.00e+00 0.00e+00 0.00e+00 0.00e+00 -0.00e+00 
-0.00e+00 0.00e+00 0.00e+00 0.00e+00 0.00e+00 0.00e+00 0.00e+00 0.00e+00 0.00e+00 0.00e+00 0.00e+00 0.00e+00 0.00e+00 0.00e+00 0.00e+00 0.00e+00 0.00e+00 0.00e+00 0.00e+00 0.00e+00 0.00e+00 0.00e+00 0.00e+00 0.00e+00 -1.51e-17 -3.78e-16 -3.84e-15 -2.07e-14 -6.47e-14 -1.24e-13 -1.53e-13 -1.24e-13 -6.47e-14 -2.07e-14 -3.84e-15 -3.78e-16 -1.51e-17 0.00e+00 0.00e+00 0.00e+00 0.00e+00 0.00e+00 0.00e+00 0.00e+00 0.00e+00 0.00e+00 0.00e+00 0.00e+00 0.00e+00 0.00e+00 0.00e+00 0.00e+00 0.00e+00 0.00e+00 0.00e+00 0.00e+00 0.00e+00 0.00e+00 0.00e+00 0.00e+00 -0.00e+00 
-0.00e+00 0.00e+00 0.00e+00 0.00e+00 0.00e+00 0.00e+00 0.00e+00 0.00e+00 0.00e+00 0.00e+00 0.00e+00 0.00e+00 0.00e+00 0.00e+00 0.00e+00 0.00e+00 0.00e+00 0.00e+00 0.00e+00 0.00e+00 0.00e+00 0.00e+00 0.00e+00 0.00e+00 0.00e+00 -6.26e-18 -1.30e-16 -1.07e-15 -4.40e-15 -9.99e-15 -1.30e-14 -9.99e-15 -4.40e-15 -1.07e-15 -1.30e-16 -6.26e-18 0.00e+00 0.00e+00 0.00e+00 0.00e+00 0.00e+00 0.00e+00 0.00e+00 0.00e+00 0.00e+00 0.00e+00 0.00e+00 0.00e+00 0.00e+00 0.00e+00 0.00e+00 0.00e+00 0.00e+00 0.00e+00 0.00e+00 0.00e+00 0.00e+00 0.00e+00 0.00e+00 0.00e+00 -0.00e+00 
0.00e+00 -0.00e+00 -0.00e+00 -0.00e+00 -0.00e+00 -0.00e+00 -0.00e+00 -0.00e+00 -0.00e+00 -0.00e+00 -0.00e+00 -0.00e+00 -0.00e+00 -0.00e+00 -0.00e+00 -0.00e+00 -0.00e+00 -0.00e+00 -0.00e+00 -0.00e+00 -0.00e+00 -0.00e+00 -0.00e+00 -0.00e+00 -0.00e+00 6.26e-18 1.30e-16 1.07e-15 4.40e-15 9.99e-15 1.30e-14 9.99e-15 4.40e-15 1.07e-15 1.30e-16 6.26e-18 -0.00e+00 -0.00e+00 -0.00e+00 -0.00e+00 -0.00e+00 -0.00e+00 -0.00e+00 -0.00e+00 -0.00e+00 -0.00e+00 -0.00e+00 -0.00e+00 -0.00e+00 -0.00e+00 -0.00e+00 -0.00e+00 -0.00e+00 -0.00e+00 -0.00e+00 -0.00e+00 -0.00e+00 -0.00e+00 -0.00e+00 -0.00e+00 0.00e+00 
