0.00e+00 -0.00e+00 -0.00e+00 -0.00e+00 -0.00e+00 -0.00e+00 -0.00e+00 -0.00e+00 -0.00e+00 -0.00e+00 -0.00e+00 -0.00e+00 -0.00e+00 -0.00e+00 -0.00e+00 -0.00e+00 -9.08e-18 -5.20e-16 -1.34e-14 -2.06e-13 -2.12e-12 -1.54e-11 -8.21e-11 -3.30e-10 -1.03e-09 -2.54e-09 -5.10e-09 -8.57e-09 -1.22e-08 -1.51e-08 -1.62e-08 -1.51e-08 -1.22e-08 -8.57e-09 -5.10e-09 -2.54e-09 -1.03e-09 -3.30e-10 -8.21e-11 -1.54e-11 -2.12e-12 -2.06e-13 -1.34e-14 -5.20e-16 -9.08e-18 -0.00e+00 -0.00e+00 -0.00e+00 -0.00e+00 -0.00e+00 -0.00e+00 -0.00e+00 -0.00e+00 -0.00e+00 -0.00e+00 -0.00e+00 -0.00e+00 -0.00e+00 -0.00e+00 -0.00e+00 0.00e+00 
-0.00e+00 0.00e+00 0.00e+00 0.00e+00 0.00e+00 0.00e+00 0.00e+00 0.00e+00 0.00e+00 0.00e+00 0.00e+00 0.00e+00 0.00e+00 0.00e+00 0.00e+00 0.00e+00 9.08e-18 5.20e-16 1.34e-14 2.06e-13 2.12e-12 1.54e-11 8.21e-11 3.30e-10 1.03e-09 2.54e-09 5.10e-09 8.57e-09 1.22e-08 1.51e-08 1.62e-08 1.51e-08 1.22e-08 8.57e-09 5.10e-09 2.54e-09 1.03e-09 3.30e-10 8.21e-11 1.54e-11 2.12e-12 2.06e-13 1.34e-14 5.20e-16 9.08e-18 0.00e+00 0.00e+00 0.00e+00 0.00e+00 0.00e+00 0.00e+00 0.00e+00 0.00e+00 0.00e+00 0.00e+00 0.00e+00 0.00e+00 0.00e+00 0.00e+00 0.00e+00 -0.00e+00 
-0.00e+00 0.00e+00 0.00e+00 0.00e+00 0.00e+00 0.00e+00 0.00e+00 0.00e+00 0.00e+00 0.00e+00 0.00e+00 0.00e+00 0.00e+00 0.00e+00 0.00e+00 1.69e-17 1.05e-15 2.94e-14 4.93e-13 5.56e-12 4.46e-11 2.64e-10 1.19e-09 4.14e-09 1.14e-08 2.56e-08 4.80e-08 7.64e-08 1.05e-07 1.27e-07 1.35e-07 1.27e-07 1.05e-07 7.64e-08 4.80e-08 2.56e-08 1.14e-08 4.14e-09 1.19e-09 2.64e-10 4.46e-11 5.56e-12 4.93e-13 2.94e-14 1.05e-15 1.69e-17 0.00e+00 0.00e+00 0.00e+00 0.00e+00 0.00e+00 0.00e+00 0.00e+00 0.00e+00 0.00e+00 0.00e+00 0.00e+00 0.00e+00 0.00e+00 0.00e+00 -0.00e+00 
-0.00e+00 0.00e+00 0.00e+00 0.00e+00 0.00e+00 0.00e+00 0.00e+00 0.00e+00 0.00e+00 0.00e+00 0.00e+00 0.00e+00 0.00e+00 0.00e+00 2.86e-17 1.89e-15 5.65e-14 1.02e-12 1.24e-11 1.08e-10 7.00e-10 3.44e-09 1.31e-08 3.97e-08 9.75e-08 1.99e-07 3.47e-07 5.23e-07 6.96e-07 8.23e-07 8.70e-07 8.23e-07 6.96e-07 5.23e-07 3.47e-07 1.99e-07 9.75e-08 3.97e-08 1.31e-08 3.44e-09 7.00e-10 1.08e-10 1.24e-11 1.02e-12 5.65e-14 1.89e-15 2.86e-17 0.00e+00 0.00e+00 0.00e+00 0.00e+00 0.00e+00 0.00e+00 0.00e+00 0.00e+00 0.00e+00 0.00e+00 0.00e+00 0.00e+00 0.00e+00 -0.00e+00 
-0.00e+00 0.00e+00 0.00e+00 0.00e+00 0.00e+00 0.00e+00 0.00e+00 0.00e+00 0.00e+00 0.00e+00 0.00e+00 0.00e+00 0.00e+00 4.37e-17 3.06e-15 9.79e-14 1.89e-12 2.48e-11 2.33e-10 1.63e-09 8.67e-09 3.60e-08 1.19e-07 3.16e-07 6.99e-07 1.31e-06 2.14e-06 3.08e-06 3.97e-06 4.61e-06 4.84e-06 4.61e-06 3.97e-06 3.08e-06 2.14e-06 1.31e-06 6.99e-07 3.16e-07 1.19e-07 3.60e-08 8.67e-09 1.63e-09 2.33e-10 2.48e-11 1.89e-12 9.79e-14 3.06e-15 4.37e-17 0.00e+00 0.00e+00 0.00e+00 0.00e+00 0.00e+00 0.00e+00 0.00e+00 0.00e+00 0.00e+00 0.00e+00 0.00e+00 0.00e+00 -0.00e+00 
-0.00e+00 0.00e+00 0.00e+00 0.00e+00 0.00e+00 0.00e+00 0.00e+00 0.00e+00 0.00e+00 0.00e+00 0.00e+00 0.00e+00 6.08e-17 4.50e-15 1.53e-13 3.15e-12 4.40e-11 4.44e-10 3.34e-09 1.92e-08 8.63e-08 3.07e-07 8.83e-07 2.10e-06 4.22e-06 7.35e-06 1.13e-05 1.56e-05 1.95e-05 2.23e-05 2.33e-05 2.23e-05 1.95e-05 1.56e-05 1.13e-05 7.35e-06 4.22e-06 2.10e-06 8.83e-07 3.07e-07 8.63e-08 1.92e-08 3.34e-09 4.44e-10 4.40e-11 3.15e-12 1.53e-13 4.50e-15 6.08e-17 0.00e+00 0.00e+00 0.00e+00 0.00e+00 0.00e+00 0.00e+00 0.00e+00 0.00e+00 0.00e+00 0.00e+00 0.00e+00 -0.00e+00 
-0.00e+00 0.00e+00 0.00e+00 0.00e+00 0.00e+00 0.00e+00 0.00e+00 0.00e+00 0.00e+00 0.00e+00 0.00e+00 7.67e-17 6.00e-15 2.16e-13 4.71e-12 7.01e-11 7.55e-10 6.09e-09 3.76e-08 1.82e-07 6.96e-07 2.15e-06 5.45e-06 1.17e-05 2.15e-05 3.51e-05 5.13e-05 6.81e-05 8.30e-05 9.32e-05 9.69e-05 9.32e-05 8.30e-05 6.81e-05 5.13e-05 3.51e-05 2.15e-05 1.17e-05 5.45e-06 2.15e-06 6.96e-07 1.82e-07 3.76e-08 6.09e-09 7.55e-10 7.01e-11 4.71e-12 2.16e-13 6.00e-15 7.67e-17 0.00e+00 0.00e+00 0.00e+00 0.00e+00 0.00e+00 0.00e+00 0.00e+00 0.00e+00 0.00e+00 0.00e+00 -0.00e+00 
-0.00e+00 0.00e+00 0.00e+00 0.00e+00 0.00e+00 0.00e+00 0.00e+00 0.00e+00 0.00e+00 0.00e+00 8.83e-17 7.26e-15 2.75e-13 6.36e-12 1.00e-10 1.15e-09 9.90e-09 6.54e-08 3.38e-07 1.39e-06 4.57e-06 1.24e-05 2.80e-05 5.43e-05 9.28e-05 1.42e-04 1.99e-04 2.55e-04 3.04e-04 3.37e-04 3.48e-04 3.37e-04 3.04e-04 2.55e-04 1.99e-04 1.42e-04 9.28e-05 5.43e-05 2.80e-05 1.24e-05 4.57e-06 1.39e-06 3.38e-07 6.54e-08 9.90e-09 1.15e-09 1.00e-10 6.36e-12 2.75e-13 7.26e-15 8.83e-17 0.00e+00 0.00e+00 0.00e+00 0.00e+00 0.00e+00 0.00e+00 0.00e+00 0.00e+00 0.00e+00 -0.00e+00 
-0.00e+00 0.00e+00 0.00e+00 0.00e+00 0.00e+00 0.00e+00 0.00e+00 0.00e+00 0.00e+00 9.25e-17 7.99e-15 3.18e-13 7.76e-12 1.30e-10 1.57e-09 1.44e-08 1.01e-07 5.59e-07 2.44e-06 8.59e-06 2.46e-05 5.87e-05 1.19e-04 2.13e-04 3.39e-04 4.94e-04 6.61e-04 8.24e-04 9.61e-04 1.05e-03 1.08e-03 1.05e-03 9.61e-04 8.24e-04 6.61e-04 4.94e-04 3.39e-04 2.13e-04 1.19e-04 5.87e-05 2.46e-05 8.59e-06 2.44e-06 5.59e-07 1.01e-07 1.44e-08 1.57e-09 1.30e-10 7.76e-12 3.18e-13 7.99e-15 9.25e-17 0.00e+00 0.00e+00 0.00e+00 0.00e+00 0.00e+00 0.00e+00 0.00e+00 0.00e+00 -0.00e+00 
-0.00e+00 0.00e+00 0.00e+00 0.00e+00 0.00e+00 0.00e+00 0.00e+00 0.00e+00 8.83e-17 7.98e-15 3.34e-13 8.56e-12 1.51e-10 1.93e-09 1.87e-08 1.40e-07 8.21e-07 3.82e-06 1.43e-05 4.32e-05 1.08e-04 2.30e-04 4.26e-04 7.02e-04 1.06e-03 1.47e-03 1.90e-03 2.30e-03 2.64e-03 2.86e-03 2.94e-03 2.86e-03 2.64e-03 2.30e-03 1.90e-03 1.47e-03 1.06e-03 7.02e-04 4.26e-04 2.30e-04 1.08e-04 4.32e-05 1.43e-05 3.82e-06 8.21e-07 1.40e-07 1.87e-08 1.93e-09 1.51e-10 8.56e-12 3.34e-13 7.98e-15 8.83e-17 0.00e+00 0.00e+00 0.00e+00 0.00e+00 0.00e+00 0.00e+00 0.00e+00 -0.00e+00 
-0.00e+00 0.00e+00 0.00e+00 0.00e+00 0.00e+00 0.00e+00 0.00e+00 7.67e-17 7.25e-15 3.17e-13 8.54e-12 1.58e-10 2.14e-09 2.19e-08 1.73e-07 1.08e-06 5.32e-06 2.10e-05 6.73e-05 1.77e-04 3.92e-04 7.50e-04 1.27e-03 1.97e-03 2.82e-03 3.76e-03 4.73e-03 5.63e-03 6.36e-03 6.84e-03 7.00e-03 6.84e-03 6.36e-03 5.63e-03 4.73e-03 3.76e-03 2.82e-03 1.97e-03 1.27e-03 7.50e-04 3.92e-04 1.77e-04 6.73e-05 2.10e-05 5.32e-06 1.08e-06 1.73e-07 2.19e-08 2.14e-09 1.58e-10 8.54e-12 3.17e-13 7.25e-15 7.67e-17 0.00e+00 0.00e+00 0.00e+00 0.00e+00 0.00e+00 0.00e+00 -0.00e+00 
-0.00e+00 0.00e+00 0.00e+00 0.00e+00 0.00e+00 0.00e+00 6.08e-17 5.99e-15 2.74e-13 7.71e-12 1.50e-10 2.13e-09 2.30e-08 1.92e-07 1.26e-06 6.59e-06 2.76e-05 9.32e-05 2.58e-04 5.94e-04 1.17e-03 2.04e-03 3.24e-03 4.76e-03 6.54e-03 8.48e-03 1.04e-02 1.22e-02 1.37e-02 1.46e-02 1.49e-02 1.46e-02 1.37e-02 1.22e-02 1.04e-02 8.48e-03 6.54e-03 4.76e-03 3.24e-03 2.04e-03 1.17e-03 5.94e-04 2.58e-04 9.32e-05 2.76e-05 6.59e-06 1.26e-06 1.92e-07 2.30e-08 2.13e-09 1.50e-10 7.71e-12 2.74e-13 5.99e-15 6.08e-17 0.00e+00 0.00e+00 0.00e+00 0.00e+00 0.00e+00 -0.00e+00 
-0.00e+00 0.00e+00 0.00e+00 0.00e+00 0.00e+00 4.37e-17 4.49e-15 2.14e-13 6.30e-12 1.28e-10 1.91e-09 2.17e-08 1.91e-07 1.32e-06 7.30e-06 3.23e-05 1.15e-04 3.34e-04 8.01e-04 1.63e-03 2.92e-03 4.74e-03 7.14e-03 1.01e-02 1.35e-02 1.72e-02 2.08e-02 2.40e-02 2.66e-02 2.83e-02 2.89e-02 2.83e-02 2.66e-02 2.40e-02 2.08e-02 1.72e-02 1.35e-02 1.01e-02 7.14e-03 4.74e-03 2.92e-03 1.63e-03 8.01e-04 3.34e-04 1.15e-04 3.23e-05 7.30e-06 1.32e-06 1.91e-07 2.17e-08 1.91e-09 1.28e-10 6.30e-12 2.14e-13 4.49e-15 4.37e-17 0.00e+00 0.00e+00 0.00e+00 0.00e+00 -0.00e+00 
-0.00e+00 0.00e+00 0.00e+00 0.00e+00 2.86e-17 3.05e-15 1.51e-13 4.65e-12 9.88e-11 1.54e-09 1.83e-08 1.70e-07 1.24e-06 7.22e-06 3.37e-05 1.26e-04 3.86e-04 9.66e-04 2.04e-03 3.74e-03 6.23e-03 9.65e-03 1.41e-02 1.94e-02 2.54e-02 3.17e-02 3.79e-02 4.34e-02 4.77e-02 5.05e-02 5.15e-02 5.05e-02 4.77e-02 4.34e-02 3.79e-02 3.17e-02 2.54e-02 1.94e-02 1.41e-02 9.65e-03 6.23e-03 3.74e-03 2.04e-03 9.66e-04 3.86e-04 1.26e-04 3.37e-05 7.22e-06 1.24e-06 1.70e-07 1.83e-08 1.54e-09 9.88e-11 4.65e-12 1.51e-13 3.05e-15 2.86e-17 0.00e+00 0.00e+00 0.00e+00 -0.00e+00 
-0.00e+00 0.00e+00 0.00e+00 1.69e-17 1.87e-15 9.67e-14 3.09e-12 6.85e-11 1.12e-09 1.39e-08 1.35e-07 1.04e-06 6.37e-06 3.13e-05 1.24e-04 3.98e-04 1.05e-03 2.29e-03 4.34e-03 7.41e-03 1.18e-02 1.78e-02 2.54e-02 3.43e-02 4.42e-02 5.43e-02 6.40e-02 7.24e-02 7.90e-02 8.32e-02 8.46e-02 8.32e-02 7.90e-02 7.24e-02 6.40e-02 5.43e-02 4.42e-02 3.43e-02 2.54e-02 1.78e-02 1.18e-02 7.41e-03 4.34e-03 2.29e-03 1.05e-03 3.98e-04 1.24e-04 3.13e-05 6.37e-06 1.04e-06 1.35e-07 1.39e-08 1.12e-09 6.85e-11 3.09e-12 9.67e-14 1.87e-15 1.69e-17 0.00e+00 0.00e+00 -0.00e+00 
-0.00e+00 0.00e+00 9.08e-18 1.04e-15 5.57e-14 1.85e-12 4.27e-11 7.28e-10 9.47e-09 9.64e-08 7.78e-07 5.02e-06 2.60e-05 1.09e-04 3.68e-04 1.01e-03 2.32e-03 4.56e-03 8.04e-03 1.33e-02 2.07e-02 3.05e-02 4.25e-02 5.63e-02 7.11e-02 8.58e-02 9.95e-02 1.11e-01 1.20e-01 1.26e-01 1.28e-01 1.26e-01 1.20e-01 1.11e-01 9.95e-02 8.58e-02 7.11e-02 5.63e-02 4.25e-02 3.05e-02 2.07e-02 1.33e-02 8.04e-03 4.56e-03 2.32e-03 1.01e-03 3.68e-04 1.09e-04 2.60e-05 5.02e-06 7.78e-07 9.64e-08 9.47e-09 7.28e-10 4.27e-11 1.85e-12 5.57e-14 1.04e-15 9.08e-18 0.00e+00 -0.00e+00 
-8.77e-18 8.77e-18 5.20e-16 2.88e-14 9.94e-13 2.39e-11 4.23e-10 5.76e-09 6.13e-08 5.19e-07 3.52e-06 1.92e-05 8.49e-05 3.04e-04 8.84e-04 2.13e-03 4.37e-03 7.99e-03 1.37e-02 2.21e-02 3.38e-02 4.85e-02 6.60e-02 8.54e-02 1.05e-01 1.25e-01 1.42e-01 1.57e-01 1.68e-01 1.74e-01 1.77e-01 1.74e-01 1.68e-01 1.57e-01 1.42e-01 1.25e-01 1.05e-01 8.54e-02 6.60e-02 4.85e-02 3.38e-02 2.21e-02 1.37e-02 7.99e-03 4.37e-03 2.13e-03 8.84e-04 3.04e-04 8.49e-05 1.92e-05 3.52e-06 5.19e-07 6.13e-08 5.76e-09 4.23e-10 2.39e-11 9.94e-13 2.88e-14 5.20e-16 4.38e-18 -4.38e-18 
-4.65e-16 4.65e-16 1.34e-14 4.77e-13 1.19e-11 2.20e-10 3.11e-09 3.47e-08 3.08e-07 2.19e-06 1.26e-05 5.90e-05 2.23e-04 6.90e-04 1.76e-03 3.81e-03 7.29e-03 1.30e-02 2.18e-02 3.45e-02 5.11e-02 7.14e-02 9.46e-02 1.19e-01 1.44e-01 1.67e-01 1.87e-01 2.03e-01 2.15e-01 2.22e-01 2.25e-01 2.22e-01 2.15e-01 2.03e-01 1.87e-01 1.67e-01 1.44e-01 1.19e-01 9.46e-02 7.14e-02 5.11e-02 3.45e-02 2.18e-02 1.30e-02 7.29e-03 3.81e-03 1.76e-03 6.90e-04 2.23e-04 5.90e-05 1.26e-05 2.19e-06 3.08e-07 3.47e-08 3.11e-09 2.20e-10 1.19e-11 4.77e-13 1.34e-14 2.31e-16 -2.31e-16 
-1.10e-14 1.10e-14 2.04e-13 5.27e-12 1.01e-10 1.49e-09 1.74e-08 1.61e-07 1.21e-06 7.35e-06 3.63e-05 1.46e-04 4.82e-04 1.31e-03 3.02e-03 6.09e-03 1.13e-02 1.98e-02 3.25e-02 4.98e-02 7.15e-02 9.72e-02 1.25e-01 1.54e-01 1.81e-01 2.05e-01 2.26e-01 2.42e-01 2.54e-01 2.61e-01 2.64e-01 2.61e-01 2.54e-01 2.42e-01 2.26e-01 2.05e-01 1.81e-01 1.54e-01 1.25e-01 9.72e-02 7.15e-02 4.98e-02 3.25e-02 1.98e-02 1.13e-02 6.09e-03 3.02e-03 1.31e-03 4.82e-04 1.46e-04 3.63e-05 7.35e-06 1.21e-06 1.61e-07 1.74e-08 1.49e-09 1.01e-10 5.27e-12 2.04e-13 5.42e-15 -5.42e-15 
-1.54e-13 1.54e-13 2.07e-12 4.11e-11 6.32e-10 7.68e-09 7.47e-08 5.89e-07 3.78e-06 1.98e-05 8.50e-05 3.00e-04 8.77e-04 2.16e-03 4.65e-03 9.06e-03 1.65e-02 2.82e-02 4.48e-02 6.65e-02 9.31e-02 1.23e-01 1.54e-01 1.84e-01 2.11e-01 2.35e-01 2.54e-01 2.69e-01 2.79e-01 2.85e-01 2.88e-01 2.85e-01 2.79e-01 2.69e-01 2.54e-01 2.35e-01 2.11e-01 1.84e-01 1.54e-01 1.23e-01 9.31e-02 6.65e-02 4.48e-02 2.82e-02 1.65e-02 9.06e-03 4.65e-03 2.16e-03 8.77e-04 3.00e-04 8.50e-05 1.98e-05 3.78e-06 5.89e-07 7.47e-08 7.68e-09 6.32e-10 4.11e-11 2.06e-12 7.50e-14 -7.50e-14 
-1.42e-12 1.42e-12 1.47e-11 2.35e-10 2.97e-09 3.03e-08 2.51e-07 1.70e-06 9.49e-06 4.36e-05 1.65e-04 5.23e-04 1.39e-03 3.22e-03 6.63e-03 1.26e-02 2.24e-02 3.72e-02 5.75e-02 8.32e-02 1.13e-01 1.45e-01 1.76e-01 2.05e-01 2.30e-01 2.51e-01 2.67e-01 2.80e-01 2.89e-01 2.94e-01 2.96e-01 2.94e-01 2.89e-01 2.80e-01 2.67e-01 2.51e-01 2.30e-01 2.05e-01 1.76e-01 1.45e-01 1.13e-01 8.32e-02 5.75e-02 3.72e-02 2.24e-02 1.26e-02 6.63e-03 3.22e-03 1.39e-03 5.23e-04 1.65e-04 4.36e-05 9.49e-06 1.70e-06 2.51e-07 3.03e-08 2.97e-09 2.35e-10 1.47e-11 6.83e-13 -6.83e-13 
-9.08e-12 9.08e-12 7.58e-11 9.99e-10 1.07e-08 9.32e-08 6.69e-07 3.97e-06 1.96e-05 8.03e-05 2.76e-04 8.00e-04 2.00e-03 4.40e-03 8.81e-03 1.64e-02 2.84e-02 4.59e-02 6.90e-02 9.70e-02 1.28e-01 1.59e-01 1.89e-01 2.14e-01 2.36e-01 2.53e-01 2.67e-01 2.78e-01 2.87e-01 2.92e-01 2.94e-01 2.92e-01 2.87e-01 2.78e-01 2.67e-01 2.53e-01 2.36e-01 2.14e-01 1.89e-01 1.59e-01 1.28e-01 9.70e-02 6.90e-02 4.59e-02 2.84e-02 1.64e-02 8.81e-03 4.40e-03 2.00e-03 8.00e-04 2.76e-04 8.03e-05 1.96e-05 3.97e-06 6.69e-07 9.32e-08 1.07e-08 9.99e-10 7.55e-11 4.33e-12 -4.33e-12 
-4.18e-11 4.18e-11 2.90e-10 3.24e-09 2.98e-08 2.27e-07 1.44e-06 7.65e-06 3.40e-05 1.27e-04 4.04e-04 1.10e-03 2.62e-03 5.58e-03 1.09e-02 1.98e-02 3.36e-02 5.30e-02 7.75e-02 1.06e-01 1.36e-01 1.65e-01 1.91e-01 2.12e-01 2.30e-01 2.45e-01 2.58e-01 2.70e-01 2.81e-01 2.88e-01 2.91e-01 2.88e-01 2.81e-01 2.70e-01 2.58e-01 2.45e-01 2.30e-01 2.12e-01 1.91e-01 1.65e-01 1.36e-01 1.06e-01 7.75e-02 5.30e-02 3.36e-02 1.98e-02 1.09e-02 5.58e-03 2.62e-03 1.10e-03 4.04e-04 1.27e-04 3.40e-05 7.65e-06 1.44e-06 2.27e-07 2.98e-08 3.24e-09 2.89e-10 1.97e-11 -1.97e-11 
-1.42e-10 1.42e-10 8.39e-10 8.13e-09 6.60e-08 4.49e-07 2.57e-06 1.24e-05 5.10e-05 1.78e-04 5.31e-04 1.38e-03 3.16e-03 6.56e-03 1.26e-02 2.25e-02 3.72e-02 5.71e-02 8.17e-02 1.09e-01 1.36e-01 1.61e-01 1.83e-01 2.00e-01 2.16e-01 2.31e-01 2.46e-01 2.62e-01 2.78e-01 2.90e-01 2.95e-01 2.90e-01 2.78e-01 2.62e-01 2.46e-01 2.31e-01 2.16e-01 2.00e-01 1.83e-01 1.61e-01 1.36e-01 1.09e-01 8.17e-02 5.71e-02 3.72e-02 2.25e-02 1.26e-02 6.56e-03 3.16e-03 1.38e-03 5.31e-04 1.78e-04 5.10e-05 1.24e-05 2.57e-06 4.49e-07 6.60e-08 8.13e-09 8.34e-10 6.59e-11 -6.59e-11 
-3.59e-10 3.59e-10 1.87e-09 1.61e-08 1.18e-07 7.32e-07 3.86e-06 1.74e-05 6.69e-05 2.21e-04 6.31e-04 1.58e-03 3.52e-03 7.17e-03 1.35e-02 2.36e-02 3.84e-02 5.77e-02 8.07e-02 1.05e-01 1.29e-01 1.49e-01 1.67e-01 1.82e-01 1.96e-01 2.13e-01 2.34e-01 2.59e-01 2.85e-01 3.06e-01 3.15e-01 3.06e-01 2.85e-01 2.59e-01 2.34e-01 2.13e-01 1.96e-01 1.82e-01 1.67e-01 1.49e-01 1.29e-01 1.05e-01 8.07e-02 5.77e-02 3.84e-02 2.36e-02 1.35e-02 7.17e-03 3.52e-03 1.58e-03 6.31e-04 2.21e-04 6.69e-05 1.74e-05 3.86e-06 7.32e-07 1.18e-07 1.61e-08 1.85e-09 1.65e-10 -1.65e-10 
-6.93e-10 6.93e-10 3.26e-09 2.56e-08 1.73e-07 1.00e-06 4.97e-06 2.12e-05 7.76e-05 2.45e-04 6.77e-04 1.65e-03 3.60e-03 7.21e-03 1.34e-02 2.31e-02 3.68e-02 5.43e-02 7.43e-02 9.51e-02 1.14e-01 1.31e-01 1.45e-01 1.58e-01 1.73e-01 1.94e-01 2.23e-01 2.60e-01 3.02e-01 3.41e-01 3.59e-01 3.41e-01 3.02e-01 2.60e-01 2.23e-01 1.94e-01 1.73e-01 1.58e-01 1.45e-01 1.31e-01 1.14e-01 9.51e-02 7.43e-02 5.43e-02 3.68e-02 2.31e-02 1.34e-02 7.21e-03 3.60e-03 1.65e-03 6.77e-04 2.45e-04 7.76e-05 2.12e-05 4.97e-06 1.00e-06 1.73e-07 2.56e-08 3.22e-09 3.15e-10 -3.15e-10 
-1.03e-09 1.03e-09 4.49e-09 3.29e-08 2.10e-07 1.15e-06 5.46e-06 2.23e-05 7.88e-05 2.42e-04 6.49e-04 1.55e-03 3.33e-03 6.60e-03 1.21e-02 2.05e-02 3.23e-02 4.69e-02 6.33e-02 7.96e-02 9.43e-02 1.07e-01 1.18e-01 1.30e-01 1.47e-01 1.71e-01 2.08e-01 2.61e-01 3.30e-01 4.04e-01 4.46e-01 4.04e-01 3.30e-01 2.61e-01 2.08e-01 1.71e-01 1.47e-01 1.30e-01 1.18e-01 1.07e-01 9.43e-02 7.96e-02 6.33e-02 4.69e-02 3.23e-02 2.05e-02 1.21e-02 6.60e-03 3.33e-03 1.55e-03 6.49e-04 2.42e-04 7.88e-05 2.23e-05 5.46e-06 1.15e-06 2.10e-07 3.29e-08 4.44e-09 4.64e-10 -4.64e-10 
-1.17e-09 1.17e-09 4.84e-09 3.38e-08 2.06e-07 1.09e-06 5.01e-06 1.99e-05 6.84e-05 2.05e-04 5.41e-04 1.27e-03 2.71e-03 5.31e-03 9.63e-03 1.62e-02 2.52e-02 3.61e-02 4.81e-02 5.99e-02 7.03e-02 7.92e-02 8.77e-02 9.82e-02 1.14e-01 1.40e-01 1.82e-01 2.51e-01 3.58e-01 5.02e-01 6.22e-01 5.02e-01 3.58e-01 2.51e-01 1.82e-01 1.40e-01 1.14e-01 9.82e-02 8.77e-02 7.92e-02 7.03e-02 5.99e-02 4.81e-02 3.61e-02 2.52e-02 1.62e-02 9.63e-03 5.31e-03 2.71e-03 1.27e-03 5.41e-04 2.05e-04 6.84e-05 1.99e-05 5.01e-06 1.09e-06 2.06e-07 3.38e-08 4.77e-09 5.23e-10 -5.23e-10 
-9.47e-10 9.47e-10 3.79e-09 2.56e-08 1.53e-07 7.88e-07 3.54e-06 1.38e-05 4.66e-05 1.38e-04 3.59e-04 8.36e-04 1.77e-03 3.44e-03 6.21e-03 1.04e-02 1.60e-02 2.28e-02 3.01e-02 3.71e-02 4.33e-02 4.87e-02 5.42e-02 6.16e-02 7.37e-02 9.49e-02 1.34e-01 2.07e-01 3.52e-01 6.29e-01 1.04e+00 6.29e-01 3.52e-01 2.07e-01 1.34e-01 9.49e-02 7.37e-02 6.16e-02 5.42e-02 4.87e-02 4.33e-02 3.71e-02 3.01e-02 2.28e-02 1.60e-02 1.04e-02 6.21e-03 3.44e-03 1.77e-03 8.36e-04 3.59e-04 1.38e-04 4.66e-05 1.38e-05 3.54e-06 7.88e-07 1.53e-07 2.56e-08 3.73e-09 4.22e-10 -4.22e-10 
-3.66e-10 3.66e-10 1.44e-09 9.59e-09 5.63e-08 2.88e-07 1.28e-06 4.93e-06 1.65e-05 4.86e-05 1.26e-04 2.92e-04 6.15e-04 1.19e-03 2.14e-03 3.57e-03 5.49e-03 7.77e-03 1.02e-02 1.26e-02 1.47e-02 1.65e-02 1.83e-02 2.11e-02 2.57e-02 3.44e-02 5.24e-02 9.46e-02 2.14e-01 6.25e-01 2.29e+00 6.25e-01 2.14e-01 9.46e-02 5.24e-02 3.44e-02 2.57e-02 2.11e-02 1.83e-02 1.65e-02 1.47e-02 1.26e-02 1.02e-02 7.77e-03 5.49e-03 3.57e-03 2.14e-03 1.19e-03 6.15e-04 2.92e-04 1.26e-04 4.86e-05 1.65e-05 4.93e-06 1.28e-06 2.88e-07 5.63e-08 9.58e-09 1.42e-09 1.62e-10 -1.62e-10 
3.66e-10 -3.66e-10 -1.44e-09 -9.59e-09 -5.63e-08 -2.88e-07 -1.28e-06 -4.93e-06 -1.65e-05 -4.86e-05 -1.26e-04 -2.92e-04 -6.15e-04 -1.19e-03 -2.14e-03 -3.57e-03 -5.49e-03 -7.77e-03 -1.02e-02 -1.26e-02 -1.47e-02 -1.65e-02 -1.83e-02 -2.11e-02 -2.57e-02 -3.44e-02 -5.24e-02 -9.46e-02 -2.14e-01 -6.25e-01 -2.29e+00 -6.25e-01 -2.14e-01 -9.46e-02 -5.24e-02 -3.44e-02 -2.57e-02 -2.11e-02 -1.83e-02 -1.65e-02 -1.47e-02 -1.26e-02 -1.02e-02 -7.77e-03 -5.49e-03 -3.57e-03 -2.14e-03 -1.19e-03 -6.15e-04 -2.92e-04 -1.26e-04 -4.86e-05 -1.65e-05 -4.93e-06 -1.28e-06 -2.88e-07 -5.63e-08 -9.58e-09 -1.42e-09 -1.62e-10 1.62e-10 
9.47e-10 -9.47e-10 -3.79e-09 -2.56e-08 -1.53e-07 -7.88e-07 -3.54e-06 -1.38e-05 -4.66e-05 -1.38e-04 -3.59e-04 -8.36e-04 -1.77e-03 -3.44e-03 -6.21e-03 -1.04e-02 -1.60e-02 -2.28e-02 -3.01e-02 -3.71e-02 -4.33e-02 -4.87e-02 -5.42e-02 -6.16e-02 -7.37e-02 -9.49e-02 -1.34e-01 -2.07e-01 -3.52e-01 -6.29e-01 -1.04e+00 -6.29e-01 -3.52e-01 -2.07e-01 -1.34e-01 -9.49e-02 -7.37e-02 -6.16e-02 -5.42e-02 -4.87e-02 -4.33e-02 -3.71e-02 -3.01e-02 -2.28e-02 -1.60e-02 -1.04e-02 -6.21e-03 -3.44e-03 -1.77e-03 -8.36e-04 -3.59e-04 -1.38e-04 -4.66e-05 -1.38e-05 -3.54e-06 -7.88e-07 -1.53e-07 -2.56e-08 -3.73e-09 -4.22e-10 4.22e-10 
1.17e-09 -1.17e-09 -4.84e-09 -3.38e-08 -2.06e-07 -1.09e-06 -5.01e-06 -1.99e-05 -6.84e-05 -2.05e-04 -5.41e-04 -1.27e-03 -2.71e-03 -5.31e-03 -9.63e-03 -1.62e-02 -2.52e-02 -3.61e-02 -4.81e-02 -5.99e-02 -7.03e-02 -7.92e-02 -8.77e-02 -9.82e-02 -1.14e-01 -1.40e-01 -1.82e-01 -2.51e-01 -3.58e-01 -5.02e-01 -6.22e-01 -5.02e-01 -3.58e-01 -2.51e-01 -1.82e-01 -1.40e-01 -1.14e-01 -9.82e-02 -8.77e-02 -7.92e-02 -7.03e-02 -5.99e-02 -4.81e-02 -3.61e-02 -2.52e-02 -1.62e-02 -9.63e-03 -5.31e-03 -2.71e-03 -1.27e-03 -5.41e-04 -2.05e-04 -6.84e-05 -1.99e-05 -5.01e-06 -1.09e-06 -2.06e-07 -3.38e-08 -4.77e-09 -5.23e-10 5.23e-10 
1.03e-09 -1.03e-09 -4.49e-09 -3.29e-08 -2.10e-07 -1.15e-06 -5.46e-06 -2.23e-05 -7.88e-05 -2.42e-04 -6.49e-04 -1.55e-03 -3.33e-03 -6.60e-03 -1.21e-02 -2.05e-02 -3.23e-02 -4.69e-02 -6.33e-02 -7.96e-02 -9.43e-02 -1.07e-01 -1.18e-01 -1.30e-01 -1.47e-01 -1.71e-01 -2.08e-01 -2.61e-01 -3.30e-01 -4.04e-01 -4.46e-01 -4.04e-01 -3.30e-01 -2.61e-01 -2.08e-01 -1.71e-01 -1.47e-01 -1.30e-01 -1.18e-01 -1.07e-01 -9.43e-02 -7.96e-02 -6.33e-02 -4.69e-02 -3.23e-02 -2.05e-02 -1.21e-02 -6.60e-03 -3.33e-03 -1.55e-03 -6.49e-04 -2.42e-04 -7.88e-05 -2.23e-05 -5.46e-06 -1.15e-06 -2.10e-07 -3.29e-08 -4.44e-09 -4.64e-10 4.64e-10 
6.93e-10 -6.93e-10 -3.26e-09 -2.56e-08 -1.73e-07 -1.00e-06 -4.97e-06 -2.12e-05 -7.76e-05 -2.45e-04 -6.77e-04 -1.65e-03 -3.60e-03 -7.21e-03 -1.34e-02 -2.31e-02 -3.68e-02 -5.43e-02 -7.43e-02 -9.51e-02 -1.14e-01 -1.31e-01 -1.45e-01 -1.58e-01 -1.73e-01 -1.94e-01 -2.23e-01 -2.60e-01 -3.02e-01 -3.41e-01 -3.59e-01 -3.41e-01 -3.02e-01 -2.60e-01 -2.23e-01 -1.94e-01 -1.73e-01 -1.58e-01 -1.45e-01 -1.31e-01 -1.14e-01 -9.51e-02 -7.43e-02 -5.43e-02 -3.68e-02 -2.31e-02 -1.34e-02 -7.21e-03 -3.60e-03 -1.65e-03 -6.77e-04 -2.45e-04 -7.76e-05 -2.12e-05 -4.97e-06 -1.00e-06 -1.73e-07 -2.56e-08 -3.22e-09 -3.15e-10 3.15e-10 
3.59e-10 -3.59e-10 -1.87e-09 -1.61e-08 -1.18e-07 -7.32e-07 -3.86e-06 -1.74e-05 -6.69e-05 -2.21e-04 -6.31e-04 -1.58e-03 -3.52e-03 -7.17e-03 -1.35e-02 -2.36e-02 -3.84e-02 -5.77e-02 -8.07e-02 -1.05e-01 -1.29e-01 -1.49e-01 -1.67e-01 -1.82e-01 -1.96e-01 -2.13e-01 -2.34e-01 -2.59e-01 -2.85e-01 -3.06e-01 -3.15e-01 -3.06e-01 -2.85e-01 -2.59e-01 -2.34e-01 -2.13e-01 -1.96e-01 -1.82e-01 -1.67e-01 -1.49e-01 -1.29e-01 -1.05e-01 -8.07e-02 -5.77e-02 -3.84e-02 -2.36e-02 -1.35e-02 -7.17e-03 -3.52e-03 -1.58e-03 -6.31e-04 -2.21e-04 -6.69e-05 -1.74e-05 -3.86e-06 -7.32e-07 -1.18e-07 -1.61e-08 -1.85e-09 -1.65e-10 1.65e-10 
1.42e-10 -1.42e-10 -8.39e-10 -8.13e-09 -6.60e-08 -4.49e-07 -2.57e-06 -1.24e-05 -5.10e-05 -1.78e-04 -5.31e-04 -1.38e-03 -3.16e-03 -6.56e-03 -1.26e-02 -2.25e-02 -3.72e-02 -5.71e-02 -8.17e-02 -1.09e-01 -1.36e-01 -1.61e-01 -1.83e-01 -2.00e-01 -2.16e-01 -2.31e-01 -2.46e-01 -2.62e-01 -2.78e-01 -2.90e-01 -2.95e-01 -2.90e-01 -2.78e-01 -2.62e-01 -2.46e-01 -2.31e-01 -2.16e-01 -2.00e-01 -1.83e-01 -1.61e-01 -1.36e-01 -1.09e-01 -8.17e-02 -5.71e-02 -3.72e-02 -2.25e-02 -1.26e-02 -6.56e-03 -3.16e-03 -1.38e-03 -5.31e-04 -1.78e-04 -5.10e-05 -1.24e-05 -2.57e-06 -4.49e-07 -6.60e-08 -8.13e-09 -8.34e-10 -6.59e-11 6.59e-11 
4.18e-11 -4.18e-11 -2.90e-10 -3.24e-09 -2.98e-08 -2.27e-07 -1.44e-06 -7.65e-06 -3.40e-05 -1.27e-04 -4.04e-04 -1.10e-03 -2.62e-03 -5.58e-03 -1.09e-02 -1.98e-02 -3.36e-02 -5.30e-02 -7.75e-02 -1.06e-01 -1.36e-01 -1.65e-01 -1.91e-01 -2.12e-01 -2.30e-01 -2.45e-01 -2.58e-01 -2.70e-01 -2.81e-01 -2.88e-01 -2.91e-01 -2.88e-01 -2.81e-01 -2.70e-01 -2.58e-01 -2.45e-01 -2.30e-01 -2.12e-01 -1.91e-01 -1.65e-01 -1.36e-01 -1.06e-01 -7.75e-02 -5.30e-02 -3.36e-02 -1.98e-02 -1.09e-02 -5.58e-03 -2.62e-03 -1.10e-03 -4.04e-04 -1.27e-04 -3.40e-05 -7.65e-06 -1.44e-06 -2.27e-07 -2.98e-08 -3.24e-09 -2.89e-10 -1.97e-11 1.97e-11 
9.08e-12 -9.08e-12 -7.58e-11 -9.99e-10 -1.07e-08 -9.32e-08 -6.69e-07 -3.97e-06 -1.96e-05 -8.03e-05 -2.76e-04 -8.00e-04 -2.00e-03 -4.40e-03 -8.81e-03 -1.64e-02 -2.84e-02 -4.59e-02 -6.90e-02 -9.70e-02 -1.28e-01 -1.59e-01 -1.89e-01 -2.14e-01 -2.36e-01 -2.53e-01 -2.67e-01 -2.78e-01 -2.87e-01 -2.92e-01 -2.94e-01 -2.92e-01 -2.87e-01 -2.78e-01 -2.67e-01 -2.53e-01 -2.36e-01 -2.14e-01 -1.89e-01 -1.59e-01 -1.28e-01 -9.70e-02 -6.90e-02 -4.59e-02 -2.84e-02 -1.64e-02 -8.81e-03 -4.40e-03 -2.00e-03 -8.00e-04 -2.76e-04 -8.03e-05 -1.96e-05 -3.97e-06 -6.69e-07 -9.32e-08 -1.07e-08 -9.99e-10 -7.55e-11 -4.33e-12 4.33e-12 
1.42e-12 -1.42e-12 -1.47e-11 -2.35e-10 -2.97e-09 -3.03e-08 -2.51e-07 -1.70e-06 -9.49e-06 -4.36e-05 -1.65e-04 -5.23e-04 -1.39e-03 -3.22e-03 -6.63e-03 -1.26e-02 -2.24e-02 -3.72e-02 -5.75e-02 -8.32e-02 -1.13e-01 -1.45e-01 -1.76e-01 -2.05e-01 -2.30e-01 -2.51e-01 -2.67e-01 -2.80e-01 -2.89e-01 -2.94e-01 -2.96e-01 -2.94e-01 -2.89e-01 -2.80e-01 -2.67e-01 -2.51e-01 -2.30e-01 -2.05e-01 -1.76e-01 -1.45e-01 -1.13e-01 -8.32e-02 -5.75e-02 -3.72e-02 -2.24e-02 -1.26e-02 -6.63e-03 -3.22e-03 -1.39e-03 -5.23e-04 -1.65e-04 -4.36e-05 -9.49e-06 -1.70e-06 -2.51e-07 -3.03e-08 -2.97e-09 -2.35e-10 -1.47e-11 -6.83e-13 6.83e-13 
1.54e-13 -1.54e-13 -2.07e-12 -4.11e-11 -6.32e-10 -7.68e-09 -7.47e-08 -5.89e-07 -3.78e-06 -1.98e-05 -8.50e-05 -3.00e-04 -8.77e-04 -2.16e-03 -4.65e-03 -9.06e-03 -1.65e-02 -2.82e-02 -4.48e-02 -6.65e-02 -9.31e-02 -1.23e-01 -1.54e-01 -1.84e-01 -2.11e-01 -2.35e-01 -2.54e-01 -2.69e-01 -2.79e-01 -2.85e-01 -2.88e-01 -2.85e-01 -2.79e-01 -2.69e-01 -2.54e-01 -2.35e-01 -2.11e-01 -1.84e-01 -1.54e-01 -1.23e-01 -9.31e-02 -6.65e-02 -4.48e-02 -2.82e-02 -1.65e-02 -9.06e-03 -4.65e-03 -2.16e-03 -8.77e-04 -3.00e-04 -8.50e-05 -1.98e-05 -3.78e-06 -5.89e-07 -7.47e-08 -7.68e-09 -6.32e-10 -4.11e-11 -2.06e-12 -7.50e-14 7.50e-14 
1.10e-14 -1.10e-14 -2.04e-13 -5.27e-12 -1.01e-10 -1.49e-09 -1.74e-08 -1.61e-07 -1.21e-06 -7.35e-06 -3.63e-05 -1.46e-04 -4.82e-04 -1.31e-03 -3.02e-03 -6.09e-03 -1.13e-02 -1.98e-02 -3.25e-02 -4.98e-02 -7.15e-02 -9.72e-02 -1.25e-01 -1.54e-01 -1.81e-01 -2.05e-01 -2.26e-01 -2.42e-01 -2.54e-01 -2.61e-01 -2.64e-01 -2.61e-01 -2.54e-01 -2.42e-01 -2.26e-01 -2.05e-01 -1.81e-01 -1.54e-01 -1.25e-01 -9.72e-02 -7.15e-02 -4.98e-02 -3.25e-02 -1.98e-02 -1.13e-02 -6.09e-03 -3.02e-03 -1.31e-03 -4.82e-04 -1.46e-04 -3.63e-05 -7.35e-06 -1.21e-06 -1.61e-07 -1.74e-08 -1.49e-09 -1.01e-10 -5.27e-12 -2.04e-13 -5.42e-15 5.42e-15 
4.65e-16 -4.65e-16 -1.34e-14 -4.77e-13 -1.19e-11 -2.20e-10 -3.11e-09 -3.47e-08 -3.08e-07 -2.19e-06 -1.26e-05 -5.90e-05 -2.23e-04 -6.90e-04 -1.76e-03 -3.81e-03 -7.29e-03 -1.30e-02 -2.18e-02 -3.45e-02 -5.11e-02 -7.14e-02 -9.46e-02 -1.19e-01 -1.44e-01 -1.67e-01 -1.87e-01 -2.03e-01 -2.15e-01 -2.22e-01 -2.25e-01 -2.22e-01 -2.15e-01 -2.03e-01 -1.87e-01 -1.67e-01 -1.44e-01 -1.19e-01 -9.46e-02 -7.14e-02 -5.11e-02 -3.45e-02 -2.18e-02 -1.30e-02 -7.29e-03 -3.81e-03 -1.76e-03 -6.90e-04 -2.23e-04 -5.90e-05 -1.26e-05 -2.19e-06 -3.08e-07 -3.47e-08 -3.11e-09 -2.20e-10 -1.19e-11 -4.77e-13 -1.34e-14 -2.31e-16 2.31e-16 
8.77e-18 -8.77e-18 -5.20e-16 -2.88e-14 -9.94e-13 -2.39e-11 -4.23e-10 -5.76e-09 -6.13e-08 -5.19e-07 -3.52e-06 -1.92e-05 -8.49e-05 -3.04e-04 -8.84e-04 -2.13e-03 -4.37e-03 -7.99e-03 -1.37e-02 -2.21e-02 -3.38e-02 -4.85e-02 -6.60e-02 -8.54e-02 -1.05e-01 -1.25e-01 -1.42e-01 -1.57e-01 -1.68e-01 -1.74e-01 -1.77e-01 -1.74e-01 -1.68e-01 -1.57e-01 -1.42e-01 -1.25e-01 -1.05e-01 -8.54e-02 -6.60e-02 -4.85e-02 -3.38e-02 -2.21e-02 -1.37e-02 -7.99e-03 -4.37e-03 -2.13e-03 -8.84e-04 -3.04e-04 -8.49e-05 -1.92e-05 -3.52e-06 -5.19e-07 -6.13e-08 -5.76e-09 -4.23e-10 -2.39e-11 -9.94e-13 -2.88e-14 -5.20e-16 -4.38e-18 4.38e-18 
-0.00e+00 0.00e+00 -9.08e-18 -1.04e-15 -5.57e-14 -1.85e-12 -4.27e-11 -7.28e-10 -9.47e-09 -9.64e-08 -7.78e-07 -5.02e-06 -2.60e-05 -1.09e-04 -3.68e-04 -1.01e-03 -2.32e-03 -4.56e-03 -8.04e-03 -1.33e-02 -2.07e-02 -3.05e-02 -4.25e-02 -5.63e-02 -7.11e-02 -8.58e-02 -9.95e-02 -1.11e-01 -1.20e-01 -1.26e-01 -1.28e-01 -1.26e-01 -1.20e-01 -1.11e-01 -9.95e-02 -8.58e-02 -7.11e-02 -5.63e-02 -4.25e-02 -3.05e-02 -2.07e-02 -1.33e-02 -8.04e-03 -4.56e-03 -2.32e-03 -1.01e-03 -3.68e-04 -1.09e-04 -2.60e-05 -5.02e-06 -7.78e-07 -9.64e-08 -9.47e-09 -7.28e-10 -4.27e-11 -1.85e-12 -5.57e-14 -1.04e-15 -9.08e-18 0.00e+00 -0.00e+00 
-0.00e+00 0.00e+00 0.00e+00 -1.69e-17 -1.87e-15 -9.67e-14 -3.09e-12 -6.85e-11 -1.12e-09 -1.39e-08 -1.35e-07 -1.04e-06 -6.37e-06 -3.13e-05 -1.24e-04 -3.98e-04 -1.05e-03 -2.29e-03 -4.34e-03 -7.41e-03 -1.18e-02 -1.78e-02 -2.54e-02 -3.43e-02 -4.42e-02 -5.43e-02 -6.40e-02 -7.24e-02 -7.90e-02 -8.32e-02 -8.46e-02 -8.32e-02 -7.90e-02 -7.24e-02 -6.40e-02 -5.43e-02 -4.42e-02 -3.43e-02 -2.54e-02 -1.78e-02 -1.18e-02 -7.41e-03 -4.34e-03 -2.29e-03 -1.05e-03 -3.98e-04 -1.24e-04 -3.13e-05 -6.37e-06 -1.04e-06 -1.35e-07 -1.39e-08 -1.12e-09 -6.85e-11 -3.09e-12 -9.67e-14 -1.87e-15 -1.69e-17 0.00e+00 0.00e+00 -0.00e+00 
-0.00e+00 0.00e+00 0.00e+00 0.00e+00 -2.86e-17 -3.05e-15 -1.51e-13 -4.65e-12 -9.88e-11 -1.54e-09 -1.83e-08 -1.70e-07 -1.24e-06 -7.22e-06 -3.37e-05 -1.26e-04 -3.86e-04 -9.66e-04 -2.04e-03 -3.74e-03 -6.23e-03 -9.65e-03 -1.41e-02 -1.94e-02 -2.54e-02 -3.17e-02 -3.79e-02 -4.34e-02 -4.77e-02 -5.05e-02 -5.15e-02 -5.05e-02 -4.77e-02 -4.34e-02 -3.79e-02 -3.17e-02 -2.54e-02 -1.94e-02 -1.41e-02 -9.65e-03 -6.23e-03 -3.74e-03 -2.04e-03 -9.66e-04 -3.86e-04 -1.26e-04 -3.37e-05 -7.22e-06 -1.24e-06 -1.70e-07 -1.83e-08 -1.54e-09 -9.88e-11 -4.65e-12 -1.51e-13 -3.05e-15 -2.86e-17 0.00e+00 0.00e+00 0.00e+00 -0.00e+00 
-0.00e+00 0.00e+00 0.00e+00 0.00e+00 0.00e+00 -4.37e-17 -4.49e-15 -2.14e-13 -6.30e-12 -1.28e-10 -1.91e-09 -2.17e-08 -1.91e-07 -1.32e-06 -7.30e-06 -3.23e-05 -1.15e-04 -3.34e-04 -8.01e-04 -1.63e-03 -2.92e-03 -4.74e-03 -7.14e-03 -1.01e-02 -1.35e-02 -1.72e-02 -2.08e-02 -2.40e-02 -2.66e-02 -2.83e-02 -2.89e-02 -2.83e-02 -2.66e-02 -2.40e-02 -2.08e-02 -1.72e-02 -1.35e-02 -1.01e-02 -7.14e-03 -4.74e-03 -2.92e-03 -1.63e-03 -8.01e-04 -3.34e-04 -1.15e-04 -3.23e-05 -7.30e-06 -1.32e-06 -1.91e-07 -2.17e-08 -1.91e-09 -1.28e-10 -6.30e-12 -2.14e-13 -4.49e-15 -4.37e-17 0.00e+00 0.00e+00 0.00e+00 0.00e+00 -0.00e+00 
-0.00e+00 0.00e+00 0.00e+00 0.00e+00 0.00e+00 0.00e+00 -6.08e-17 -5.99e-15 -2.74e-13 -7.71e-12 -1.50e-10 -2.13e-09 -2.30e-08 -1.92e-07 -1.26e-06 -6.59e-06 -2.76e-05 -9.32e-05 -2.58e-04 -5.94e-04 -1.17e-03 -2.04e-03 -3.24e-03 -4.76e-03 -6.54e-03 -8.48e-03 -1.04e-02 -1.22e-02 -1.37e-02 -1.46e-02 -1.49e-02 -1.46e-02 -1.37e-02 -1.22e-02 -1.04e-02 -8.48e-03 -6.54e-03 -4.76e-03 -3.24e-03 -2.04e-03 -1.17e-03 -5.94e-04 -2.58e-04 -9.32e-05 -2.76e-05 -6.59e-06 -1.26e-06 -1.92e-07 -2.30e-08 -2.13e-09 -1.50e-10 -7.71e-12 -2.74e-13 -5.99e-15 -6.08e-17 0.00e+00 0.00e+00 0.00e+00 0.00e+00 0.00e+00 -0.00e+00 
-0.00e+00 0.00e+00 0.00e+00 0.00e+00 0.00e+00 0.00e+00 0.00e+00 -7.67e-17 -7.25e-15 -3.17e-13 -8.54e-12 -1.58e-10 -2.14e-09 -2.19e-08 -1.73e-07 -1.08e-06 -5.32e-06 -2.10e-05 -6.73e-05 -1.77e-04 -3.92e-04 -7.50e-04 -1.27e-03 -1.97e-03 -2.82e-03 -3.76e-03 -4.73e-03 -5.63e-03 -6.36e-03 -6.84e-03 -7.00e-03 -6.84e-03 -6.36e-03 -5.63e-03 -4.73e-03 -3.76e-03 -2.82e-03 -1.97e-03 -1.27e-03 -7.50e-04 -3.92e-04 -1.77e-04 -6.73e-05 -2.10e-05 -5.32e-06 -1.08e-06 -1.73e-07 -2.19e-08 -2.14e-09 -1.58e-10 -8.54e-12 -3.17e-13 -7.25e-15 -7.67e-17 0.00e+00 0.00e+00 0.00e+00 0.00e+00 0.00e+00 0.00e+00 -0.00e+00 
-0.00e+00 0.00e+00 0.00e+00 0.00e+00 0.00e+00 0.00e+00 0.00e+00 0.00e+00 -8.83e-17 -7.98e-15 -3.34e-13 -8.56e-12 -1.51e-10 -1.93e-09 -1.87e-08 -1.40e-07 -8.21e-07 -3.82e-06 -1.43e-05 -4.32e-05 -1.08e-04 -2.30e-04 -4.26e-04 -7.02e-04 -1.06e-03 -1.47e-03 -1.90e-03 -2.30e-03 -2.64e-03 -2.86e-03 -2.94e-03 -2.86e-03 -2.64e-03 -2.30e-03 -1.90e-03 -1.47e-03 -1.06e-03 -7.02e-04 -4.26e-04 -2.30e-04 -1.08e-04 -4.32e-05 -1.43e-05 -3.82e-06 -8.21e-07 -1.40e-07 -1.87e-08 -1.93e-09 -1.51e-10 -8.56e-12 -3.34e-13 -7.98e-15 -8.83e-17 0.00e+00 0.00e+00 0.00e+00 0.00e+00 0.00e+00 0.00e+00 0.00e+00 -0.00e+00 
-0.00e+00 0.00e+00 0.00e+00 0.00e+00 0.00e+00 0.00e+00 0.00e+00 0.00e+00 0.00e+00 -9.25e-17 -7.99e-15 -3.18e-13 -7.76e-12 -1.30e-10 -1.57e-09 -1.44e-08 -1.01e-07 -5.59e-07 -2.44e-06 -8.59e-06 -2.46e-05 -5.87e-05 -1.19e-04 -2.13e-04 -3.39e-04 -4.94e-04 -6.61e-04 -8.24e-04 -9.61e-04 -1.05e-03 -1.08e-03 -1.05e-03 -9.61e-04 -8.24e-04 -6.61e-04 -4.94e-04 -3.39e-04 -2.13e-04 -1.19e-04 -5.87e-05 -2.46e-05 -8.59e-06 -2.44e-06 -5.59e-07 -1.01e-07 -1.44e-08 -1.57e-09 -1.30e-10 -7.76e-12 -3.18e-13 -7.99e-15 -9.25e-17 0.00e+00 0.00e+00 0.00e+00 0.00e+00 0.00e+00 0.00e+00 0.00e+00 0.00e+00 -0.00e+00 
-0.00e+00 0.00e+00 0.00e+00 0.00e+00 0.00e+00 0.00e+00 0.00e+00 0.00e+00 0.00e+00 0.00e+00 -8.83e-17 -7.26e-15 -2.75e-13 -6.36e-12 -1.00e-10 -1.15e-09 -9.90e-09 -6.54e-08 -3.38e-07 -1.39e-06 -4.57e-06 -1.24e-05 -2.80e-05 -5.43e-05 -9.28e-05 -1.42e-04 -1.99e-04 -2.55e-04 -3.04e-04 -3.37e-04 -3.48e-04 -3.37e-04 -3.04e-04 -2.55e-04 -1.99e-04 -1.42e-04 -9.28e-05 -5.43e-05 -2.80e-05 -1.24e-05 -4.57e-06 -1.39e-06 -3.38e-07 -6.54e-08 -9.90e-09 -1.15e-09 -1.00e-10 -6.36e-12 -2.75e-13 -7.26e-15 -8.83e-17 0.00e+00 0.00e+00 0.00e+00 0.00e+00 0.00e+00 0.00e+00 0.00e+00 0.00e+00 0.00e+00 -0.00e+00 
-0.00e+00 0.00e+00 0.00e+00 0.00e+00 0.00e+00 0.00e+00 0.00e+00 0.00e+00 0.00e+00 0.00e+00 0.00e+00 -7.67e-17 -6.00e-15 -2.16e-13 -4.71e-12 -7.01e-11 -7.55e-10 -6.09e-09 -3.76e-08 -1.82e-07 -6.96e-07 -2.15e-06 -5.45e-06 -1.17e-05 -2.15e-05 -3.51e-05 -5.13e-05 -6.81e-05 -8.30e-05 -9.32e-05 -9.69e-05 -9.32e-05 -8.30e-05 -6.81e-05 -5.13e-05 -3.51e-05 -2.15e-05 -1.17e-05 -5.45e-06 -2.15e-06 -6.96e-07 -1.82e-07 -3.76e-08 -6.09e-09 -7.55e-10 -7.01e-11 -4.71e-12 -2.16e-13 -6.00e-15 -7.67e-17 0.00e+00 0.00e+00 0.00e+00 0.00e+00 0.00e+00 0.00e+00 0.00e+00 0.00e+00 0.00e+00 0.00e+00 -0.00e+00 
-0.00e+00 0.00e+00 0.00e+00 0.00e+00 0.00e+00 0.00e+00 0.00e+00 0.00e+00 0.00e+00 0.00e+00 0.00e+00 0.00e+00 -6.08e-17 -4.50e-15 -1.53e-13 -3.15e-12 -4.40e-11 -4.44e-10 -3.34e-09 -1.92e-08 -8.63e-08 -3.07e-07 -8.83e-07 -2.10e-06 -4.22e-06 -7.35e-06 -1.13e-05 -1.56e-05 -1.95e-05 -2.23e-05 -2.33e-05 -2.23e-05 -1.95e-05 -1.56e-05 -1.13e-05 -7.35e-06 -4.22e-06 -2.10e-06 -8.83e-07 -3.07e-07 -8.63e-08 -1.92e-08 -3.34e-09 -4.44e-10 -4.40e-11 -3.15e-12 -1.53e-13 -4.50e-15 -6.08e-17 0.00e+00 0.00e+00 0.00e+00 0.00e+00 0.00e+00 0.00e+00 0.00e+00 0.00e+00 0.00e+00 0.00e+00 0.00e+00 -0.00e+00 
-0.00e+00 0.00e+00 0.00e+00 0.00e+00 0.00e+00 0.00e+00 0.00e+00 0.00e+00 0.00e+00 0.00e+00 0.00e+00 0.00e+00 0.00e+00 -4.37e-17 -3.06e-15 -9.79e-14 -1.89e-12 -2.48e-11 -2.33e-10 -1.63e-09 -8.67e-09 -3.60e-08 -1.19e-07 -3.16e-07 -6.99e-07 -1.31e-06 -2.14e-06 -3.08e-06 -3.97e-06 -4.61e-06 -4.84e-06 -4.61e-06 -3.97e-06 -3.08e-06 -2.14e-06 -1.31e-06 -6.99e-07 -3.16e-07 -1.19e-07 -3.60e-08 -8.67e-09 -1.63e-09 -2.33e-10 -2.48e-11 -1.89e-12 -9.79e-14 -3.06e-15 -4.37e-17 0.00e+00 0.00e+00 0.00e+00 0.00e+00 0.00e+00 0.00e+00 0.00e+00 0.00e+00 0.00e+00 0.00e+00 0.00e+00 0.00e+00 -0.00e+00 
-0.00e+00 0.00e+00 0.00e+00 0.00e+00 0.00e+00 0.00e+00 0.00e+00 0.00e+00 0.00e+00 0.00e+00 0.00e+00 0.00e+00 0.00e+00 0.00e+00 -2.86e-17 -1.89e-15 -5.65e-14 -1.02e-12 -1.24e-11 -1.08e-10 -7.00e-10 -3.44e-09 -1.31e-08 -3.97e-08 -9.75e-08 -1.99e-07 -3.47e-07 -5.23e-07 -6.96e-07 -8.23e-07 -8.70e-07 -8.23e-07 -6.96e-07 -5.23e-07 -3.47e-07 -1.99e-07 -9.75e-08 -3.97e-08 -1.31e-08 -3.44e-09 -7.00e-10 -1.08e-10 -1.24e-11 -1.02e-12 -5.65e-14 -1.89e-15 -2.86e-17 0.00e+00 0.00e+00 0.00e+00 0.00e+00 0.00e+00 0.00e+00 0.00e+00 0.00e+00 0.00e+00 0.00e+00 0.00e+00 0.00e+00 0.00e+00 -0.00e+00 
-0.00e+00 0.00e+00 0.00e+00 0.00e+00 0.00e+00 0.00e+00 0.00e+00 0.00e+00 0.00e+00 0.00e+00 0.00e+00 0.00e+00 0.00e+00 0.00e+00 0.00e+00 -1.69e-17 -1.05e-15 -2.94e-14 -4.93e-13 -5.56e-12 -4.46e-11 -2.64e-10 -1.19e-09 -4.14e-09 -1.14e-08 -2.57e-08 -4.80e-08 -7.65e-08 -1.05e-07 -1.27e-07 -1.36e-07 -1.27e-07 -1.05e-07 -7.65e-08 -4.80e-08 -2.57e-08 -1.14e-08 -4.14e-09 -1.19e-09 -2.64e-10 -4.46e-11 -5.56e-12 -4.93e-13 -2.94e-14 -1.05e-15 -1.69e-17 0.00e+00 0.00e+00 0.00e+00 0.00e+00 0.00e+00 0.00e+00 0.00e+00 0.00e+00 0.00e+00 0.00e+00 0.00e+00 0.00e+00 0.00e+00 0.00e+00 -0.00e+00 
-0.00e+00 0.00e+00 0.00e+00 0.00e+00 0.00e+00 0.00e+00 0.00e+00 0.00e+00 0.00e+00 0.00e+00 0.00e+00 0.00e+00 0.00e+00 0.00e+00 0.00e+00 0.00e+00 -9.08e-18 -5.24e-16 -1.36e-14 -2.12e-13 -2.20e-12 -1.62e-11 -8.74e-11 -3.56e-10 -1.12e-09 -2.81e-09 -5.72e-09 -9.70e-09 -1.39e-08 -1.73e-08 -1.85e-08 -1.73e-08 -1.39e-08 -9.70e-09 -5.72e-09 -2.81e-09 -1.12e-09 -3.56e-10 -8.74e-11 -1.62e-11 -2.20e-12 -2.12e-13 -1.36e-14 -5.24e-16 -9.08e-18 0.00e+00 0.00e+00 0.00e+00 0.00e+00 0.00e+00 0.00e+00 0.00e+00 0.00e+00 0.00e+00 0.00e+00 0.00e+00 0.00e+00 0.00e+00 0.00e+00 0.00e+00 -0.00e+00 
-0.00e+00 0.00e+00 0.00e+00 0.00e+00 0.00e+00 0.00e+00 0.00e+00 0.00e+00 0.00e+00 0.00e+00 0.00e+00 0.00e+00 0.00e+00 0.00e+00 0.00e+00 0.00e+00 0.00e+00 -8.77e-18 -4.70e-16 -1.13e-14 -1.61e-13 -1.53e-12 -1.02e-11 -4.96e-11 -1.81e-10 -5.11e-10 -1.14e-09 -2.07e-09 -3.12e-09 -3.96e-09 -4.28e-09 -3.96e-09 -3.12e-09 -2.07e-09 -1.14e-09 -5.11e-10 -1.81e-10 -4.96e-11 -1.02e-11 -1.53e-12 -1.61e-13 -1.13e-14 -4.70e-16 -8.77e-18 0.00e+00 0.00e+00 0.00e+00 0.00e+00 0.00e+00 0.00e+00 0.00e+00 0.00e+00 0.00e+00 0.00e+00 0.00e+00 0.00e+00 0.00e+00 0.00e+00 0.00e+00 0.00e+00 -0.00e+00 
0.00e+00 -0.00e+00 -0.00e+00 -0.00e+00 -0.00e+00 -0.00e+00 -0.00e+00 -0.00e+00 -0.00e+00 -0.00e+00 -0.00e+00 -0.00e+00 -0.00e+00 -0.00e+00 -0.00e+00 -0.00e+00 -0.00e+00 8.77e-18 4.70e-16 1.13e-14 1.61e-13 1.53e-12 1.02e-11 4.96e-11 1.81e-10 5.11e-10 1.14e-09 2.07e-09 3.12e-09 3.96e-09 4.28e-09 3.96e-09 3.12e-09 2.07e-09 1.14e-09 5.11e-10 1.81e-10 4.96e-11 1.02e-11 1.53e-12 1.61e-13 1.13e-14 4.70e-16 8.77e-18 -0.00e+00 -0.00e+00 -0.00e+00 -0.00e+00 -0.00e+00 -0.00e+00 -0.00e+00 -0.00e+00 -0.00e+00 -0.00e+00 -0.00e+00 -0.00e+00 -0.00e+00 -0.00e+00 -0.00e+00 -0.00e+00 0.00e+00 
