0.00e+00 -0.00e+00 -0.00e+00 -0.00e+00 -0.00e+00 -0.00e+00 -0.00e+00 -0.00e+00 -0.00e+00 -0.00e+00 -0.00e+00 -0.00e+00 -0.00e+00 -0.00e+00 -0.00e+00 -0.00e+00 -0.00e+00 -0.00e+00 -0.00e+00 -0.00e+00 -0.00e+00 -0.00e+00 -0.00e+00 -0.00e+00 -0.00e+00 -0.00e+00 -0.00e+00 -0.00e+00 -0.00e+00 -0.00e+00 0.00e+00 
-0.00e+00 0.00e+00 0.00e+00 0.00e+00 0.00e+00 0.00e+00 0.00e+00 0.00e+00 0.00e+00 0.00e+00 0.00e+00 0.00e+00 0.00e+00 0.00e+00 0.00e+00 0.00e+00 0.00e+00 0.00e+00 0.00e+00 0.00e+00 0.00e+00 0.00e+00 0.00e+00 0.00e+00 0.00e+00 0.00e+00 0.00e+00 0.00e+00 0.00e+00 0.00e+00 -0.00e+00 
-0.00e+00 0.00e+00 0.00e+00 0.00e+00 0.00e+00 0.00e+00 0.00e+00 0.00e+00 0.00e+00 0.00e+00 0.00e+00 0.00e+00 0.00e+00 0.00e+00 0.00e+00 1.15e-10 0.00e+00 0.00e+00 0.00e+00 0.00e+00 0.00e+00 0.00e+00 0.00e+00 0.00e+00 0.00e+00 0.00e+00 0.00e+00 0.00e+00 0.00e+00 0.00e+00 -0.00e+00 
-0.00e+00 0.00e+00 0.00e+00 0.00e+00 0.00e+00 0.00e+00 0.00e+00 0.00e+00 0.00e+00 0.00e+00 0.00e+00 0.00e+00 0.00e+00 0.00e+00 1.38e-09 5.68e-09 1.38e-09 0.00e+00 0.00e+00 0.00e+00 0.00e+00 0.00e+00 0.00e+00 0.00e+00 0.00e+00 0.00e+00 0.00e+00 0.00e+00 0.00e+00 0.00e+00 -0.00e+00 
-0.00e+00 0.00e+00 0.00e+00 0.00e+00 0.00e+00 0.00e+00 0.00e+00 0.00e+00 0.00e+00 0.00e+00 0.00e+00 0.00e+00 0.00e+00 7.60e-09 6.23e-08 1.26e-07 6.23e-08 7.60e-09 0.00e+00 0.00e+00 0.00e+00 0.00e+00 0.00e+00 0.00e+00 0.00e+00 0.00e+00 0.00e+00 0.00e+00 0.00e+00 0.00e+00 -0.00e+00 
-0.00e+00 0.00e+00 0.00e+00 0.00e+00 0.00e+00 0.00e+00 0.00e+00 0.00e+00 0.00e+00 0.00e+00 0.00e+00 0.00e+00 2.53e-08 3.11e-07 1.18e-06 1.65e-06 1.18e-06 3.11e-07 2.53e-08 0.00e+00 0.00e+00 0.00e+00 0.00e+00 0.00e+00 0.00e+00 0.00e+00 0.00e+00 0.00e+00 0.00e+00 0.00e+00 -0.00e+00 
-0.00e+00 0.00e+00 0.00e+00 0.00e+00 0.00e+00 0.00e+00 0.00e+00 0.00e+00 0.00e+00 0.00e+00 0.00e+00 5.70e-08 9.30e-07 5.15e-06 1.20e-05 1.42e-05 1.20e-05 5.15e-06 9.30e-07 5.70e-08 0.00e+00 0.00e+00 0.00e+00 0.00e+00 0.00e+00 0.00e+00 0.00e+00 0.00e+00 0.00e+00 0.00e+00 -0.00e+00 
-0.00e+00 0.00e+00 0.00e+00 0.00e+00 0.00e+00 0.00e+00 0.00e+00 0.00e+00 0.00e+00 0.00e+00 9.12e-08 1.85e-06 1.35e-05 4.41e-05 7.23e-05 8.07e-05 7.23e-05 4.41e-05 1.35e-05 1.85e-06 9.12e-08 0.00e+00 0.00e+00 0.00e+00 0.00e+00 0.00e+00 0.00e+00 0.00e+00 0.00e+00 0.00e+00 -0.00e+00 
-0.00e+00 0.00e+00 0.00e+00 0.00e+00 0.00e+00 0.00e+00 0.00e+00 0.00e+00 0.00e+00 1.06e-07 2.58e-06 2.33e-05 9.77e-05 2.05e-04 2.58e-04 2.88e-04 2.58e-04 2.05e-04 9.77e-05 2.33e-05 2.58e-06 1.06e-07 0.00e+00 0.00e+00 0.00e+00 0.00e+00 0.00e+00 0.00e+00 0.00e+00 0.00e+00 -0.00e+00 
-0.00e+00 0.00e+00 0.00e+00 0.00e+00 0.00e+00 0.00e+00 0.00e+00 0.00e+00 9.12e-08 2.57e-06 2.75e-05 1.41e-04 3.60e-04 4.88e-04 5.23e-04 5.72e-04 5.23e-04 4.88e-04 3.60e-04 1.41e-04 2.75e-05 2.57e-06 9.12e-08 0.00e+00 0.00e+00 0.00e+00 0.00e+00 0.00e+00 0.00e+00 0.00e+00 -0.00e+00 
-0.00e+00 0.00e+00 0.00e+00 0.00e+00 0.00e+00 0.00e+00 0.00e+00 5.70e-08 1.82e-06 2.25e-05 1.36e-04 4.12e-04 6.00e-04 4.95e-04 5.48e-04 4.89e-04 5.48e-04 4.95e-04 6.00e-04 4.12e-04 1.36e-04 2.25e-05 1.82e-06 5.70e-08 0.00e+00 0.00e+00 0.00e+00 0.00e+00 0.00e+00 0.00e+00 -0.00e+00 
-0.00e+00 0.00e+00 0.00e+00 0.00e+00 0.00e+00 0.00e+00 2.53e-08 8.98e-07 1.26e-05 8.70e-05 3.06e-04 4.94e-04 2.79e-04 1.87e-04 2.85e-04 1.62e-04 2.85e-04 1.87e-04 2.79e-04 4.94e-04 3.06e-04 8.70e-05 1.26e-05 8.98e-07 2.53e-08 0.00e+00 0.00e+00 0.00e+00 0.00e+00 0.00e+00 -0.00e+00 
-0.00e+00 0.00e+00 0.00e+00 0.00e+00 0.00e+00 7.60e-09 2.93e-07 4.52e-06 3.51e-05 1.42e-04 2.70e-04 1.65e-04 7.29e-05 3.34e-04 2.64e-04 5.03e-04 2.64e-04 3.34e-04 7.29e-05 1.65e-04 2.70e-04 1.42e-04 3.51e-05 4.52e-06 2.93e-07 7.60e-09 0.00e+00 0.00e+00 0.00e+00 0.00e+00 -0.00e+00 
-0.00e+00 0.00e+00 0.00e+00 0.00e+00 1.38e-09 5.61e-08 9.21e-07 7.80e-06 3.60e-05 8.88e-05 1.23e-04 1.76e-04 2.75e-04 2.04e-04 4.39e-04 7.23e-04 4.39e-04 2.04e-04 2.75e-04 1.76e-04 1.23e-04 8.88e-05 3.60e-05 7.80e-06 9.21e-07 5.61e-08 1.38e-09 0.00e+00 0.00e+00 0.00e+00 -0.00e+00 
-0.00e+00 0.00e+00 0.00e+00 1.15e-10 4.41e-09 6.77e-08 5.46e-07 2.74e-06 1.11e-05 4.12e-05 9.07e-05 3.21e-05 -9.15e-05 1.47e-04 4.31e-04 1.45e-03 4.31e-04 1.47e-04 -9.15e-05 3.21e-05 9.07e-05 4.12e-05 1.11e-05 2.74e-06 5.46e-07 6.77e-08 4.41e-09 1.15e-10 0.00e+00 0.00e+00 -0.00e+00 
-0.00e+00 0.00e+00 0.00e+00 -1.15e-10 -4.41e-09 -6.77e-08 -5.46e-07 -2.74e-06 -1.11e-05 -4.12e-05 -9.07e-05 -3.21e-05 9.15e-05 -1.47e-04 -4.31e-04 -1.45e-03 -4.31e-04 -1.47e-04 9.15e-05 -3.21e-05 -9.07e-05 -4.12e-05 -1.11e-05 -2.74e-06 -5.46e-07 -6.77e-08 -4.41e-09 -1.15e-10 0.00e+00 0.00e+00 -0.00e+00 
-0.00e+00 0.00e+00 0.00e+00 0.00e+00 -1.38e-09 -5.61e-08 -9.21e-07 -7.80e-06 -3.60e-05 -8.88e-05 -1.23e-04 -1.76e-04 -2.75e-04 -2.04e-04 -4.39e-04 -7.23e-04 -4.39e-04 -2.04e-04 -2.75e-04 -1.76e-04 -1.23e-04 -8.88e-05 -3.60e-05 -7.80e-06 -9.21e-07 -5.61e-08 -1.38e-09 0.00e+00 0.00e+00 0.00e+00 -0.00e+00 
-0.00e+00 0.00e+00 0.00e+00 0.00e+00 0.00e+00 -7.60e-09 -2.93e-07 -4.52e-06 -3.51e-05 -1.42e-04 -2.70e-04 -1.65e-04 -7.29e-05 -3.34e-04 -2.64e-04 -5.03e-04 -2.64e-04 -3.34e-04 -7.29e-05 -1.65e-04 -2.70e-04 -1.42e-04 -3.51e-05 -4.52e-06 -2.93e-07 -7.60e-09 0.00e+00 0.00e+00 0.00e+00 0.00e+00 -0.00e+00 
-0.00e+00 0.00e+00 0.00e+00 0.00e+00 0.00e+00 0.00e+00 -2.53e-08 -8.98e-07 -1.26e-05 -8.70e-05 -3.06e-04 -4.94e-04 -2.79e-04 -1.87e-04 -2.85e-04 -1.62e-04 -2.85e-04 -1.87e-04 -2.79e-04 -4.94e-04 -3.06e-04 -8.70e-05 -1.26e-05 -8.98e-07 -2.53e-08 0.00e+00 0.00e+00 0.00e+00 0.00e+00 0.00e+00 -0.00e+00 
-0.00e+00 0.00e+00 0.00e+00 0.00e+00 0.00e+00 0.00e+00 0.00e+00 -5.70e-08 -1.82e-06 -2.25e-05 -1.36e-04 -4.12e-04 -6.00e-04 -4.95e-04 -5.48e-04 -4.89e-04 -5.48e-04 -4.95e-04 -6.00e-04 -4.12e-04 -1.36e-04 -2.25e-05 -1.82e-06 -5.70e-08 0.00e+00 0.00e+00 0.00e+00 0.00e+00 0.00e+00 0.00e+00 -0.00e+00 
-0.00e+00 0.00e+00 0.00e+00 0.00e+00 0.00e+00 0.00e+00 0.00e+00 0.00e+00 -9.12e-08 -2.57e-06 -2.75e-05 -1.41e-04 -3.60e-04 -4.88e-04 -5.23e-04 -5.72e-04 -5.23e-04 -4.88e-04 -3.60e-04 -1.41e-04 -2.75e-05 -2.57e-06 -9.12e-08 0.00e+00 0.00e+00 0.00e+00 0.00e+00 0.00e+00 0.00e+00 0.00e+00 -0.00e+00 
-0.00e+00 0.00e+00 0.00e+00 0.00e+00 0.00e+00 0.00e+00 0.00e+00 0.00e+00 0.00e+00 -1.06e-07 -2.58e-06 -2.33e-05 -9.77e-05 -2.05e-04 -2.58e-04 -2.88e-04 -2.58e-04 -2.05e-04 -9.77e-05 -2.33e-05 -2.58e-06 -1.06e-07 0.00e+00 0.00e+00 0.00e+00 0.00e+00 0.00e+00 0.00e+00 0.00e+00 0.00e+00 -0.00e+00 
-0.00e+00 0.00e+00 0.00e+00 0.00e+00 0.00e+00 0.00e+00 0.00e+00 0.00e+00 0.00e+00 0.00e+00 -9.12e-08 -1.85e-06 -1.35e-05 -4.41e-05 -7.23e-05 -8.07e-05 -7.23e-05 -4.41e-05 -1.35e-05 -1.85e-06 -9.12e-08 0.00e+00 0.00e+00 0.00e+00 0.00e+00 0.00e+00 0.00e+00 0.00e+00 0.00e+00 0.00e+00 -0.00e+00 
-0.00e+00 0.00e+00 0.00e+00 0.00e+00 0.00e+00 0.00e+00 0.00e+00 0.00e+00 0.00e+00 0.00e+00 0.00e+00 -5.70e-08 -9.30e-07 -5.15e-06 -1.20e-05 -1.42e-05 -1.20e-05 -5.15e-06 -9.30e-07 -5.70e-08 0.00e+00 0.00e+00 0.00e+00 0.00e+00 0.00e+00 0.00e+00 0.00e+00 0.00e+00 0.00e+00 0.00e+00 -0.00e+00 
-0.00e+00 0.00e+00 0.00e+00 0.00e+00 0.00e+00 0.00e+00 0.00e+00 0.00e+00 0.00e+00 0.00e+00 0.00e+00 0.00e+00 -2.53e-08 -3.11e-07 -1.18e-06 -1.65e-06 -1.18e-06 -3.11e-07 -2.53e-08 0.00e+00 0.00e+00 0.00e+00 0.00e+00 0.00e+00 0.00e+00 0.00e+00 0.00e+00 0.00e+00 0.00e+00 0.00e+00 -0.00e+00 
-0.00e+00 0.00e+00 0.00e+00 0.00e+00 0.00e+00 0.00e+00 0.00e+00 0.00e+00 0.00e+00 0.00e+00 0.00e+00 0.00e+00 0.00e+00 -7.60e-09 -6.23e-08 -1.26e-07 -6.23e-08 -7.60e-09 0.00e+00 0.00e+00 0.00e+00 0.00e+00 0.00e+00 0.00e+00 0.00e+00 0.00e+00 0.00e+00 0.00e+00 0.00e+00 0.00e+00 -0.00e+00 
-0.00e+00 0.00e+00 0.00e+00 0.00e+00 0.00e+00 0.00e+00 0.00e+00 0.00e+00 0.00e+00 0.00e+00 0.00e+00 0.00e+00 0.00e+00 0.00e+00 -1.38e-09 -5.68e-09 -1.38e-09 0.00e+00 0.00e+00 0.00e+00 0.00e+00 0.00e+00 0.00e+00 0.00e+00 0.00e+00 0.00e+00 0.00e+00 0.00e+00 0.00e+00 0.00e+00 -0.00e+00 
-0.00e+00 0.00e+00 0.00e+00 0.00e+00 0.00e+00 0.00e+00 0.00e+00 0.00e+00 0.00e+00 0.00e+00 0.00e+00 0.00e+00 0.00e+00 0.00e+00 0.00e+00 -1.15e-10 0.00e+00 0.00e+00 0.00e+00 0.00e+00 0.00e+00 0.00e+00 0.00e+00 0.00e+00 0.00e+00 0.00e+00 0.00e+00 0.00e+00 0.00e+00 0.00e+00 -0.00e+00 
-0.00e+00 0.00e+00 0.00e+00 0.00e+00 0.00e+00 0.00e+00 0.00e+00 0.00e+00 0.00e+00 0.00e+00 0.00e+00 0.00e+00 0.00e+00 0.00e+00 0.00e+00 0.00e+00 0.00e+00 0.00e+00 0.00e+00 0.00e+00 0.00e+00 0.00e+00 0.00e+00 0.00e+00 0.00e+00 0.00e+00 0.00e+00 0.00e+00 0.00e+00 0.00e+00 -0.00e+00 
-0.00e+00 0.00e+00 0.00e+00 0.00e+00 0.00e+00 0.00e+00 0.00e+00 0.00e+00 0.00e+00 0.00e+00 0.00e+00 0.00e+00 0.00e+00 0.00e+00 0.00e+00 0.00e+00 0.00e+00 0.00e+00 0.00e+00 0.00e+00 0.00e+00 0.00e+00 0.00e+00 0.00e+00 0.00e+00 0.00e+00 0.00e+00 0.00e+00 0.00e+00 0.00e+00 -0.00e+00 
0.00e+00 -0.00e+00 -0.00e+00 -0.00e+00 -0.00e+00 -0.00e+00 -0.00e+00 -0.00e+00 -0.00e+00 -0.00e+00 -0.00e+00 -0.00e+00 -0.00e+00 -0.00e+00 -0.00e+00 -0.00e+00 -0.00e+00 -0.00e+00 -0.00e+00 -0.00e+00 -0.00e+00 -0.00e+00 -0.00e+00 -0.00e+00 -0.00e+00 -0.00e+00 -0.00e+00 -0.00e+00 -0.00e+00 -0.00e+00 0.00e+00 
