1.60e-09 -1.60e-09 -1.32e-08 -1.40e-07 -1.02e-06 -5.17e-06 -1.84e-05 -4.61e-05 -8.21e-05 -1.09e-04 -1.21e-04 -1.23e-04 -1.16e-04 -1.08e-04 -1.01e-04 -9.81e-05 -1.01e-04 -1.08e-04 -1.16e-04 -1.23e-04 -1.21e-04 -1.09e-04 -8.21e-05 -4.61e-05 -1.84e-05 -5.17e-06 -1.02e-06 -1.40e-07 -1.31e-08 -7.73e-10 7.73e-10 
-1.60e-09 1.60e-09 1.32e-08 1.40e-07 1.02e-06 5.17e-06 1.84e-05 4.61e-05 8.21e-05 1.09e-04 1.21e-04 1.23e-04 1.16e-04 1.08e-04 1.01e-04 9.81e-05 1.01e-04 1.08e-04 1.16e-04 1.23e-04 1.21e-04 1.09e-04 8.21e-05 4.61e-05 1.84e-05 5.17e-06 1.02e-06 1.40e-07 1.31e-08 7.73e-10 -7.73e-10 
-2.59e-08 2.59e-08 1.53e-07 1.23e-06 7.04e-06 2.85e-05 8.20e-05 1.66e-04 2.43e-04 2.76e-04 2.76e-04 2.55e-04 2.20e-04 1.93e-04 1.70e-04 1.66e-04 1.70e-04 1.93e-04 2.20e-04 2.55e-04 2.76e-04 2.76e-04 2.43e-04 1.66e-04 8.20e-05 2.85e-05 7.04e-06 1.23e-06 1.52e-07 1.22e-08 -1.22e-08 
-2.59e-07 2.59e-07 1.14e-06 6.94e-06 3.04e-05 9.41e-05 2.02e-04 2.97e-04 3.08e-04 2.64e-04 2.15e-04 1.50e-04 1.05e-04 7.19e-05 5.10e-05 4.72e-05 5.10e-05 7.19e-05 1.05e-04 1.50e-04 2.15e-04 2.64e-04 3.08e-04 2.97e-04 2.02e-04 9.41e-05 3.04e-05 6.94e-06 1.13e-06 1.19e-07 -1.19e-07 
-1.76e-06 1.76e-06 5.91e-06 2.74e-05 9.10e-05 2.07e-04 3.07e-04 2.78e-04 1.59e-04 9.11e-05 4.03e-05 2.55e-06 1.43e-05 -1.39e-06 1.90e-05 4.96e-06 1.90e-05 -1.39e-06 1.43e-05 2.55e-06 4.03e-05 9.11e-05 1.59e-04 2.78e-04 3.07e-04 2.07e-04 9.10e-05 2.74e-05 5.80e-06 7.84e-07 -7.84e-07 
-8.24e-06 8.24e-06 2.15e-05 7.49e-05 1.83e-04 2.83e-04 2.35e-04 6.01e-05 5.31e-07 3.97e-05 2.76e-05 9.32e-05 1.13e-04 1.29e-04 1.54e-04 1.40e-04 1.54e-04 1.29e-04 1.13e-04 9.32e-05 2.76e-05 3.97e-05 5.31e-07 6.01e-05 2.35e-04 2.83e-04 1.83e-04 7.48e-05 2.08e-05 3.54e-06 -3.54e-06 
-2.69e-05 2.69e-05 5.46e-05 1.39e-04 2.34e-04 2.05e-04 3.03e-05 -1.90e-05 1.17e-04 1.20e-04 1.32e-04 1.89e-04 1.17e-04 1.78e-04 1.11e-04 1.68e-04 1.11e-04 1.78e-04 1.17e-04 1.89e-04 1.32e-04 1.20e-04 1.17e-04 -1.90e-05 3.03e-05 2.05e-04 2.34e-04 1.39e-04 5.18e-05 1.10e-05 -1.10e-05 
-6.11e-05 6.11e-05 9.70e-05 1.73e-04 1.85e-04 6.58e-05 6.23e-06 1.42e-04 1.46e-04 4.17e-05 1.22e-04 3.32e-05 5.81e-05 7.14e-05 4.30e-05 8.93e-05 4.30e-05 7.14e-05 5.81e-05 3.32e-05 1.22e-04 4.17e-05 1.46e-04 1.42e-04 6.23e-06 6.58e-05 1.85e-04 1.72e-04 8.86e-05 2.33e-05 -2.33e-05 
-9.85e-05 9.85e-05 1.26e-04 1.58e-04 1.14e-04 4.62e-05 8.54e-05 8.77e-05 -1.65e-05 7.18e-05 8.82e-05 4.97e-05 1.85e-04 9.41e-05 2.17e-04 1.18e-04 2.17e-04 9.41e-05 1.85e-04 4.97e-05 8.82e-05 7.18e-05 -1.65e-05 8.77e-05 8.54e-05 4.61e-05 1.14e-04 1.55e-04 1.07e-04 3.43e-05 -3.43e-05 
-1.20e-04 1.20e-04 1.33e-04 1.33e-04 8.38e-05 3.30e-05 2.09e-05 3.32e-05 1.14e-04 1.30e-04 6.56e-05 1.66e-04 1.12e-04 1.43e-04 1.48e-04 1.41e-04 1.48e-04 1.43e-04 1.12e-04 1.66e-04 6.56e-05 1.30e-04 1.14e-04 3.32e-05 2.09e-05 3.28e-05 8.25e-05 1.26e-04 1.04e-04 3.77e-05 -3.77e-05 
-1.25e-04 1.25e-04 1.26e-04 1.05e-04 4.01e-05 2.41e-06 6.80e-05 1.26e-04 3.66e-05 -1.99e-06 9.87e-05 7.22e-05 9.71e-05 1.43e-04 1.45e-04 1.85e-04 1.45e-04 1.43e-04 9.71e-05 7.22e-05 9.87e-05 -1.99e-06 3.66e-05 1.26e-04 6.79e-05 2.02e-06 3.78e-05 9.47e-05 9.12e-05 3.55e-05 -3.55e-05 
-1.13e-04 1.13e-04 1.06e-04 7.11e-05 2.65e-05 3.82e-05 5.81e-05 -1.42e-05 1.08e-05 1.46e-04 9.20e-05 1.17e-04 1.65e-04 1.82e-04 2.58e-04 2.41e-04 2.58e-04 1.82e-04 1.65e-04 1.17e-04 9.20e-05 1.46e-04 1.08e-05 -1.42e-05 5.80e-05 3.76e-05 2.36e-05 5.94e-05 6.94e-05 2.95e-05 -2.95e-05 
-8.73e-05 8.73e-05 7.90e-05 5.19e-05 1.85e-05 2.82e-06 1.92e-05 8.00e-05 9.34e-05 2.66e-06 3.36e-05 7.95e-05 9.66e-05 2.01e-04 2.20e-04 3.39e-04 2.20e-04 2.01e-04 9.66e-05 7.95e-05 3.36e-05 2.66e-06 9.34e-05 8.00e-05 1.91e-05 2.20e-06 1.55e-05 4.10e-05 4.77e-05 2.09e-05 -2.09e-05 
-5.58e-05 5.58e-05 4.88e-05 2.60e-05 4.99e-06 2.54e-05 4.96e-05 -1.76e-05 -4.60e-05 7.65e-05 8.09e-05 8.30e-05 1.59e-04 1.78e-04 3.74e-04 5.75e-04 3.74e-04 1.78e-04 1.59e-04 8.30e-05 8.09e-05 7.65e-05 -4.60e-05 -1.76e-05 4.95e-05 2.49e-05 2.81e-06 1.83e-05 2.78e-05 1.28e-05 -1.28e-05 
-1.84e-05 1.84e-05 1.60e-05 1.13e-05 7.51e-06 -6.56e-06 -1.99e-05 3.68e-05 8.31e-05 -1.58e-05 -2.23e-05 1.77e-05 6.46e-07 1.19e-04 3.20e-04 1.25e-03 3.20e-04 1.19e-04 6.46e-07 1.77e-05 -2.23e-05 -1.58e-05 8.31e-05 3.68e-05 -1.99e-05 -6.75e-06 6.71e-06 8.49e-06 8.54e-06 3.92e-06 -3.92e-06 
1.84e-05 -1.84e-05 -1.60e-05 -1.13e-05 -7.51e-06 6.56e-06 1.99e-05 -3.68e-05 -8.31e-05 1.58e-05 2.23e-05 -1.77e-05 -6.46e-07 -1.19e-04 -3.20e-04 -1.25e-03 -3.20e-04 -1.19e-04 -6.46e-07 -1.77e-05 2.23e-05 1.58e-05 -8.31e-05 -3.68e-05 1.99e-05 6.75e-06 -6.71e-06 -8.49e-06 -8.54e-06 -3.92e-06 3.92e-06 
5.58e-05 -5.58e-05 -4.88e-05 -2.60e-05 -4.99e-06 -2.54e-05 -4.96e-05 1.76e-05 4.60e-05 -7.65e-05 -8.09e-05 -8.30e-05 -1.59e-04 -1.78e-04 -3.74e-04 -5.75e-04 -3.74e-04 -1.78e-04 -1.59e-04 -8.30e-05 -8.09e-05 -7.65e-05 4.60e-05 1.76e-05 -4.95e-05 -2.49e-05 -2.81e-06 -1.83e-05 -2.78e-05 -1.28e-05 1.28e-05 
8.73e-05 -8.73e-05 -7.90e-05 -5.19e-05 -1.85e-05 -2.82e-06 -1.92e-05 -8.00e-05 -9.34e-05 -2.66e-06 -3.36e-05 -7.95e-05 -9.66e-05 -2.01e-04 -2.20e-04 -3.39e-04 -2.20e-04 -2.01e-04 -9.66e-05 -7.95e-05 -3.36e-05 -2.66e-06 -9.34e-05 -8.00e-05 -1.91e-05 -2.20e-06 -1.55e-05 -4.10e-05 -4.77e-05 -2.09e-05 2.09e-05 
1.13e-04 -1.13e-04 -1.06e-04 -7.11e-05 -2.65e-05 -3.82e-05 -5.81e-05 1.42e-05 -1.08e-05 -1.46e-04 -9.20e-05 -1.17e-04 -1.65e-04 -1.82e-04 -2.58e-04 -2.41e-04 -2.58e-04 -1.82e-04 -1.65e-04 -1.17e-04 -9.20e-05 -1.46e-04 -1.08e-05 1.42e-05 -5.80e-05 -3.76e-05 -2.36e-05 -5.94e-05 -6.94e-05 -2.95e-05 2.95e-05 
1.25e-04 -1.25e-04 -1.26e-04 -1.05e-04 -4.01e-05 -2.41e-06 -6.80e-05 -1.26e-04 -3.66e-05 1.99e-06 -9.87e-05 -7.22e-05 -9.71e-05 -1.43e-04 -1.45e-04 -1.85e-04 -1.45e-04 -1.43e-04 -9.71e-05 -7.22e-05 -9.87e-05 1.99e-06 -3.66e-05 -1.26e-04 -6.79e-05 -2.02e-06 -3.78e-05 -9.47e-05 -9.12e-05 -3.55e-05 3.55e-05 
1.20e-04 -1.20e-04 -1.33e-04 -1.33e-04 -8.38e-05 -3.30e-05 -2.09e-05 -3.32e-05 -1.14e-04 -1.30e-04 -6.56e-05 -1.66e-04 -1.12e-04 -1.43e-04 -1.48e-04 -1.41e-04 -1.48e-04 -1.43e-04 -1.12e-04 -1.66e-04 -6.56e-05 -1.30e-04 -1.14e-04 -3.32e-05 -2.09e-05 -3.28e-05 -8.25e-05 -1.26e-04 -1.04e-04 -3.77e-05 3.77e-05 
9.85e-05 -9.85e-05 -1.26e-04 -1.58e-04 -1.14e-04 -4.62e-05 -8.54e-05 -8.77e-05 1.65e-05 -7.18e-05 -8.82e-05 -4.97e-05 -1.85e-04 -9.41e-05 -2.17e-04 -1.18e-04 -2.17e-04 -9.41e-05 -1.85e-04 -4.97e-05 -8.82e-05 -7.18e-05 1.65e-05 -8.77e-05 -8.54e-05 -4.61e-05 -1.14e-04 -1.55e-04 -1.07e-04 -3.43e-05 3.43e-05 
6.11e-05 -6.11e-05 -9.70e-05 -1.73e-04 -1.85e-04 -6.58e-05 -6.23e-06 -1.42e-04 -1.46e-04 -4.17e-05 -1.22e-04 -3.32e-05 -5.81e-05 -7.15e-05 -4.30e-05 -8.93e-05 -4.30e-05 -7.15e-05 -5.81e-05 -3.32e-05 -1.22e-04 -4.17e-05 -1.46e-04 -1.42e-04 -6.23e-06 -6.58e-05 -1.85e-04 -1.72e-04 -8.86e-05 -2.33e-05 2.33e-05 
2.69e-05 -2.69e-05 -5.46e-05 -1.39e-04 -2.34e-04 -2.05e-04 -3.03e-05 1.90e-05 -1.17e-04 -1.20e-04 -1.32e-04 -1.90e-04 -1.17e-04 -1.78e-04 -1.11e-04 -1.68e-04 -1.11e-04 -1.78e-04 -1.17e-04 -1.90e-04 -1.32e-04 -1.20e-04 -1.17e-04 1.90e-05 -3.03e-05 -2.05e-04 -2.34e-04 -1.39e-04 -5.18e-05 -1.10e-05 1.10e-05 
8.24e-06 -8.24e-06 -2.15e-05 -7.49e-05 -1.83e-04 -2.83e-04 -2.35e-04 -6.01e-05 -5.47e-07 -3.98e-05 -2.79e-05 -9.38e-05 -1.14e-04 -1.31e-04 -1.56e-04 -1.42e-04 -1.56e-04 -1.31e-04 -1.14e-04 -9.38e-05 -2.79e-05 -3.98e-05 -5.47e-07 -6.01e-05 -2.35e-04 -2.83e-04 -1.83e-04 -7.48e-05 -2.08e-05 -3.54e-06 3.54e-06 
1.76e-06 -1.76e-06 -5.91e-06 -2.74e-05 -9.10e-05 -2.07e-04 -3.07e-04 -2.78e-04 -1.59e-04 -9.18e-05 -4.21e-05 -6.29e-06 -2.04e-05 -7.04e-06 -2.91e-05 -1.57e-05 -2.91e-05 -7.04e-06 -2.04e-05 -6.29e-06 -4.21e-05 -9.18e-05 -1.59e-04 -2.78e-04 -3.07e-04 -2.07e-04 -9.10e-05 -2.74e-05 -5.80e-06 -7.84e-07 7.84e-07 
2.59e-07 -2.59e-07 -1.14e-06 -6.94e-06 -3.04e-05 -9.41e-05 -2.02e-04 -2.97e-04 -3.10e-04 -2.69e-04 -2.26e-04 -1.69e-04 -1.33e-04 -1.07e-04 -9.19e-05 -9.02e-05 -9.19e-05 -1.07e-04 -1.33e-04 -1.69e-04 -2.26e-04 -2.69e-04 -3.10e-04 -2.97e-04 -2.02e-04 -9.41e-05 -3.04e-05 -6.94e-06 -1.13e-06 -1.19e-07 1.19e-07 
2.59e-08 -2.59e-08 -1.53e-07 -1.23e-06 -7.05e-06 -2.86e-05 -8.26e-05 -1.69e-04 -2.53e-04 -3.00e-04 -3.22e-04 -3.25e-04 -3.15e-04 -3.09e-04 -2.99e-04 -2.99e-04 -2.99e-04 -3.09e-04 -3.15e-04 -3.25e-04 -3.22e-04 -3.00e-04 -2.53e-04 -1.69e-04 -8.26e-05 -2.86e-05 -7.05e-06 -1.23e-06 -1.52e-07 -1.22e-08 1.22e-08 
1.67e-09 -1.67e-09 -1.40e-08 -1.54e-07 -1.16e-06 -6.18e-06 -2.35e-05 -6.43e-05 -1.30e-04 -2.03e-04 -2.69e-04 -3.25e-04 -3.65e-04 -3.91e-04 -4.06e-04 -4.11e-04 -4.06e-04 -3.91e-04 -3.65e-04 -3.25e-04 -2.69e-04 -2.03e-04 -1.30e-04 -6.43e-05 -2.35e-05 -6.18e-06 -1.16e-06 -1.54e-07 -1.40e-08 -8.05e-10 8.05e-10 
1.25e-10 -1.25e-10 -1.67e-09 -2.61e-08 -2.65e-07 -1.83e-06 -8.91e-06 -3.09e-05 -7.75e-05 -1.46e-04 -2.21e-04 -2.92e-04 -3.51e-04 -3.93e-04 -4.19e-04 -4.27e-04 -4.19e-04 -3.93e-04 -3.51e-04 -2.92e-04 -2.21e-04 -1.46e-04 -7.75e-05 -3.09e-05 -8.91e-06 -1.83e-06 -2.65e-07 -2.61e-08 -1.67e-09 -6.16e-11 6.16e-11 
-1.25e-10 1.25e-10 1.67e-09 2.61e-08 2.65e-07 1.83e-06 8.91e-06 3.09e-05 7.75e-05 1.46e-04 2.21e-04 2.92e-04 3.51e-04 3.93e-04 4.19e-04 4.27e-04 4.19e-04 3.93e-04 3.51e-04 2.92e-04 2.21e-04 1.46e-04 7.75e-05 3.09e-05 8.91e-06 1.83e-06 2.65e-07 2.61e-08 1.67e-09 6.16e-11 -6.16e-11 
