0.00e+00 -0.00e+00 -0.00e+00 -0.00e+00 -0.00e+00 -0.00e+00 -0.00e+00 -0.00e+00 -0.00e+00 -0.00e+00 -0.00e+00 -0.00e+00 -0.00e+00 -0.00e+00 -4.47e-18 -2.92e-16 -8.69e-15 -1.56e-13 -1.88e-12 -1.63e-11 -1.05e-10 -5.17e-10 -1.98e-09 -6.02e-09 -1.49e-08 -3.06e-08 -5.37e-08 -8.15e-08 -1.09e-07 -1.29e-07 -1.36e-07 -1.29e-07 -1.09e-07 -8.15e-08 -5.37e-08 -3.06e-08 -1.49e-08 -6.02e-09 -1.98e-09 -5.17e-10 -1.05e-10 -1.63e-11 -1.88e-12 -1.56e-13 -8.69e-15 -2.92e-16 -4.47e-18 -0.00e+00 -0.00e+00 -0.00e+00 -0.00e+00 -0.00e+00 -0.00e+00 -0.00e+00 -0.00e+00 -0.00e+00 -0.00e+00 -0.00e+00 -0.00e+00 -0.00e+00 0.00e+00 
-0.00e+00 0.00e+00 0.00e+00 0.00e+00 0.00e+00 0.00e+00 0.00e+00 0.00e+00 0.00e+00 0.00e+00 0.00e+00 0.00e+00 0.00e+00 0.00e+00 4.47e-18 2.92e-16 8.69e-15 1.56e-13 1.88e-12 1.63e-11 1.05e-10 5.17e-10 1.98e-09 6.02e-09 1.49e-08 3.06e-08 5.37e-08 8.15e-08 1.09e-07 1.29e-07 1.36e-07 1.29e-07 1.09e-07 8.15e-08 5.37e-08 3.06e-08 1.49e-08 6.02e-09 1.98e-09 5.17e-10 1.05e-10 1.63e-11 1.88e-12 1.56e-13 8.69e-15 2.92e-16 4.47e-18 0.00e+00 0.00e+00 0.00e+00 0.00e+00 0.00e+00 0.00e+00 0.00e+00 0.00e+00 0.00e+00 0.00e+00 0.00e+00 0.00e+00 0.00e+00 -0.00e+00 
-0.00e+00 0.00e+00 0.00e+00 0.00e+00 0.00e+00 0.00e+00 0.00e+00 0.00e+00 0.00e+00 0.00e+00 0.00e+00 0.00e+00 0.00e+00 7.37e-18 5.16e-16 1.65e-14 3.19e-13 4.19e-12 3.97e-11 2.80e-10 1.51e-09 6.38e-09 2.14e-08 5.84e-08 1.32e-07 2.53e-07 4.19e-07 6.12e-07 7.96e-07 9.29e-07 9.78e-07 9.29e-07 7.96e-07 6.12e-07 4.19e-07 2.53e-07 1.32e-07 5.84e-08 2.14e-08 6.38e-09 1.51e-09 2.80e-10 3.97e-11 4.19e-12 3.19e-13 1.65e-14 5.16e-16 7.37e-18 0.00e+00 0.00e+00 0.00e+00 0.00e+00 0.00e+00 0.00e+00 0.00e+00 0.00e+00 0.00e+00 0.00e+00 0.00e+00 0.00e+00 -0.00e+00 
-0.00e+00 0.00e+00 0.00e+00 0.00e+00 0.00e+00 0.00e+00 0.00e+00 0.00e+00 0.00e+00 0.00e+00 0.00e+00 0.00e+00 1.11e-17 8.19e-16 2.78e-14 5.73e-13 8.05e-12 8.17e-11 6.21e-10 3.62e-09 1.65e-08 6.01e-08 1.77e-07 4.31e-07 8.87e-07 1.58e-06 2.48e-06 3.47e-06 4.39e-06 5.03e-06 5.27e-06 5.03e-06 4.39e-06 3.47e-06 2.48e-06 1.58e-06 8.87e-07 4.31e-07 1.77e-07 6.01e-08 1.65e-08 3.62e-09 6.21e-10 8.17e-11 8.05e-12 5.73e-13 2.78e-14 8.19e-16 1.11e-17 0.00e+00 0.00e+00 0.00e+00 0.00e+00 0.00e+00 0.00e+00 0.00e+00 0.00e+00 0.00e+00 0.00e+00 0.00e+00 -0.00e+00 
-0.00e+00 0.00e+00 0.00e+00 0.00e+00 0.00e+00 0.00e+00 0.00e+00 0.00e+00 0.00e+00 0.00e+00 0.00e+00 1.51e-17 1.18e-15 4.25e-14 9.30e-13 1.39e-11 1.51e-10 1.23e-09 7.69e-09 3.78e-08 1.48e-07 4.67e-07 1.22e-06 2.68e-06 5.08e-06 8.46e-06 1.26e-05 1.70e-05 2.09e-05 2.36e-05 2.46e-05 2.36e-05 2.09e-05 1.70e-05 1.26e-05 8.46e-06 5.08e-06 2.68e-06 1.22e-06 4.67e-07 1.48e-07 3.78e-08 7.69e-09 1.23e-09 1.51e-10 1.39e-11 9.30e-13 4.25e-14 1.18e-15 1.51e-17 0.00e+00 0.00e+00 0.00e+00 0.00e+00 0.00e+00 0.00e+00 0.00e+00 0.00e+00 0.00e+00 0.00e+00 -0.00e+00 
-0.00e+00 0.00e+00 0.00e+00 0.00e+00 0.00e+00 0.00e+00 0.00e+00 0.00e+00 0.00e+00 0.00e+00 1.89e-17 1.55e-15 5.89e-14 1.37e-12 2.17e-11 2.50e-10 2.17e-09 1.45e-08 7.64e-08 3.20e-07 1.08e-06 3.02e-06 7.04e-06 1.41e-05 2.48e-05 3.88e-05 5.53e-05 7.20e-05 8.65e-05 9.65e-05 1.00e-04 9.65e-05 8.65e-05 7.20e-05 5.53e-05 3.88e-05 2.48e-05 1.41e-05 7.04e-06 3.02e-06 1.08e-06 3.20e-07 7.64e-08 1.45e-08 2.17e-09 2.50e-10 2.17e-11 1.37e-12 5.89e-14 1.55e-15 1.89e-17 0.00e+00 0.00e+00 0.00e+00 0.00e+00 0.00e+00 0.00e+00 0.00e+00 0.00e+00 0.00e+00 -0.00e+00 
-0.00e+00 0.00e+00 0.00e+00 0.00e+00 0.00e+00 0.00e+00 0.00e+00 0.00e+00 0.00e+00 2.16e-17 1.87e-15 7.43e-14 1.82e-12 3.05e-11 3.72e-10 3.44e-09 2.45e-08 1.38e-07 6.16e-07 2.22e-06 6.57e-06 1.62e-05 3.41e-05 6.27e-05 1.03e-04 1.53e-04 2.09e-04 2.64e-04 3.10e-04 3.42e-04 3.53e-04 3.42e-04 3.10e-04 2.64e-04 2.09e-04 1.53e-04 1.03e-04 6.27e-05 3.41e-05 1.62e-05 6.57e-06 2.22e-06 6.16e-07 1.38e-07 2.45e-08 3.44e-09 3.72e-10 3.05e-11 1.82e-12 7.43e-14 1.87e-15 2.16e-17 0.00e+00 0.00e+00 0.00e+00 0.00e+00 0.00e+00 0.00e+00 0.00e+00 0.00e+00 -0.00e+00 
-0.00e+00 0.00e+00 0.00e+00 0.00e+00 0.00e+00 0.00e+00 0.00e+00 0.00e+00 2.26e-17 2.04e-15 8.54e-14 2.20e-12 3.88e-11 5.02e-10 4.90e-09 3.71e-08 2.22e-07 1.05e-06 4.04e-06 1.27e-05 3.29e-05 7.26e-05 1.39e-04 2.37e-04 3.65e-04 5.18e-04 6.81e-04 8.36e-04 9.66e-04 1.05e-03 1.08e-03 1.05e-03 9.66e-04 8.36e-04 6.81e-04 5.18e-04 3.65e-04 2.37e-04 1.39e-04 7.26e-05 3.29e-05 1.27e-05 4.04e-06 1.05e-06 2.22e-07 3.71e-08 4.90e-09 5.02e-10 3.88e-11 2.20e-12 8.54e-14 2.04e-15 2.26e-17 0.00e+00 0.00e+00 0.00e+00 0.00e+00 0.00e+00 0.00e+00 0.00e+00 -0.00e+00 
-0.00e+00 0.00e+00 0.00e+00 0.00e+00 0.00e+00 0.00e+00 0.00e+00 2.16e-17 2.04e-15 8.94e-14 2.41e-12 4.48e-11 6.10e-10 6.30e-09 5.05e-08 3.19e-07 1.61e-06 6.55e-06 2.17e-05 5.93e-05 1.37e-04 2.72e-04 4.78e-04 7.61e-04 1.11e-03 1.51e-03 1.92e-03 2.31e-03 2.62e-03 2.83e-03 2.90e-03 2.83e-03 2.62e-03 2.31e-03 1.92e-03 1.51e-03 1.11e-03 7.61e-04 4.78e-04 2.72e-04 1.37e-04 5.93e-05 2.17e-05 6.55e-06 1.61e-06 3.19e-07 5.05e-08 6.30e-09 6.10e-10 4.48e-11 2.41e-12 8.94e-14 2.04e-15 2.16e-17 0.00e+00 0.00e+00 0.00e+00 0.00e+00 0.00e+00 0.00e+00 -0.00e+00 
-0.00e+00 0.00e+00 0.00e+00 0.00e+00 0.00e+00 0.00e+00 1.89e-17 1.86e-15 8.52e-14 2.41e-12 4.70e-11 6.72e-10 7.31e-09 6.19e-08 4.13e-07 2.21e-06 9.48e-06 3.31e-05 9.53e-05 2.29e-04 4.72e-04 8.54e-04 1.39e-03 2.09e-03 2.92e-03 3.83e-03 4.75e-03 5.60e-03 6.28e-03 6.72e-03 6.87e-03 6.72e-03 6.28e-03 5.60e-03 4.75e-03 3.83e-03 2.92e-03 2.09e-03 1.39e-03 8.54e-04 4.72e-04 2.29e-04 9.53e-05 3.31e-05 9.48e-06 2.21e-06 4.13e-07 6.19e-08 7.31e-09 6.72e-10 4.70e-11 2.41e-12 8.52e-14 1.86e-15 1.89e-17 0.00e+00 0.00e+00 0.00e+00 0.00e+00 0.00e+00 -0.00e+00 
-0.00e+00 0.00e+00 0.00e+00 0.00e+00 0.00e+00 1.51e-17 1.55e-15 7.40e-14 2.18e-12 4.46e-11 6.70e-10 7.66e-09 6.82e-08 4.81e-07 2.71e-06 1.23e-05 4.53e-05 1.37e-04 3.43e-04 7.30e-04 1.36e-03 2.27e-03 3.49e-03 4.99e-03 6.72e-03 8.58e-03 1.04e-02 1.21e-02 1.34e-02 1.43e-02 1.46e-02 1.43e-02 1.34e-02 1.21e-02 1.04e-02 8.58e-03 6.72e-03 4.99e-03 3.49e-03 2.27e-03 1.36e-03 7.30e-04 3.43e-04 1.37e-04 4.53e-05 1.23e-05 2.71e-06 4.81e-07 6.82e-08 7.66e-09 6.70e-10 4.46e-11 2.18e-12 7.40e-14 1.55e-15 1.51e-17 0.00e+00 0.00e+00 0.00e+00 0.00e+00 -0.00e+00 
-0.00e+00 0.00e+00 0.00e+00 0.00e+00 1.11e-17 1.18e-15 5.85e-14 1.80e-12 3.84e-11 6.04e-10 7.24e-09 6.78e-08 5.03e-07 2.99e-06 1.43e-05 5.54e-05 1.75e-04 4.59e-04 1.01e-03 1.93e-03 3.31e-03 5.19e-03 7.61e-03 1.05e-02 1.38e-02 1.73e-02 2.06e-02 2.37e-02 2.60e-02 2.76e-02 2.81e-02 2.76e-02 2.60e-02 2.37e-02 2.06e-02 1.73e-02 1.38e-02 1.05e-02 7.61e-03 5.19e-03 3.31e-03 1.93e-03 1.01e-03 4.59e-04 1.75e-04 5.54e-05 1.43e-05 2.99e-06 5.03e-07 6.78e-08 7.24e-09 6.04e-10 3.84e-11 1.80e-12 5.85e-14 1.18e-15 1.11e-17 0.00e+00 0.00e+00 0.00e+00 -0.00e+00 
-0.00e+00 0.00e+00 0.00e+00 7.37e-18 8.15e-16 4.21e-14 1.35e-12 3.00e-11 4.93e-10 6.19e-09 6.07e-08 4.73e-07 2.96e-06 1.49e-05 6.08e-05 2.02e-04 5.53e-04 1.26e-03 2.48e-03 4.34e-03 6.97e-03 1.05e-02 1.49e-02 2.01e-02 2.59e-02 3.18e-02 3.75e-02 4.26e-02 4.65e-02 4.90e-02 4.99e-02 4.90e-02 4.65e-02 4.26e-02 3.75e-02 3.18e-02 2.59e-02 2.01e-02 1.49e-02 1.05e-02 6.97e-03 4.34e-03 2.48e-03 1.26e-03 5.53e-04 2.02e-04 6.08e-05 1.49e-05 2.96e-06 4.73e-07 6.07e-08 6.19e-09 4.93e-10 3.00e-11 1.35e-12 4.21e-14 8.15e-16 7.37e-18 0.00e+00 0.00e+00 -0.00e+00 
-0.00e+00 0.00e+00 4.47e-18 5.13e-16 2.75e-14 9.15e-13 2.12e-11 3.63e-10 4.77e-09 4.90e-08 4.01e-07 2.63e-06 1.39e-05 5.98e-05 2.09e-04 5.99e-04 1.42e-03 2.89e-03 5.18e-03 8.52e-03 1.32e-02 1.93e-02 2.68e-02 3.54e-02 4.48e-02 5.42e-02 6.31e-02 7.08e-02 7.67e-02 8.04e-02 8.17e-02 8.04e-02 7.67e-02 7.08e-02 6.31e-02 5.42e-02 4.48e-02 3.54e-02 2.68e-02 1.93e-02 1.32e-02 8.52e-03 5.18e-03 2.89e-03 1.42e-03 5.99e-04 2.09e-04 5.98e-05 1.39e-05 2.63e-06 4.01e-07 4.90e-08 4.77e-09 3.63e-10 2.12e-11 9.15e-13 2.75e-14 5.13e-16 4.47e-18 0.00e+00 -0.00e+00 
-4.94e-18 4.94e-18 2.93e-16 1.63e-14 5.62e-13 1.35e-11 2.42e-10 3.31e-09 3.56e-08 3.04e-07 2.10e-06 1.17e-05 5.28e-05 1.94e-04 5.84e-04 1.45e-03 3.05e-03 5.64e-03 9.55e-03 1.52e-02 2.30e-02 3.29e-02 4.48e-02 5.80e-02 7.18e-02 8.53e-02 9.78e-02 1.08e-01 1.16e-01 1.21e-01 1.23e-01 1.21e-01 1.16e-01 1.08e-01 9.78e-02 8.53e-02 7.18e-02 5.80e-02 4.48e-02 3.29e-02 2.30e-02 1.52e-02 9.55e-03 5.64e-03 3.05e-03 1.45e-03 5.84e-04 1.94e-04 5.28e-05 1.17e-05 2.10e-06 3.04e-07 3.56e-08 3.31e-09 2.42e-10 1.35e-11 5.62e-13 1.63e-14 2.93e-16 2.47e-18 -2.47e-18 
-3.03e-16 3.03e-16 8.70e-15 3.11e-13 7.79e-12 1.45e-10 2.06e-09 2.32e-08 2.08e-07 1.50e-06 8.78e-06 4.18e-05 1.62e-04 5.13e-04 1.34e-03 2.94e-03 5.63e-03 9.85e-03 1.63e-02 2.54e-02 3.75e-02 5.23e-02 6.92e-02 8.75e-02 1.06e-01 1.23e-01 1.39e-01 1.52e-01 1.62e-01 1.68e-01 1.70e-01 1.68e-01 1.62e-01 1.52e-01 1.39e-01 1.23e-01 1.06e-01 8.75e-02 6.92e-02 5.23e-02 3.75e-02 2.54e-02 1.63e-02 9.85e-03 5.63e-03 2.94e-03 1.34e-03 5.13e-04 1.62e-04 4.18e-05 8.78e-06 1.50e-06 2.08e-07 2.32e-08 2.06e-09 1.45e-10 7.79e-12 3.11e-13 8.69e-15 1.50e-16 -1.50e-16 
-8.38e-15 8.38e-15 1.55e-13 4.03e-12 7.77e-11 1.15e-09 1.35e-08 1.27e-07 9.59e-07 5.90e-06 2.96e-05 1.21e-04 4.05e-04 1.12e-03 2.58e-03 5.16e-03 9.38e-03 1.60e-02 2.60e-02 3.95e-02 5.66e-02 7.67e-02 9.88e-02 1.22e-01 1.44e-01 1.64e-01 1.82e-01 1.96e-01 2.06e-01 2.13e-01 2.15e-01 2.13e-01 2.06e-01 1.96e-01 1.82e-01 1.64e-01 1.44e-01 1.22e-01 9.88e-02 7.67e-02 5.66e-02 3.95e-02 2.60e-02 1.60e-02 9.38e-03 5.16e-03 2.58e-03 1.12e-03 4.05e-04 1.21e-04 2.96e-05 5.90e-06 9.59e-07 1.27e-07 1.35e-08 1.15e-09 7.77e-11 4.03e-12 1.55e-13 4.12e-15 -4.12e-15 
-1.39e-13 1.39e-13 1.87e-12 3.73e-11 5.77e-10 7.04e-09 6.89e-08 5.47e-07 3.53e-06 1.87e-05 8.08e-05 2.87e-04 8.40e-04 2.06e-03 4.35e-03 8.26e-03 1.47e-02 2.46e-02 3.87e-02 5.69e-02 7.90e-02 1.04e-01 1.30e-01 1.56e-01 1.81e-01 2.02e-01 2.20e-01 2.33e-01 2.43e-01 2.49e-01 2.51e-01 2.49e-01 2.43e-01 2.33e-01 2.20e-01 2.02e-01 1.81e-01 1.56e-01 1.30e-01 1.04e-01 7.90e-02 5.69e-02 3.87e-02 2.46e-02 1.47e-02 8.26e-03 4.35e-03 2.06e-03 8.40e-04 2.87e-04 8.08e-05 1.87e-05 3.53e-06 5.47e-07 6.89e-08 7.04e-09 5.77e-10 3.73e-11 1.87e-12 6.76e-14 -6.76e-14 
-1.54e-12 1.54e-12 1.60e-11 2.56e-10 3.26e-09 3.33e-08 2.77e-07 1.88e-06 1.05e-05 4.82e-05 1.82e-04 5.69e-04 1.49e-03 3.35e-03 6.69e-03 1.24e-02 2.15e-02 3.51e-02 5.33e-02 7.61e-02 1.03e-01 1.31e-01 1.60e-01 1.86e-01 2.10e-01 2.30e-01 2.45e-01 2.57e-01 2.65e-01 2.70e-01 2.72e-01 2.70e-01 2.65e-01 2.57e-01 2.45e-01 2.30e-01 2.10e-01 1.86e-01 1.60e-01 1.31e-01 1.03e-01 7.61e-02 5.33e-02 3.51e-02 2.15e-02 1.24e-02 6.69e-03 3.35e-03 1.49e-03 5.69e-04 1.82e-04 4.82e-05 1.05e-05 1.88e-06 2.77e-07 3.33e-08 3.26e-09 2.56e-10 1.60e-11 7.42e-13 -7.42e-13 
-1.21e-11 1.21e-11 1.01e-10 1.33e-09 1.43e-08 1.24e-07 8.88e-07 5.23e-06 2.55e-05 1.03e-04 3.45e-04 9.73e-04 2.34e-03 4.98e-03 9.64e-03 1.74e-02 2.95e-02 4.65e-02 6.86e-02 9.52e-02 1.24e-01 1.54e-01 1.82e-01 2.07e-01 2.27e-01 2.44e-01 2.56e-01 2.66e-01 2.72e-01 2.76e-01 2.77e-01 2.76e-01 2.72e-01 2.66e-01 2.56e-01 2.44e-01 2.27e-01 2.07e-01 1.82e-01 1.54e-01 1.24e-01 9.52e-02 6.86e-02 4.65e-02 2.95e-02 1.74e-02 9.64e-03 4.98e-03 2.34e-03 9.73e-04 3.45e-04 1.03e-04 2.55e-05 5.23e-06 8.88e-07 1.24e-07 1.43e-08 1.33e-09 1.01e-10 5.77e-12 -5.77e-12 
-6.96e-11 6.96e-11 4.82e-10 5.35e-09 4.89e-08 3.68e-07 2.30e-06 1.19e-05 5.16e-05 1.87e-04 5.69e-04 1.48e-03 3.37e-03 6.88e-03 1.30e-02 2.29e-02 3.77e-02 5.78e-02 8.28e-02 1.11e-01 1.41e-01 1.69e-01 1.94e-01 2.15e-01 2.32e-01 2.45e-01 2.55e-01 2.62e-01 2.68e-01 2.71e-01 2.72e-01 2.71e-01 2.68e-01 2.62e-01 2.55e-01 2.45e-01 2.32e-01 2.15e-01 1.94e-01 1.69e-01 1.41e-01 1.11e-01 8.28e-02 5.78e-02 3.77e-02 2.29e-02 1.30e-02 6.88e-03 3.37e-03 1.48e-03 5.69e-04 1.87e-04 5.16e-05 1.19e-05 2.30e-06 3.68e-07 4.89e-08 5.35e-09 4.80e-10 3.28e-11 -3.28e-11 
-3.00e-10 3.00e-10 1.76e-09 1.68e-08 1.34e-07 8.85e-07 4.91e-06 2.28e-05 8.93e-05 2.96e-04 8.36e-04 2.05e-03 4.47e-03 8.89e-03 1.64e-02 2.82e-02 4.52e-02 6.73e-02 9.36e-02 1.22e-01 1.50e-01 1.75e-01 1.96e-01 2.13e-01 2.25e-01 2.36e-01 2.44e-01 2.52e-01 2.58e-01 2.63e-01 2.64e-01 2.63e-01 2.58e-01 2.52e-01 2.44e-01 2.36e-01 2.25e-01 2.13e-01 1.96e-01 1.75e-01 1.50e-01 1.22e-01 9.36e-02 6.73e-02 4.52e-02 2.82e-02 1.64e-02 8.89e-03 4.47e-03 2.05e-03 8.36e-04 2.96e-04 8.93e-05 2.28e-05 4.91e-06 8.85e-07 1.34e-07 1.68e-08 1.75e-09 1.40e-10 -1.40e-10 
-9.89e-10 9.89e-10 5.03e-09 4.20e-08 2.96e-07 1.76e-06 8.81e-06 3.74e-05 1.35e-04 4.18e-04 1.12e-03 2.62e-03 5.53e-03 1.07e-02 1.94e-02 3.26e-02 5.08e-02 7.37e-02 9.97e-02 1.26e-01 1.51e-01 1.72e-01 1.89e-01 2.01e-01 2.12e-01 2.22e-01 2.32e-01 2.42e-01 2.52e-01 2.59e-01 2.61e-01 2.59e-01 2.52e-01 2.42e-01 2.32e-01 2.22e-01 2.12e-01 2.01e-01 1.89e-01 1.72e-01 1.51e-01 1.26e-01 9.97e-02 7.37e-02 5.08e-02 3.26e-02 1.94e-02 1.07e-02 5.53e-03 2.62e-03 1.12e-03 4.18e-04 1.35e-04 3.74e-05 8.81e-06 1.76e-06 2.96e-07 4.20e-08 4.99e-09 4.54e-10 -4.54e-10 
-2.53e-09 2.53e-09 1.14e-08 8.49e-08 5.42e-07 2.94e-06 1.36e-05 5.38e-05 1.82e-04 5.33e-04 1.36e-03 3.10e-03 6.38e-03 1.21e-02 2.15e-02 3.53e-02 5.37e-02 7.60e-02 1.00e-01 1.24e-01 1.44e-01 1.61e-01 1.74e-01 1.84e-01 1.95e-01 2.06e-01 2.21e-01 2.37e-01 2.53e-01 2.65e-01 2.70e-01 2.65e-01 2.53e-01 2.37e-01 2.21e-01 2.06e-01 1.95e-01 1.84e-01 1.74e-01 1.61e-01 1.44e-01 1.24e-01 1.00e-01 7.60e-02 5.37e-02 3.53e-02 2.15e-02 1.21e-02 6.38e-03 3.10e-03 1.36e-03 5.33e-04 1.82e-04 5.38e-05 1.36e-05 2.94e-06 5.42e-07 8.49e-08 1.13e-08 1.15e-09 -1.15e-09 
-5.10e-09 5.10e-09 2.09e-08 1.42e-07 8.35e-07 4.22e-06 1.83e-05 6.84e-05 2.21e-04 6.19e-04 1.53e-03 3.39e-03 6.84e-03 1.28e-02 2.22e-02 3.58e-02 5.34e-02 7.37e-02 9.50e-02 1.15e-01 1.31e-01 1.44e-01 1.54e-01 1.64e-01 1.76e-01 1.92e-01 2.13e-01 2.38e-01 2.65e-01 2.86e-01 2.95e-01 2.86e-01 2.65e-01 2.38e-01 2.13e-01 1.92e-01 1.76e-01 1.64e-01 1.54e-01 1.44e-01 1.31e-01 1.15e-01 9.50e-02 7.37e-02 5.34e-02 3.58e-02 2.22e-02 1.28e-02 6.84e-03 3.39e-03 1.53e-03 6.19e-04 2.21e-04 6.84e-05 1.83e-05 4.22e-06 8.35e-07 1.42e-07 2.06e-08 2.28e-09 -2.28e-09 
-8.26e-09 8.26e-09 3.13e-08 1.98e-07 1.10e-06 5.24e-06 2.17e-05 7.74e-05 2.40e-04 6.53e-04 1.57e-03 3.41e-03 6.79e-03 1.25e-02 2.14e-02 3.38e-02 4.94e-02 6.71e-02 8.48e-02 1.00e-01 1.13e-01 1.23e-01 1.32e-01 1.42e-01 1.56e-01 1.77e-01 2.06e-01 2.44e-01 2.87e-01 3.26e-01 3.44e-01 3.26e-01 2.87e-01 2.44e-01 2.06e-01 1.77e-01 1.56e-01 1.42e-01 1.32e-01 1.23e-01 1.13e-01 1.00e-01 8.48e-02 6.71e-02 4.94e-02 3.38e-02 2.14e-02 1.25e-02 6.79e-03 3.41e-03 1.57e-03 6.53e-04 2.40e-04 7.74e-05 2.17e-05 5.24e-06 1.10e-06 1.98e-07 3.08e-08 3.66e-09 -3.66e-09 
-1.08e-08 1.08e-08 3.87e-08 2.32e-07 1.22e-06 5.62e-06 2.23e-05 7.73e-05 2.33e-04 6.19e-04 1.46e-03 3.13e-03 6.14e-03 1.12e-02 1.88e-02 2.94e-02 4.23e-02 5.65e-02 7.02e-02 8.20e-02 9.14e-02 9.89e-02 1.06e-01 1.17e-01 1.33e-01 1.58e-01 1.96e-01 2.50e-01 3.18e-01 3.92e-01 4.33e-01 3.92e-01 3.18e-01 2.50e-01 1.96e-01 1.58e-01 1.33e-01 1.17e-01 1.06e-01 9.89e-02 9.14e-02 8.20e-02 7.02e-02 5.65e-02 4.23e-02 2.94e-02 1.88e-02 1.12e-02 6.14e-03 3.13e-03 1.46e-03 6.19e-04 2.33e-04 7.73e-05 2.23e-05 5.62e-06 1.22e-06 2.32e-07 3.79e-08 4.74e-09 -4.74e-09 
-1.12e-08 1.12e-08 3.86e-08 2.22e-07 1.14e-06 5.06e-06 1.96e-05 6.62e-05 1.96e-04 5.11e-04 1.19e-03 2.52e-03 4.90e-03 8.83e-03 1.47e-02 2.27e-02 3.23e-02 4.26e-02 5.24e-02 6.06e-02 6.70e-02 7.25e-02 7.88e-02 8.84e-02 1.04e-01 1.31e-01 1.74e-01 2.43e-01 3.49e-01 4.91e-01 6.09e-01 4.91e-01 3.49e-01 2.43e-01 1.74e-01 1.31e-01 1.04e-01 8.84e-02 7.88e-02 7.25e-02 6.70e-02 6.06e-02 5.24e-02 4.26e-02 3.23e-02 2.27e-02 1.47e-02 8.83e-03 4.90e-03 2.52e-03 1.19e-03 5.11e-04 1.96e-04 6.62e-05 1.96e-05 5.06e-06 1.14e-06 2.22e-07 3.78e-08 4.89e-09 -4.89e-09 
-8.58e-09 8.58e-09 2.88e-08 1.62e-07 8.10e-07 3.53e-06 1.35e-05 4.48e-05 1.31e-04 3.37e-04 7.78e-04 1.63e-03 3.16e-03 5.66e-03 9.38e-03 1.43e-02 2.03e-02 2.65e-02 3.23e-02 3.71e-02 4.10e-02 4.44e-02 4.87e-02 5.58e-02 6.80e-02 8.97e-02 1.29e-01 2.02e-01 3.44e-01 6.18e-01 1.02e+00 6.18e-01 3.44e-01 2.02e-01 1.29e-01 8.97e-02 6.80e-02 5.58e-02 4.87e-02 4.44e-02 4.10e-02 3.71e-02 3.23e-02 2.65e-02 2.03e-02 1.43e-02 9.38e-03 5.66e-03 3.16e-03 1.63e-03 7.78e-04 3.37e-04 1.31e-04 4.48e-05 1.35e-05 3.53e-06 8.10e-07 1.62e-07 2.81e-08 3.72e-09 -3.72e-09 
-3.22e-09 3.22e-09 1.07e-08 5.93e-08 2.94e-07 1.27e-06 4.79e-06 1.58e-05 4.59e-05 1.18e-04 2.71e-04 5.67e-04 1.09e-03 1.95e-03 3.22e-03 4.91e-03 6.89e-03 8.97e-03 1.10e-02 1.26e-02 1.37e-02 1.49e-02 1.65e-02 1.91e-02 2.39e-02 3.28e-02 5.07e-02 9.25e-02 2.10e-01 6.16e-01 2.25e+00 6.16e-01 2.10e-01 9.25e-02 5.07e-02 3.28e-02 2.39e-02 1.91e-02 1.65e-02 1.49e-02 1.37e-02 1.26e-02 1.10e-02 8.97e-03 6.89e-03 4.91e-03 3.22e-03 1.95e-03 1.09e-03 5.67e-04 2.71e-04 1.18e-04 4.59e-05 1.58e-05 4.79e-06 1.27e-06 2.94e-07 5.93e-08 1.04e-08 1.39e-09 -1.39e-09 
3.22e-09 -3.22e-09 -1.07e-08 -5.93e-08 -2.94e-07 -1.27e-06 -4.79e-06 -1.58e-05 -4.59e-05 -1.18e-04 -2.71e-04 -5.67e-04 -1.09e-03 -1.95e-03 -3.22e-03 -4.91e-03 -6.89e-03 -8.97e-03 -1.10e-02 -1.26e-02 -1.37e-02 -1.49e-02 -1.65e-02 -1.91e-02 -2.39e-02 -3.28e-02 -5.07e-02 -9.25e-02 -2.10e-01 -6.16e-01 -2.25e+00 -6.16e-01 -2.10e-01 -9.25e-02 -5.07e-02 -3.28e-02 -2.39e-02 -1.91e-02 -1.65e-02 -1.49e-02 -1.37e-02 -1.26e-02 -1.10e-02 -8.97e-03 -6.89e-03 -4.91e-03 -3.22e-03 -1.95e-03 -1.09e-03 -5.67e-04 -2.71e-04 -1.18e-04 -4.59e-05 -1.58e-05 -4.79e-06 -1.27e-06 -2.94e-07 -5.93e-08 -1.04e-08 -1.39e-09 1.39e-09 
8.58e-09 -8.58e-09 -2.88e-08 -1.62e-07 -8.10e-07 -3.53e-06 -1.35e-05 -4.48e-05 -1.31e-04 -3.37e-04 -7.78e-04 -1.63e-03 -3.16e-03 -5.66e-03 -9.38e-03 -1.43e-02 -2.03e-02 -2.65e-02 -3.23e-02 -3.71e-02 -4.10e-02 -4.44e-02 -4.87e-02 -5.58e-02 -6.80e-02 -8.97e-02 -1.29e-01 -2.02e-01 -3.44e-01 -6.18e-01 -1.02e+00 -6.18e-01 -3.44e-01 -2.02e-01 -1.29e-01 -8.97e-02 -6.80e-02 -5.58e-02 -4.87e-02 -4.44e-02 -4.10e-02 -3.71e-02 -3.23e-02 -2.65e-02 -2.03e-02 -1.43e-02 -9.38e-03 -5.66e-03 -3.16e-03 -1.63e-03 -7.78e-04 -3.37e-04 -1.31e-04 -4.48e-05 -1.35e-05 -3.53e-06 -8.10e-07 -1.62e-07 -2.81e-08 -3.72e-09 3.72e-09 
1.12e-08 -1.12e-08 -3.86e-08 -2.22e-07 -1.14e-06 -5.06e-06 -1.96e-05 -6.62e-05 -1.96e-04 -5.11e-04 -1.19e-03 -2.52e-03 -4.90e-03 -8.83e-03 -1.47e-02 -2.27e-02 -3.23e-02 -4.26e-02 -5.24e-02 -6.06e-02 -6.70e-02 -7.25e-02 -7.88e-02 -8.84e-02 -1.04e-01 -1.31e-01 -1.74e-01 -2.43e-01 -3.49e-01 -4.91e-01 -6.09e-01 -4.91e-01 -3.49e-01 -2.43e-01 -1.74e-01 -1.31e-01 -1.04e-01 -8.84e-02 -7.88e-02 -7.25e-02 -6.70e-02 -6.06e-02 -5.24e-02 -4.26e-02 -3.23e-02 -2.27e-02 -1.47e-02 -8.83e-03 -4.90e-03 -2.52e-03 -1.19e-03 -5.11e-04 -1.96e-04 -6.62e-05 -1.96e-05 -5.06e-06 -1.14e-06 -2.22e-07 -3.78e-08 -4.89e-09 4.89e-09 
1.08e-08 -1.08e-08 -3.87e-08 -2.32e-07 -1.22e-06 -5.62e-06 -2.23e-05 -7.73e-05 -2.33e-04 -6.19e-04 -1.46e-03 -3.13e-03 -6.14e-03 -1.12e-02 -1.88e-02 -2.94e-02 -4.23e-02 -5.65e-02 -7.02e-02 -8.20e-02 -9.14e-02 -9.89e-02 -1.06e-01 -1.17e-01 -1.33e-01 -1.58e-01 -1.96e-01 -2.50e-01 -3.18e-01 -3.92e-01 -4.33e-01 -3.92e-01 -3.18e-01 -2.50e-01 -1.96e-01 -1.58e-01 -1.33e-01 -1.17e-01 -1.06e-01 -9.89e-02 -9.14e-02 -8.20e-02 -7.02e-02 -5.65e-02 -4.23e-02 -2.94e-02 -1.88e-02 -1.12e-02 -6.14e-03 -3.13e-03 -1.46e-03 -6.19e-04 -2.33e-04 -7.73e-05 -2.23e-05 -5.62e-06 -1.22e-06 -2.32e-07 -3.79e-08 -4.74e-09 4.74e-09 
8.26e-09 -8.26e-09 -3.13e-08 -1.98e-07 -1.10e-06 -5.24e-06 -2.17e-05 -7.74e-05 -2.40e-04 -6.53e-04 -1.57e-03 -3.41e-03 -6.79e-03 -1.25e-02 -2.14e-02 -3.38e-02 -4.94e-02 -6.71e-02 -8.48e-02 -1.00e-01 -1.13e-01 -1.23e-01 -1.32e-01 -1.42e-01 -1.56e-01 -1.77e-01 -2.06e-01 -2.44e-01 -2.87e-01 -3.26e-01 -3.44e-01 -3.26e-01 -2.87e-01 -2.44e-01 -2.06e-01 -1.77e-01 -1.56e-01 -1.42e-01 -1.32e-01 -1.23e-01 -1.13e-01 -1.00e-01 -8.48e-02 -6.71e-02 -4.94e-02 -3.38e-02 -2.14e-02 -1.25e-02 -6.79e-03 -3.41e-03 -1.57e-03 -6.53e-04 -2.40e-04 -7.74e-05 -2.17e-05 -5.24e-06 -1.10e-06 -1.98e-07 -3.08e-08 -3.66e-09 3.66e-09 
5.10e-09 -5.10e-09 -2.09e-08 -1.42e-07 -8.35e-07 -4.22e-06 -1.83e-05 -6.84e-05 -2.21e-04 -6.19e-04 -1.53e-03 -3.39e-03 -6.84e-03 -1.28e-02 -2.22e-02 -3.58e-02 -5.34e-02 -7.37e-02 -9.50e-02 -1.15e-01 -1.31e-01 -1.44e-01 -1.54e-01 -1.64e-01 -1.76e-01 -1.92e-01 -2.13e-01 -2.38e-01 -2.65e-01 -2.86e-01 -2.95e-01 -2.86e-01 -2.65e-01 -2.38e-01 -2.13e-01 -1.92e-01 -1.76e-01 -1.64e-01 -1.54e-01 -1.44e-01 -1.31e-01 -1.15e-01 -9.50e-02 -7.37e-02 -5.34e-02 -3.58e-02 -2.22e-02 -1.28e-02 -6.84e-03 -3.39e-03 -1.53e-03 -6.19e-04 -2.21e-04 -6.84e-05 -1.83e-05 -4.22e-06 -8.35e-07 -1.42e-07 -2.06e-08 -2.28e-09 2.28e-09 
2.53e-09 -2.53e-09 -1.14e-08 -8.49e-08 -5.42e-07 -2.94e-06 -1.36e-05 -5.38e-05 -1.82e-04 -5.33e-04 -1.36e-03 -3.10e-03 -6.38e-03 -1.21e-02 -2.15e-02 -3.53e-02 -5.37e-02 -7.60e-02 -1.00e-01 -1.24e-01 -1.44e-01 -1.61e-01 -1.74e-01 -1.84e-01 -1.95e-01 -2.06e-01 -2.21e-01 -2.37e-01 -2.53e-01 -2.65e-01 -2.70e-01 -2.65e-01 -2.53e-01 -2.37e-01 -2.21e-01 -2.06e-01 -1.95e-01 -1.84e-01 -1.74e-01 -1.61e-01 -1.44e-01 -1.24e-01 -1.00e-01 -7.60e-02 -5.37e-02 -3.53e-02 -2.15e-02 -1.21e-02 -6.38e-03 -3.10e-03 -1.36e-03 -5.33e-04 -1.82e-04 -5.38e-05 -1.36e-05 -2.94e-06 -5.42e-07 -8.49e-08 -1.13e-08 -1.15e-09 1.15e-09 
9.89e-10 -9.89e-10 -5.03e-09 -4.20e-08 -2.96e-07 -1.76e-06 -8.81e-06 -3.74e-05 -1.35e-04 -4.18e-04 -1.12e-03 -2.62e-03 -5.53e-03 -1.07e-02 -1.94e-02 -3.26e-02 -5.08e-02 -7.37e-02 -9.97e-02 -1.26e-01 -1.51e-01 -1.72e-01 -1.89e-01 -2.01e-01 -2.12e-01 -2.22e-01 -2.32e-01 -2.42e-01 -2.52e-01 -2.59e-01 -2.61e-01 -2.59e-01 -2.52e-01 -2.42e-01 -2.32e-01 -2.22e-01 -2.12e-01 -2.01e-01 -1.89e-01 -1.72e-01 -1.51e-01 -1.26e-01 -9.97e-02 -7.37e-02 -5.08e-02 -3.26e-02 -1.94e-02 -1.07e-02 -5.53e-03 -2.62e-03 -1.12e-03 -4.18e-04 -1.35e-04 -3.74e-05 -8.81e-06 -1.76e-06 -2.96e-07 -4.20e-08 -4.99e-09 -4.54e-10 4.54e-10 
3.00e-10 -3.00e-10 -1.76e-09 -1.68e-08 -1.34e-07 -8.85e-07 -4.91e-06 -2.28e-05 -8.93e-05 -2.96e-04 -8.36e-04 -2.05e-03 -4.47e-03 -8.89e-03 -1.64e-02 -2.82e-02 -4.52e-02 -6.73e-02 -9.36e-02 -1.22e-01 -1.50e-01 -1.75e-01 -1.96e-01 -2.13e-01 -2.25e-01 -2.36e-01 -2.44e-01 -2.52e-01 -2.58e-01 -2.63e-01 -2.64e-01 -2.63e-01 -2.58e-01 -2.52e-01 -2.44e-01 -2.36e-01 -2.25e-01 -2.13e-01 -1.96e-01 -1.75e-01 -1.50e-01 -1.22e-01 -9.36e-02 -6.73e-02 -4.52e-02 -2.82e-02 -1.64e-02 -8.89e-03 -4.47e-03 -2.05e-03 -8.36e-04 -2.96e-04 -8.93e-05 -2.28e-05 -4.91e-06 -8.85e-07 -1.34e-07 -1.68e-08 -1.75e-09 -1.40e-10 1.40e-10 
6.96e-11 -6.96e-11 -4.82e-10 -5.35e-09 -4.89e-08 -3.68e-07 -2.30e-06 -1.19e-05 -5.16e-05 -1.87e-04 -5.69e-04 -1.48e-03 -3.37e-03 -6.88e-03 -1.30e-02 -2.29e-02 -3.77e-02 -5.78e-02 -8.28e-02 -1.11e-01 -1.41e-01 -1.69e-01 -1.94e-01 -2.15e-01 -2.32e-01 -2.45e-01 -2.55e-01 -2.62e-01 -2.68e-01 -2.71e-01 -2.72e-01 -2.71e-01 -2.68e-01 -2.62e-01 -2.55e-01 -2.45e-01 -2.32e-01 -2.15e-01 -1.94e-01 -1.69e-01 -1.41e-01 -1.11e-01 -8.28e-02 -5.78e-02 -3.77e-02 -2.29e-02 -1.30e-02 -6.88e-03 -3.37e-03 -1.48e-03 -5.69e-04 -1.87e-04 -5.16e-05 -1.19e-05 -2.30e-06 -3.68e-07 -4.89e-08 -5.35e-09 -4.80e-10 -3.28e-11 3.28e-11 
1.21e-11 -1.21e-11 -1.01e-10 -1.33e-09 -1.43e-08 -1.24e-07 -8.88e-07 -5.23e-06 -2.55e-05 -1.03e-04 -3.45e-04 -9.73e-04 -2.34e-03 -4.98e-03 -9.64e-03 -1.74e-02 -2.95e-02 -4.65e-02 -6.86e-02 -9.52e-02 -1.24e-01 -1.54e-01 -1.82e-01 -2.07e-01 -2.27e-01 -2.44e-01 -2.56e-01 -2.66e-01 -2.72e-01 -2.76e-01 -2.77e-01 -2.76e-01 -2.72e-01 -2.66e-01 -2.56e-01 -2.44e-01 -2.27e-01 -2.07e-01 -1.82e-01 -1.54e-01 -1.24e-01 -9.52e-02 -6.86e-02 -4.65e-02 -2.95e-02 -1.74e-02 -9.64e-03 -4.98e-03 -2.34e-03 -9.73e-04 -3.45e-04 -1.03e-04 -2.55e-05 -5.23e-06 -8.88e-07 -1.24e-07 -1.43e-08 -1.33e-09 -1.01e-10 -5.77e-12 5.77e-12 
1.54e-12 -1.54e-12 -1.60e-11 -2.56e-10 -3.26e-09 -3.33e-08 -2.77e-07 -1.88e-06 -1.05e-05 -4.82e-05 -1.82e-04 -5.69e-04 -1.49e-03 -3.35e-03 -6.69e-03 -1.24e-02 -2.15e-02 -3.51e-02 -5.33e-02 -7.61e-02 -1.03e-01 -1.31e-01 -1.60e-01 -1.86e-01 -2.10e-01 -2.30e-01 -2.45e-01 -2.57e-01 -2.65e-01 -2.70e-01 -2.72e-01 -2.70e-01 -2.65e-01 -2.57e-01 -2.45e-01 -2.30e-01 -2.10e-01 -1.86e-01 -1.60e-01 -1.31e-01 -1.03e-01 -7.61e-02 -5.33e-02 -3.51e-02 -2.15e-02 -1.24e-02 -6.69e-03 -3.35e-03 -1.49e-03 -5.69e-04 -1.82e-04 -4.82e-05 -1.05e-05 -1.88e-06 -2.77e-07 -3.33e-08 -3.26e-09 -2.56e-10 -1.60e-11 -7.42e-13 7.42e-13 
1.39e-13 -1.39e-13 -1.87e-12 -3.73e-11 -5.77e-10 -7.04e-09 -6.89e-08 -5.47e-07 -3.53e-06 -1.87e-05 -8.08e-05 -2.87e-04 -8.40e-04 -2.06e-03 -4.35e-03 -8.26e-03 -1.47e-02 -2.46e-02 -3.87e-02 -5.69e-02 -7.90e-02 -1.04e-01 -1.30e-01 -1.56e-01 -1.81e-01 -2.02e-01 -2.20e-01 -2.33e-01 -2.43e-01 -2.49e-01 -2.51e-01 -2.49e-01 -2.43e-01 -2.33e-01 -2.20e-01 -2.02e-01 -1.81e-01 -1.56e-01 -1.30e-01 -1.04e-01 -7.90e-02 -5.69e-02 -3.87e-02 -2.46e-02 -1.47e-02 -8.26e-03 -4.35e-03 -2.06e-03 -8.40e-04 -2.87e-04 -8.08e-05 -1.87e-05 -3.53e-06 -5.47e-07 -6.89e-08 -7.04e-09 -5.77e-10 -3.73e-11 -1.87e-12 -6.76e-14 6.76e-14 
8.38e-15 -8.38e-15 -1.55e-13 -4.03e-12 -7.77e-11 -1.15e-09 -1.35e-08 -1.27e-07 -9.59e-07 -5.90e-06 -2.96e-05 -1.21e-04 -4.05e-04 -1.12e-03 -2.58e-03 -5.16e-03 -9.38e-03 -1.60e-02 -2.60e-02 -3.95e-02 -5.66e-02 -7.67e-02 -9.88e-02 -1.22e-01 -1.44e-01 -1.64e-01 -1.82e-01 -1.96e-01 -2.06e-01 -2.13e-01 -2.15e-01 -2.13e-01 -2.06e-01 -1.96e-01 -1.82e-01 -1.64e-01 -1.44e-01 -1.22e-01 -9.88e-02 -7.67e-02 -5.66e-02 -3.95e-02 -2.60e-02 -1.60e-02 -9.38e-03 -5.16e-03 -2.58e-03 -1.12e-03 -4.05e-04 -1.21e-04 -2.96e-05 -5.90e-06 -9.59e-07 -1.27e-07 -1.35e-08 -1.15e-09 -7.77e-11 -4.03e-12 -1.55e-13 -4.12e-15 4.12e-15 
3.03e-16 -3.03e-16 -8.70e-15 -3.11e-13 -7.79e-12 -1.45e-10 -2.06e-09 -2.32e-08 -2.08e-07 -1.50e-06 -8.78e-06 -4.18e-05 -1.62e-04 -5.13e-04 -1.34e-03 -2.94e-03 -5.63e-03 -9.85e-03 -1.63e-02 -2.54e-02 -3.75e-02 -5.23e-02 -6.92e-02 -8.75e-02 -1.06e-01 -1.23e-01 -1.39e-01 -1.52e-01 -1.62e-01 -1.68e-01 -1.70e-01 -1.68e-01 -1.62e-01 -1.52e-01 -1.39e-01 -1.23e-01 -1.06e-01 -8.75e-02 -6.92e-02 -5.23e-02 -3.75e-02 -2.54e-02 -1.63e-02 -9.85e-03 -5.63e-03 -2.94e-03 -1.34e-03 -5.13e-04 -1.62e-04 -4.18e-05 -8.78e-06 -1.50e-06 -2.08e-07 -2.32e-08 -2.06e-09 -1.45e-10 -7.79e-12 -3.11e-13 -8.69e-15 -1.50e-16 1.50e-16 
4.94e-18 -4.94e-18 -2.93e-16 -1.63e-14 -5.62e-13 -1.35e-11 -2.42e-10 -3.31e-09 -3.56e-08 -3.04e-07 -2.10e-06 -1.17e-05 -5.28e-05 -1.94e-04 -5.84e-04 -1.45e-03 -3.05e-03 -5.64e-03 -9.55e-03 -1.52e-02 -2.30e-02 -3.29e-02 -4.48e-02 -5.80e-02 -7.18e-02 -8.53e-02 -9.78e-02 -1.08e-01 -1.16e-01 -1.21e-01 -1.23e-01 -1.21e-01 -1.16e-01 -1.08e-01 -9.78e-02 -8.53e-02 -7.18e-02 -5.80e-02 -4.48e-02 -3.29e-02 -2.30e-02 -1.52e-02 -9.55e-03 -5.64e-03 -3.05e-03 -1.45e-03 -5.84e-04 -1.94e-04 -5.28e-05 -1.17e-05 -2.10e-06 -3.04e-07 -3.56e-08 -3.31e-09 -2.42e-10 -1.35e-11 -5.62e-13 -1.63e-14 -2.93e-16 -2.47e-18 2.47e-18 
-0.00e+00 0.00e+00 -4.47e-18 -5.13e-16 -2.75e-14 -9.15e-13 -2.12e-11 -3.63e-10 -4.77e-09 -4.90e-08 -4.01e-07 -2.63e-06 -1.39e-05 -5.98e-05 -2.09e-04 -5.99e-04 -1.42e-03 -2.89e-03 -5.18e-03 -8.52e-03 -1.32e-02 -1.93e-02 -2.68e-02 -3.54e-02 -4.48e-02 -5.42e-02 -6.31e-02 -7.08e-02 -7.67e-02 -8.04e-02 -8.17e-02 -8.04e-02 -7.67e-02 -7.08e-02 -6.31e-02 -5.42e-02 -4.48e-02 -3.54e-02 -2.68e-02 -1.93e-02 -1.32e-02 -8.52e-03 -5.18e-03 -2.89e-03 -1.42e-03 -5.99e-04 -2.09e-04 -5.98e-05 -1.39e-05 -2.63e-06 -4.01e-07 -4.90e-08 -4.77e-09 -3.63e-10 -2.12e-11 -9.15e-13 -2.75e-14 -5.13e-16 -4.47e-18 0.00e+00 -0.00e+00 
-0.00e+00 0.00e+00 0.00e+00 -7.37e-18 -8.15e-16 -4.21e-14 -1.35e-12 -3.00e-11 -4.93e-10 -6.19e-09 -6.07e-08 -4.73e-07 -2.96e-06 -1.49e-05 -6.08e-05 -2.02e-04 -5.53e-04 -1.26e-03 -2.48e-03 -4.34e-03 -6.97e-03 -1.05e-02 -1.49e-02 -2.01e-02 -2.59e-02 -3.18e-02 -3.75e-02 -4.26e-02 -4.65e-02 -4.90e-02 -4.99e-02 -4.90e-02 -4.65e-02 -4.26e-02 -3.75e-02 -3.18e-02 -2.59e-02 -2.01e-02 -1.49e-02 -1.05e-02 -6.97e-03 -4.34e-03 -2.48e-03 -1.26e-03 -5.53e-04 -2.02e-04 -6.08e-05 -1.49e-05 -2.96e-06 -4.73e-07 -6.07e-08 -6.19e-09 -4.93e-10 -3.00e-11 -1.35e-12 -4.21e-14 -8.15e-16 -7.37e-18 0.00e+00 0.00e+00 -0.00e+00 
-0.00e+00 0.00e+00 0.00e+00 0.00e+00 -1.11e-17 -1.18e-15 -5.85e-14 -1.80e-12 -3.84e-11 -6.04e-10 -7.24e-09 -6.78e-08 -5.03e-07 -2.99e-06 -1.43e-05 -5.54e-05 -1.75e-04 -4.59e-04 -1.01e-03 -1.93e-03 -3.31e-03 -5.19e-03 -7.61e-03 -1.05e-02 -1.38e-02 -1.73e-02 -2.06e-02 -2.37e-02 -2.60e-02 -2.76e-02 -2.81e-02 -2.76e-02 -2.60e-02 -2.37e-02 -2.06e-02 -1.73e-02 -1.38e-02 -1.05e-02 -7.61e-03 -5.19e-03 -3.31e-03 -1.93e-03 -1.01e-03 -4.59e-04 -1.75e-04 -5.54e-05 -1.43e-05 -2.99e-06 -5.03e-07 -6.78e-08 -7.24e-09 -6.04e-10 -3.84e-11 -1.80e-12 -5.85e-14 -1.18e-15 -1.11e-17 0.00e+00 0.00e+00 0.00e+00 -0.00e+00 
-0.00e+00 0.00e+00 0.00e+00 0.00e+00 0.00e+00 -1.51e-17 -1.55e-15 -7.40e-14 -2.18e-12 -4.46e-11 -6.70e-10 -7.66e-09 -6.82e-08 -4.81e-07 -2.71e-06 -1.23e-05 -4.53e-05 -1.37e-04 -3.43e-04 -7.30e-04 -1.36e-03 -2.27e-03 -3.49e-03 -4.99e-03 -6.72e-03 -8.58e-03 -1.04e-02 -1.21e-02 -1.34e-02 -1.43e-02 -1.46e-02 -1.43e-02 -1.34e-02 -1.21e-02 -1.04e-02 -8.58e-03 -6.72e-03 -4.99e-03 -3.49e-03 -2.27e-03 -1.36e-03 -7.30e-04 -3.43e-04 -1.37e-04 -4.53e-05 -1.23e-05 -2.71e-06 -4.81e-07 -6.82e-08 -7.66e-09 -6.70e-10 -4.46e-11 -2.18e-12 -7.40e-14 -1.55e-15 -1.51e-17 0.00e+00 0.00e+00 0.00e+00 0.00e+00 -0.00e+00 
-0.00e+00 0.00e+00 0.00e+00 0.00e+00 0.00e+00 0.00e+00 -1.89e-17 -1.86e-15 -8.52e-14 -2.41e-12 -4.70e-11 -6.72e-10 -7.31e-09 -6.19e-08 -4.13e-07 -2.21e-06 -9.48e-06 -3.31e-05 -9.53e-05 -2.29e-04 -4.72e-04 -8.54e-04 -1.39e-03 -2.09e-03 -2.92e-03 -3.83e-03 -4.75e-03 -5.60e-03 -6.28e-03 -6.72e-03 -6.87e-03 -6.72e-03 -6.28e-03 -5.60e-03 -4.75e-03 -3.83e-03 -2.92e-03 -2.09e-03 -1.39e-03 -8.54e-04 -4.72e-04 -2.29e-04 -9.53e-05 -3.31e-05 -9.48e-06 -2.21e-06 -4.13e-07 -6.19e-08 -7.31e-09 -6.72e-10 -4.70e-11 -2.41e-12 -8.52e-14 -1.86e-15 -1.89e-17 0.00e+00 0.00e+00 0.00e+00 0.00e+00 0.00e+00 -0.00e+00 
-0.00e+00 0.00e+00 0.00e+00 0.00e+00 0.00e+00 0.00e+00 0.00e+00 -2.16e-17 -2.04e-15 -8.94e-14 -2.41e-12 -4.48e-11 -6.10e-10 -6.30e-09 -5.05e-08 -3.19e-07 -1.61e-06 -6.55e-06 -2.17e-05 -5.93e-05 -1.37e-04 -2.72e-04 -4.78e-04 -7.61e-04 -1.11e-03 -1.51e-03 -1.92e-03 -2.31e-03 -2.62e-03 -2.83e-03 -2.90e-03 -2.83e-03 -2.62e-03 -2.31e-03 -1.92e-03 -1.51e-03 -1.11e-03 -7.61e-04 -4.78e-04 -2.72e-04 -1.37e-04 -5.93e-05 -2.17e-05 -6.55e-06 -1.61e-06 -3.19e-07 -5.05e-08 -6.30e-09 -6.10e-10 -4.48e-11 -2.41e-12 -8.94e-14 -2.04e-15 -2.16e-17 0.00e+00 0.00e+00 0.00e+00 0.00e+00 0.00e+00 0.00e+00 -0.00e+00 
-0.00e+00 0.00e+00 0.00e+00 0.00e+00 0.00e+00 0.00e+00 0.00e+00 0.00e+00 -2.26e-17 -2.04e-15 -8.54e-14 -2.20e-12 -3.88e-11 -5.02e-10 -4.90e-09 -3.71e-08 -2.22e-07 -1.05e-06 -4.04e-06 -1.27e-05 -3.29e-05 -7.26e-05 -1.39e-04 -2.37e-04 -3.65e-04 -5.18e-04 -6.81e-04 -8.36e-04 -9.66e-04 -1.05e-03 -1.08e-03 -1.05e-03 -9.66e-04 -8.36e-04 -6.81e-04 -5.18e-04 -3.65e-04 -2.37e-04 -1.39e-04 -7.26e-05 -3.29e-05 -1.27e-05 -4.04e-06 -1.05e-06 -2.22e-07 -3.71e-08 -4.90e-09 -5.02e-10 -3.88e-11 -2.20e-12 -8.54e-14 -2.04e-15 -2.26e-17 0.00e+00 0.00e+00 0.00e+00 0.00e+00 0.00e+00 0.00e+00 0.00e+00 -0.00e+00 
-0.00e+00 0.00e+00 0.00e+00 0.00e+00 0.00e+00 0.00e+00 0.00e+00 0.00e+00 0.00e+00 -2.16e-17 -1.87e-15 -7.43e-14 -1.82e-12 -3.05e-11 -3.72e-10 -3.44e-09 -2.45e-08 -1.38e-07 -6.16e-07 -2.22e-06 -6.57e-06 -1.62e-05 -3.41e-05 -6.27e-05 -1.03e-04 -1.53e-04 -2.09e-04 -2.64e-04 -3.10e-04 -3.42e-04 -3.53e-04 -3.42e-04 -3.10e-04 -2.64e-04 -2.09e-04 -1.53e-04 -1.03e-04 -6.27e-05 -3.41e-05 -1.62e-05 -6.57e-06 -2.22e-06 -6.16e-07 -1.38e-07 -2.45e-08 -3.44e-09 -3.72e-10 -3.05e-11 -1.82e-12 -7.43e-14 -1.87e-15 -2.16e-17 0.00e+00 0.00e+00 0.00e+00 0.00e+00 0.00e+00 0.00e+00 0.00e+00 0.00e+00 -0.00e+00 
-0.00e+00 0.00e+00 0.00e+00 0.00e+00 0.00e+00 0.00e+00 0.00e+00 0.00e+00 0.00e+00 0.00e+00 -1.89e-17 -1.55e-15 -5.89e-14 -1.37e-12 -2.17e-11 -2.50e-10 -2.17e-09 -1.45e-08 -7.64e-08 -3.20e-07 -1.08e-06 -3.02e-06 -7.04e-06 -1.41e-05 -2.48e-05 -3.88e-05 -5.53e-05 -7.20e-05 -8.65e-05 -9.65e-05 -1.00e-04 -9.65e-05 -8.65e-05 -7.20e-05 -5.53e-05 -3.88e-05 -2.48e-05 -1.41e-05 -7.04e-06 -3.02e-06 -1.08e-06 -3.20e-07 -7.64e-08 -1.45e-08 -2.17e-09 -2.50e-10 -2.17e-11 -1.37e-12 -5.89e-14 -1.55e-15 -1.89e-17 0.00e+00 0.00e+00 0.00e+00 0.00e+00 0.00e+00 0.00e+00 0.00e+00 0.00e+00 0.00e+00 -0.00e+00 
-0.00e+00 0.00e+00 0.00e+00 0.00e+00 0.00e+00 0.00e+00 0.00e+00 0.00e+00 0.00e+00 0.00e+00 0.00e+00 -1.51e-17 -1.18e-15 -4.25e-14 -9.30e-13 -1.39e-11 -1.51e-10 -1.23e-09 -7.69e-09 -3.78e-08 -1.48e-07 -4.67e-07 -1.22e-06 -2.68e-06 -5.08e-06 -8.46e-06 -1.26e-05 -1.70e-05 -2.09e-05 -2.36e-05 -2.46e-05 -2.36e-05 -2.09e-05 -1.70e-05 -1.26e-05 -8.46e-06 -5.08e-06 -2.68e-06 -1.22e-06 -4.67e-07 -1.48e-07 -3.78e-08 -7.69e-09 -1.23e-09 -1.51e-10 -1.39e-11 -9.30e-13 -4.25e-14 -1.18e-15 -1.51e-17 0.00e+00 0.00e+00 0.00e+00 0.00e+00 0.00e+00 0.00e+00 0.00e+00 0.00e+00 0.00e+00 0.00e+00 -0.00e+00 
-0.00e+00 0.00e+00 0.00e+00 0.00e+00 0.00e+00 0.00e+00 0.00e+00 0.00e+00 0.00e+00 0.00e+00 0.00e+00 0.00e+00 -1.11e-17 -8.19e-16 -2.78e-14 -5.73e-13 -8.05e-12 -8.17e-11 -6.21e-10 -3.62e-09 -1.65e-08 -6.01e-08 -1.77e-07 -4.31e-07 -8.88e-07 -1.58e-06 -2.48e-06 -3.47e-06 -4.39e-06 -5.04e-06 -5.27e-06 -5.04e-06 -4.39e-06 -3.47e-06 -2.48e-06 -1.58e-06 -8.88e-07 -4.31e-07 -1.77e-07 -6.01e-08 -1.65e-08 -3.62e-09 -6.21e-10 -8.17e-11 -8.05e-12 -5.73e-13 -2.78e-14 -8.19e-16 -1.11e-17 0.00e+00 0.00e+00 0.00e+00 0.00e+00 0.00e+00 0.00e+00 0.00e+00 0.00e+00 0.00e+00 0.00e+00 0.00e+00 -0.00e+00 
-0.00e+00 0.00e+00 0.00e+00 0.00e+00 0.00e+00 0.00e+00 0.00e+00 0.00e+00 0.00e+00 0.00e+00 0.00e+00 0.00e+00 0.00e+00 -7.37e-18 -5.16e-16 -1.65e-14 -3.19e-13 -4.19e-12 -3.97e-11 -2.80e-10 -1.51e-09 -6.39e-09 -2.14e-08 -5.84e-08 -1.32e-07 -2.53e-07 -4.20e-07 -6.14e-07 -7.99e-07 -9.32e-07 -9.81e-07 -9.32e-07 -7.99e-07 -6.14e-07 -4.20e-07 -2.53e-07 -1.32e-07 -5.84e-08 -2.14e-08 -6.39e-09 -1.51e-09 -2.80e-10 -3.97e-11 -4.19e-12 -3.19e-13 -1.65e-14 -5.16e-16 -7.37e-18 0.00e+00 0.00e+00 0.00e+00 0.00e+00 0.00e+00 0.00e+00 0.00e+00 0.00e+00 0.00e+00 0.00e+00 0.00e+00 0.00e+00 -0.00e+00 
-0.00e+00 0.00e+00 0.00e+00 0.00e+00 0.00e+00 0.00e+00 0.00e+00 0.00e+00 0.00e+00 0.00e+00 0.00e+00 0.00e+00 0.00e+00 0.00e+00 -4.47e-18 -2.95e-16 -8.84e-15 -1.60e-13 -1.96e-12 -1.72e-11 -1.12e-10 -5.59e-10 -2.17e-09 -6.70e-09 -1.68e-08 -3.51e-08 -6.22e-08 -9.54e-08 -1.28e-07 -1.53e-07 -1.62e-07 -1.53e-07 -1.28e-07 -9.54e-08 -6.22e-08 -3.51e-08 -1.68e-08 -6.70e-09 -2.17e-09 -5.59e-10 -1.12e-10 -1.72e-11 -1.96e-12 -1.60e-13 -8.84e-15 -2.95e-16 -4.47e-18 0.00e+00 0.00e+00 0.00e+00 0.00e+00 0.00e+00 0.00e+00 0.00e+00 0.00e+00 0.00e+00 0.00e+00 0.00e+00 0.00e+00 0.00e+00 -0.00e+00 
-0.00e+00 0.00e+00 0.00e+00 0.00e+00 0.00e+00 0.00e+00 0.00e+00 0.00e+00 0.00e+00 0.00e+00 0.00e+00 0.00e+00 0.00e+00 0.00e+00 0.00e+00 -4.94e-18 -3.05e-16 -8.54e-15 -1.44e-13 -1.63e-12 -1.32e-11 -7.87e-11 -3.58e-10 -1.27e-09 -3.56e-09 -8.12e-09 -1.54e-08 -2.49e-08 -3.47e-08 -4.21e-08 -4.49e-08 -4.21e-08 -3.47e-08 -2.49e-08 -1.54e-08 -8.12e-09 -3.56e-09 -1.27e-09 -3.58e-10 -7.87e-11 -1.32e-11 -1.63e-12 -1.44e-13 -8.54e-15 -3.05e-16 -4.94e-18 0.00e+00 0.00e+00 0.00e+00 0.00e+00 0.00e+00 0.00e+00 0.00e+00 0.00e+00 0.00e+00 0.00e+00 0.00e+00 0.00e+00 0.00e+00 0.00e+00 -0.00e+00 
0.00e+00 -0.00e+00 -0.00e+00 -0.00e+00 -0.00e+00 -0.00e+00 -0.00e+00 -0.00e+00 -0.00e+00 -0.00e+00 -0.00e+00 -0.00e+00 -0.00e+00 -0.00e+00 -0.00e+00 4.94e-18 3.05e-16 8.54e-15 1.44e-13 1.63e-12 1.32e-11 7.87e-11 3.58e-10 1.27e-09 3.56e-09 8.12e-09 1.54e-08 2.49e-08 3.47e-08 4.21e-08 4.49e-08 4.21e-08 3.47e-08 2.49e-08 1.54e-08 8.12e-09 3.56e-09 1.27e-09 3.58e-10 7.87e-11 1.32e-11 1.63e-12 1.44e-13 8.54e-15 3.05e-16 4.94e-18 -0.00e+00 -0.00e+00 -0.00e+00 -0.00e+00 -0.00e+00 -0.00e+00 -0.00e+00 -0.00e+00 -0.00e+00 -0.00e+00 -0.00e+00 -0.00e+00 -0.00e+00 -0.00e+00 0.00e+00 
