0.00e+00 -0.00e+00 -0.00e+00 -0.00e+00 -0.00e+00 -3.14e-11 -1.24e-09 -2.07e-08 -1.91e-07 -1.07e-06 -3.80e-06 -9.02e-06 -1.55e-05 -2.14e-05 -2.57e-05 -2.71e-05 -2.57e-05 -2.14e-05 -1.55e-05 -9.02e-06 -3.80e-06 -1.07e-06 -1.91e-07 -2.07e-08 -1.24e-09 -3.14e-11 -0.00e+00 -0.00e+00 -0.00e+00 -0.00e+00 0.00e+00 
-0.00e+00 0.00e+00 0.00e+00 0.00e+00 0.00e+00 3.14e-11 1.24e-09 2.07e-08 1.91e-07 1.07e-06 3.80e-06 9.02e-06 1.55e-05 2.14e-05 2.57e-05 2.71e-05 2.57e-05 2.14e-05 1.55e-05 9.02e-06 3.80e-06 1.07e-06 1.91e-07 2.07e-08 1.24e-09 3.14e-11 0.00e+00 0.00e+00 0.00e+00 0.00e+00 -0.00e+00 
-0.00e+00 0.00e+00 0.00e+00 0.00e+00 3.71e-11 1.64e-09 3.10e-08 3.27e-07 2.13e-06 8.91e-06 2.48e-05 4.83e-05 7.26e-05 9.36e-05 1.07e-04 1.12e-04 1.07e-04 9.36e-05 7.26e-05 4.83e-05 2.48e-05 8.91e-06 2.13e-06 3.27e-07 3.10e-08 1.64e-09 3.71e-11 0.00e+00 0.00e+00 0.00e+00 -0.00e+00 
-0.00e+00 0.00e+00 0.00e+00 3.71e-11 1.79e-09 3.71e-08 4.33e-07 3.14e-06 1.47e-05 4.59e-05 9.71e-05 1.51e-04 1.96e-04 2.31e-04 2.49e-04 2.57e-04 2.49e-04 2.31e-04 1.96e-04 1.51e-04 9.71e-05 4.59e-05 1.47e-05 3.14e-06 4.33e-07 3.71e-08 1.79e-09 3.71e-11 0.00e+00 0.00e+00 -0.00e+00 
-0.00e+00 0.00e+00 3.14e-11 1.64e-09 3.69e-08 4.73e-07 3.79e-06 1.97e-05 6.78e-05 1.55e-04 2.46e-04 3.04e-04 3.44e-04 3.62e-04 3.69e-04 3.72e-04 3.69e-04 3.62e-04 3.44e-04 3.04e-04 2.46e-04 1.55e-04 6.78e-05 1.97e-05 3.79e-06 4.73e-07 3.69e-08 1.64e-09 3.14e-11 0.00e+00 -0.00e+00 
-4.49e-11 4.49e-11 1.26e-09 3.06e-08 4.27e-07 3.74e-06 2.14e-05 8.11e-05 2.01e-04 3.24e-04 3.63e-04 3.55e-04 3.42e-04 3.04e-04 2.95e-04 2.79e-04 2.95e-04 3.04e-04 3.42e-04 3.55e-04 3.63e-04 3.24e-04 2.01e-04 8.11e-05 2.14e-05 3.74e-06 4.27e-07 3.06e-08 1.26e-09 2.24e-11 -2.24e-11 
-1.61e-09 1.61e-09 2.11e-08 3.17e-07 3.02e-06 1.90e-05 7.87e-05 2.12e-04 3.53e-04 3.50e-04 2.40e-04 1.90e-04 1.22e-04 8.63e-05 8.02e-05 6.19e-05 8.02e-05 8.63e-05 1.22e-04 1.90e-04 2.40e-04 3.50e-04 3.53e-04 2.12e-04 7.87e-05 1.90e-05 3.02e-06 3.17e-07 2.11e-08 7.92e-10 -7.92e-10 
-2.40e-08 2.40e-08 1.94e-07 1.99e-06 1.36e-05 6.17e-05 1.82e-04 3.23e-04 2.98e-04 9.84e-05 4.00e-05 5.77e-05 1.29e-05 9.32e-05 5.77e-05 1.12e-04 5.77e-05 9.32e-05 1.29e-05 5.77e-05 4.00e-05 9.84e-05 2.98e-04 3.23e-04 1.82e-04 6.17e-05 1.36e-05 1.99e-06 1.94e-07 1.15e-08 -1.15e-08 
-1.92e-07 1.92e-07 1.07e-06 7.85e-06 3.90e-05 1.26e-04 2.49e-04 2.46e-04 4.71e-05 -6.58e-06 1.48e-04 1.12e-04 1.88e-04 2.21e-04 1.94e-04 2.49e-04 1.94e-04 2.21e-04 1.88e-04 1.12e-04 1.48e-04 -6.58e-06 4.71e-05 2.46e-04 2.49e-04 1.26e-04 3.90e-05 7.85e-06 1.06e-06 9.03e-08 -9.03e-08 
-8.98e-07 8.98e-07 3.63e-06 1.95e-05 7.08e-05 1.61e-04 2.00e-04 9.00e-05 3.16e-05 1.86e-04 1.55e-04 9.34e-05 2.02e-04 6.62e-05 1.90e-04 7.79e-05 1.90e-04 6.62e-05 2.02e-04 9.34e-05 1.55e-04 1.86e-04 3.16e-05 9.00e-05 2.00e-04 1.61e-04 7.08e-05 1.95e-05 3.59e-06 4.11e-07 -4.11e-07 
-2.55e-06 2.55e-06 7.77e-06 3.13e-05 8.50e-05 1.43e-04 1.35e-04 8.51e-05 1.03e-04 6.64e-05 4.73e-06 1.37e-04 7.76e-05 1.43e-04 1.89e-04 1.71e-04 1.89e-04 1.43e-04 7.76e-05 1.37e-04 4.73e-06 6.64e-05 1.03e-04 8.51e-05 1.35e-04 1.43e-04 8.50e-05 3.13e-05 7.62e-06 1.13e-06 -1.13e-06 
-4.48e-06 4.48e-06 1.09e-05 3.52e-05 8.03e-05 1.20e-04 1.07e-04 3.89e-05 -5.94e-06 7.04e-05 1.79e-04 1.20e-04 1.55e-04 2.46e-04 2.26e-04 3.10e-04 2.26e-04 2.46e-04 1.55e-04 1.20e-04 1.79e-04 7.04e-05 -5.94e-06 3.89e-05 1.07e-04 1.20e-04 8.03e-05 3.52e-05 1.05e-05 1.90e-06 -1.90e-06 
-5.18e-06 5.18e-06 1.11e-05 3.22e-05 6.69e-05 8.53e-05 4.73e-05 1.17e-05 9.20e-05 1.25e-04 -1.13e-05 5.42e-05 1.46e-04 1.52e-04 2.76e-04 2.96e-04 2.76e-04 1.52e-04 1.46e-04 5.42e-05 -1.13e-05 1.25e-04 9.20e-05 1.17e-05 4.73e-05 8.53e-05 6.69e-05 3.21e-05 1.06e-05 2.12e-06 -2.12e-06 
-4.18e-06 4.18e-06 8.44e-06 2.22e-05 4.09e-05 4.78e-05 3.93e-05 3.32e-05 -2.30e-06 -2.92e-05 9.50e-05 1.41e-04 1.20e-04 2.44e-04 3.47e-04 6.48e-04 3.47e-04 2.44e-04 1.20e-04 1.41e-04 9.50e-05 -2.92e-05 -2.30e-06 3.32e-05 3.93e-05 4.78e-05 4.09e-05 2.21e-05 7.97e-06 1.68e-06 -1.68e-06 
-1.59e-06 1.59e-06 3.03e-06 7.75e-06 1.53e-05 1.86e-05 2.37e-06 -1.60e-05 3.83e-05 9.32e-05 -1.92e-05 -3.70e-05 4.73e-05 6.76e-05 3.68e-04 1.29e-03 3.68e-04 6.76e-05 4.73e-05 -3.70e-05 -1.92e-05 9.32e-05 3.83e-05 -1.60e-05 2.37e-06 1.86e-05 1.53e-05 7.72e-06 2.83e-06 6.30e-07 -6.30e-07 
1.59e-06 -1.59e-06 -3.03e-06 -7.75e-06 -1.53e-05 -1.86e-05 -2.37e-06 1.60e-05 -3.83e-05 -9.32e-05 1.92e-05 3.70e-05 -4.73e-05 -6.76e-05 -3.68e-04 -1.29e-03 -3.68e-04 -6.76e-05 -4.73e-05 3.70e-05 1.92e-05 -9.32e-05 -3.83e-05 1.60e-05 -2.37e-06 -1.86e-05 -1.53e-05 -7.72e-06 -2.83e-06 -6.30e-07 6.30e-07 
4.18e-06 -4.18e-06 -8.44e-06 -2.22e-05 -4.09e-05 -4.78e-05 -3.93e-05 -3.32e-05 2.30e-06 2.92e-05 -9.50e-05 -1.41e-04 -1.20e-04 -2.44e-04 -3.47e-04 -6.48e-04 -3.47e-04 -2.44e-04 -1.20e-04 -1.41e-04 -9.50e-05 2.92e-05 2.30e-06 -3.32e-05 -3.93e-05 -4.78e-05 -4.09e-05 -2.21e-05 -7.97e-06 -1.68e-06 1.68e-06 
5.18e-06 -5.18e-06 -1.11e-05 -3.22e-05 -6.69e-05 -8.53e-05 -4.73e-05 -1.17e-05 -9.20e-05 -1.25e-04 1.13e-05 -5.42e-05 -1.46e-04 -1.52e-04 -2.76e-04 -2.96e-04 -2.76e-04 -1.52e-04 -1.46e-04 -5.42e-05 1.13e-05 -1.25e-04 -9.20e-05 -1.17e-05 -4.73e-05 -8.53e-05 -6.69e-05 -3.21e-05 -1.06e-05 -2.12e-06 2.12e-06 
4.48e-06 -4.48e-06 -1.09e-05 -3.52e-05 -8.03e-05 -1.20e-04 -1.07e-04 -3.89e-05 5.94e-06 -7.04e-05 -1.79e-04 -1.20e-04 -1.55e-04 -2.46e-04 -2.26e-04 -3.10e-04 -2.26e-04 -2.46e-04 -1.55e-04 -1.20e-04 -1.79e-04 -7.04e-05 5.94e-06 -3.89e-05 -1.07e-04 -1.20e-04 -8.03e-05 -3.52e-05 -1.05e-05 -1.90e-06 1.90e-06 
2.55e-06 -2.55e-06 -7.77e-06 -3.13e-05 -8.50e-05 -1.43e-04 -1.35e-04 -8.51e-05 -1.03e-04 -6.64e-05 -4.73e-06 -1.37e-04 -7.76e-05 -1.43e-04 -1.89e-04 -1.71e-04 -1.89e-04 -1.43e-04 -7.76e-05 -1.37e-04 -4.73e-06 -6.64e-05 -1.03e-04 -8.51e-05 -1.35e-04 -1.43e-04 -8.50e-05 -3.13e-05 -7.62e-06 -1.13e-06 1.13e-06 
8.98e-07 -8.98e-07 -3.63e-06 -1.95e-05 -7.08e-05 -1.61e-04 -2.00e-04 -9.00e-05 -3.16e-05 -1.86e-04 -1.55e-04 -9.34e-05 -2.02e-04 -6.62e-05 -1.90e-04 -7.79e-05 -1.90e-04 -6.62e-05 -2.02e-04 -9.34e-05 -1.55e-04 -1.86e-04 -3.16e-05 -9.00e-05 -2.00e-04 -1.61e-04 -7.08e-05 -1.95e-05 -3.59e-06 -4.11e-07 4.11e-07 
1.92e-07 -1.92e-07 -1.07e-06 -7.85e-06 -3.90e-05 -1.26e-04 -2.49e-04 -2.46e-04 -4.71e-05 6.58e-06 -1.48e-04 -1.12e-04 -1.88e-04 -2.21e-04 -1.94e-04 -2.49e-04 -1.94e-04 -2.21e-04 -1.88e-04 -1.12e-04 -1.48e-04 6.58e-06 -4.71e-05 -2.46e-04 -2.49e-04 -1.26e-04 -3.90e-05 -7.85e-06 -1.06e-06 -9.03e-08 9.03e-08 
2.40e-08 -2.40e-08 -1.94e-07 -1.99e-06 -1.36e-05 -6.17e-05 -1.82e-04 -3.23e-04 -2.98e-04 -9.84e-05 -4.00e-05 -5.77e-05 -1.29e-05 -9.32e-05 -5.77e-05 -1.12e-04 -5.77e-05 -9.32e-05 -1.29e-05 -5.77e-05 -4.00e-05 -9.84e-05 -2.98e-04 -3.23e-04 -1.82e-04 -6.17e-05 -1.36e-05 -1.99e-06 -1.94e-07 -1.15e-08 1.15e-08 
1.61e-09 -1.61e-09 -2.11e-08 -3.17e-07 -3.02e-06 -1.90e-05 -7.87e-05 -2.12e-04 -3.53e-04 -3.50e-04 -2.40e-04 -1.90e-04 -1.22e-04 -8.63e-05 -8.02e-05 -6.19e-05 -8.02e-05 -8.63e-05 -1.22e-04 -1.90e-04 -2.40e-04 -3.50e-04 -3.53e-04 -2.12e-04 -7.87e-05 -1.90e-05 -3.02e-06 -3.17e-07 -2.11e-08 -7.92e-10 7.92e-10 
4.49e-11 -4.49e-11 -1.26e-09 -3.06e-08 -4.27e-07 -3.74e-06 -2.14e-05 -8.11e-05 -2.01e-04 -3.24e-04 -3.63e-04 -3.55e-04 -3.42e-04 -3.04e-04 -2.95e-04 -2.79e-04 -2.95e-04 -3.04e-04 -3.42e-04 -3.55e-04 -3.63e-04 -3.24e-04 -2.01e-04 -8.11e-05 -2.14e-05 -3.74e-06 -4.27e-07 -3.06e-08 -1.26e-09 -2.24e-11 2.24e-11 
-0.00e+00 0.00e+00 -3.14e-11 -1.64e-09 -3.69e-08 -4.73e-07 -3.79e-06 -1.97e-05 -6.78e-05 -1.55e-04 -2.46e-04 -3.04e-04 -3.44e-04 -3.62e-04 -3.69e-04 -3.72e-04 -3.69e-04 -3.62e-04 -3.44e-04 -3.04e-04 -2.46e-04 -1.55e-04 -6.78e-05 -1.97e-05 -3.79e-06 -4.73e-07 -3.69e-08 -1.64e-09 -3.14e-11 0.00e+00 -0.00e+00 
-0.00e+00 0.00e+00 0.00e+00 -3.71e-11 -1.79e-09 -3.71e-08 -4.33e-07 -3.14e-06 -1.47e-05 -4.59e-05 -9.71e-05 -1.51e-04 -1.96e-04 -2.31e-04 -2.50e-04 -2.57e-04 -2.50e-04 -2.31e-04 -1.96e-04 -1.51e-04 -9.71e-05 -4.59e-05 -1.47e-05 -3.14e-06 -4.33e-07 -3.71e-08 -1.79e-09 -3.71e-11 0.00e+00 0.00e+00 -0.00e+00 
-0.00e+00 0.00e+00 0.00e+00 0.00e+00 -3.71e-11 -1.64e-09 -3.10e-08 -3.27e-07 -2.13e-06 -8.92e-06 -2.49e-05 -4.85e-05 -7.31e-05 -9.46e-05 -1.09e-04 -1.14e-04 -1.09e-04 -9.46e-05 -7.31e-05 -4.85e-05 -2.49e-05 -8.92e-06 -2.13e-06 -3.27e-07 -3.10e-08 -1.64e-09 -3.71e-11 0.00e+00 0.00e+00 0.00e+00 -0.00e+00 
-0.00e+00 0.00e+00 0.00e+00 0.00e+00 0.00e+00 -3.14e-11 -1.27e-09 -2.16e-08 -2.04e-07 -1.17e-06 -4.36e-06 -1.08e-05 -1.95e-05 -2.80e-05 -3.43e-05 -3.65e-05 -3.43e-05 -2.80e-05 -1.95e-05 -1.08e-05 -4.36e-06 -1.17e-06 -2.04e-07 -2.16e-08 -1.27e-09 -3.14e-11 0.00e+00 0.00e+00 0.00e+00 0.00e+00 -0.00e+00 
-0.00e+00 0.00e+00 0.00e+00 0.00e+00 0.00e+00 0.00e+00 -4.49e-11 -1.63e-09 -2.47e-08 -2.05e-07 -1.03e-06 -3.28e-06 -7.09e-06 -1.13e-05 -1.47e-05 -1.60e-05 -1.47e-05 -1.13e-05 -7.09e-06 -3.28e-06 -1.03e-06 -2.05e-07 -2.47e-08 -1.63e-09 -4.49e-11 0.00e+00 0.00e+00 0.00e+00 0.00e+00 0.00e+00 -0.00e+00 
0.00e+00 -0.00e+00 -0.00e+00 -0.00e+00 -0.00e+00 -0.00e+00 4.49e-11 1.63e-09 2.47e-08 2.05e-07 1.03e-06 3.28e-06 7.09e-06 1.13e-05 1.47e-05 1.60e-05 1.47e-05 1.13e-05 7.09e-06 3.28e-06 1.03e-06 2.05e-07 2.47e-08 1.63e-09 4.49e-11 -0.00e+00 -0.00e+00 -0.00e+00 -0.00e+00 -0.00e+00 0.00e+00 
