0.00e+00 -0.00e+00 -0.00e+00 -0.00e+00 -0.00e+00 -0.00e+00 -0.00e+00 -0.00e+00 -0.00e+00 -0.00e+00 -0.00e+00 -0.00e+00 -0.00e+00 -0.00e+00 -0.00e+00 -0.00e+00 -0.00e+00 -0.00e+00 -0.00e+00 -0.00e+00 -0.00e+00 -0.00e+00 -0.00e+00 -0.00e+00 -0.00e+00 -0.00e+00 -0.00e+00 -0.00e+00 -0.00e+00 -0.00e+00 -0.00e+00 -0.00e+00 -0.00e+00 -0.00e+00 -0.00e+00 -0.00e+00 -0.00e+00 -0.00e+00 -0.00e+00 -0.00e+00 -0.00e+00 -0.00e+00 -0.00e+00 -0.00e+00 -0.00e+00 -0.00e+00 -0.00e+00 -0.00e+00 -0.00e+00 -0.00e+00 -0.00e+00 -0.00e+00 -0.00e+00 -0.00e+00 -0.00e+00 -0.00e+00 -0.00e+00 -0.00e+00 -0.00e+00 -0.00e+00 0.00e+00 
-0.00e+00 0.00e+00 0.00e+00 0.00e+00 0.00e+00 0.00e+00 0.00e+00 0.00e+00 0.00e+00 0.00e+00 0.00e+00 0.00e+00 0.00e+00 0.00e+00 0.00e+00 0.00e+00 0.00e+00 0.00e+00 0.00e+00 0.00e+00 0.00e+00 0.00e+00 0.00e+00 0.00e+00 0.00e+00 0.00e+00 0.00e+00 0.00e+00 0.00e+00 0.00e+00 0.00e+00 0.00e+00 0.00e+00 0.00e+00 0.00e+00 0.00e+00 0.00e+00 0.00e+00 0.00e+00 0.00e+00 0.00e+00 0.00e+00 0.00e+00 0.00e+00 0.00e+00 0.00e+00 0.00e+00 0.00e+00 0.00e+00 0.00e+00 0.00e+00 0.00e+00 0.00e+00 0.00e+00 0.00e+00 0.00e+00 0.00e+00 0.00e+00 0.00e+00 0.00e+00 -0.00e+00 
-0.00e+00 0.00e+00 0.00e+00 0.00e+00 0.00e+00 0.00e+00 0.00e+00 0.00e+00 0.00e+00 0.00e+00 0.00e+00 0.00e+00 0.00e+00 0.00e+00 0.00e+00 0.00e+00 0.00e+00 0.00e+00 0.00e+00 0.00e+00 0.00e+00 0.00e+00 0.00e+00 0.00e+00 0.00e+00 0.00e+00 0.00e+00 0.00e+00 0.00e+00 0.00e+00 0.00e+00 0.00e+00 0.00e+00 0.00e+00 0.00e+00 0.00e+00 0.00e+00 0.00e+00 0.00e+00 0.00e+00 0.00e+00 0.00e+00 0.00e+00 0.00e+00 0.00e+00 0.00e+00 0.00e+00 0.00e+00 0.00e+00 0.00e+00 0.00e+00 0.00e+00 0.00e+00 0.00e+00 0.00e+00 0.00e+00 0.00e+00 0.00e+00 0.00e+00 0.00e+00 -0.00e+00 
-0.00e+00 0.00e+00 0.00e+00 0.00e+00 0.00e+00 0.00e+00 0.00e+00 0.00e+00 0.00e+00 0.00e+00 0.00e+00 0.00e+00 0.00e+00 0.00e+00 0.00e+00 0.00e+00 0.00e+00 0.00e+00 0.00e+00 0.00e+00 0.00e+00 0.00e+00 0.00e+00 0.00e+00 0.00e+00 0.00e+00 0.00e+00 0.00e+00 0.00e+00 0.00e+00 0.00e+00 0.00e+00 0.00e+00 0.00e+00 0.00e+00 0.00e+00 0.00e+00 0.00e+00 0.00e+00 0.00e+00 0.00e+00 0.00e+00 0.00e+00 0.00e+00 0.00e+00 0.00e+00 0.00e+00 0.00e+00 0.00e+00 0.00e+00 0.00e+00 0.00e+00 0.00e+00 0.00e+00 0.00e+00 0.00e+00 0.00e+00 0.00e+00 0.00e+00 0.00e+00 -0.00e+00 
-0.00e+00 0.00e+00 0.00e+00 0.00e+00 0.00e+00 0.00e+00 0.00e+00 0.00e+00 0.00e+00 0.00e+00 0.00e+00 0.00e+00 0.00e+00 0.00e+00 0.00e+00 0.00e+00 0.00e+00 0.00e+00 0.00e+00 0.00e+00 0.00e+00 0.00e+00 0.00e+00 0.00e+00 0.00e+00 0.00e+00 0.00e+00 0.00e+00 0.00e+00 0.00e+00 2.95e-18 0.00e+00 0.00e+00 0.00e+00 0.00e+00 0.00e+00 0.00e+00 0.00e+00 0.00e+00 0.00e+00 0.00e+00 0.00e+00 0.00e+00 0.00e+00 0.00e+00 0.00e+00 0.00e+00 0.00e+00 0.00e+00 0.00e+00 0.00e+00 0.00e+00 0.00e+00 0.00e+00 0.00e+00 0.00e+00 0.00e+00 0.00e+00 0.00e+00 0.00e+00 -0.00e+00 
-0.00e+00 0.00e+00 0.00e+00 0.00e+00 0.00e+00 0.00e+00 0.00e+00 0.00e+00 0.00e+00 0.00e+00 0.00e+00 0.00e+00 0.00e+00 0.00e+00 0.00e+00 0.00e+00 0.00e+00 0.00e+00 0.00e+00 0.00e+00 0.00e+00 0.00e+00 0.00e+00 0.00e+00 0.00e+00 0.00e+00 0.00e+00 0.00e+00 0.00e+00 7.38e-17 3.12e-16 7.38e-17 0.00e+00 0.00e+00 0.00e+00 0.00e+00 0.00e+00 0.00e+00 0.00e+00 0.00e+00 0.00e+00 0.00e+00 0.00e+00 0.00e+00 0.00e+00 0.00e+00 0.00e+00 0.00e+00 0.00e+00 0.00e+00 0.00e+00 0.00e+00 0.00e+00 0.00e+00 0.00e+00 0.00e+00 0.00e+00 0.00e+00 0.00e+00 0.00e+00 -0.00e+00 
-0.00e+00 0.00e+00 0.00e+00 0.00e+00 0.00e+00 0.00e+00 0.00e+00 0.00e+00 0.00e+00 0.00e+00 0.00e+00 0.00e+00 0.00e+00 0.00e+00 0.00e+00 0.00e+00 0.00e+00 0.00e+00 0.00e+00 0.00e+00 0.00e+00 0.00e+00 0.00e+00 0.00e+00 0.00e+00 0.00e+00 0.00e+00 0.00e+00 8.85e-16 7.48e-15 1.66e-14 7.48e-15 8.85e-16 0.00e+00 0.00e+00 0.00e+00 0.00e+00 0.00e+00 0.00e+00 0.00e+00 0.00e+00 0.00e+00 0.00e+00 0.00e+00 0.00e+00 0.00e+00 0.00e+00 0.00e+00 0.00e+00 0.00e+00 0.00e+00 0.00e+00 0.00e+00 0.00e+00 0.00e+00 0.00e+00 0.00e+00 0.00e+00 0.00e+00 0.00e+00 -0.00e+00 
-0.00e+00 0.00e+00 0.00e+00 0.00e+00 0.00e+00 0.00e+00 0.00e+00 0.00e+00 0.00e+00 0.00e+00 0.00e+00 0.00e+00 0.00e+00 0.00e+00 0.00e+00 0.00e+00 0.00e+00 0.00e+00 0.00e+00 0.00e+00 0.00e+00 0.00e+00 0.00e+00 0.00e+00 0.00e+00 0.00e+00 0.00e+00 6.79e-15 8.60e-14 3.62e-13 5.91e-13 3.62e-13 8.60e-14 6.79e-15 0.00e+00 0.00e+00 0.00e+00 0.00e+00 0.00e+00 0.00e+00 0.00e+00 0.00e+00 0.00e+00 0.00e+00 0.00e+00 0.00e+00 0.00e+00 0.00e+00 0.00e+00 0.00e+00 0.00e+00 0.00e+00 0.00e+00 0.00e+00 0.00e+00 0.00e+00 0.00e+00 0.00e+00 0.00e+00 0.00e+00 -0.00e+00 
-0.00e+00 0.00e+00 0.00e+00 0.00e+00 0.00e+00 0.00e+00 0.00e+00 0.00e+00 0.00e+00 0.00e+00 0.00e+00 0.00e+00 0.00e+00 0.00e+00 0.00e+00 0.00e+00 0.00e+00 0.00e+00 0.00e+00 0.00e+00 0.00e+00 0.00e+00 0.00e+00 0.00e+00 0.00e+00 0.00e+00 3.73e-14 6.30e-13 3.90e-12 1.11e-11 1.54e-11 1.11e-11 3.90e-12 6.30e-13 3.73e-14 0.00e+00 0.00e+00 0.00e+00 0.00e+00 0.00e+00 0.00e+00 0.00e+00 0.00e+00 0.00e+00 0.00e+00 0.00e+00 0.00e+00 0.00e+00 0.00e+00 0.00e+00 0.00e+00 0.00e+00 0.00e+00 0.00e+00 0.00e+00 0.00e+00 0.00e+00 0.00e+00 0.00e+00 0.00e+00 -0.00e+00 
-0.00e+00 0.00e+00 0.00e+00 0.00e+00 0.00e+00 0.00e+00 0.00e+00 0.00e+00 0.00e+00 0.00e+00 0.00e+00 0.00e+00 0.00e+00 0.00e+00 0.00e+00 0.00e+00 0.00e+00 0.00e+00 0.00e+00 0.00e+00 0.00e+00 0.00e+00 0.00e+00 0.00e+00 0.00e+00 1.57e-13 3.31e-12 2.70e-11 1.10e-10 2.42e-10 3.09e-10 2.42e-10 1.10e-10 2.70e-11 3.31e-12 1.57e-13 0.00e+00 0.00e+00 0.00e+00 0.00e+00 0.00e+00 0.00e+00 0.00e+00 0.00e+00 0.00e+00 0.00e+00 0.00e+00 0.00e+00 0.00e+00 0.00e+00 0.00e+00 0.00e+00 0.00e+00 0.00e+00 0.00e+00 0.00e+00 0.00e+00 0.00e+00 0.00e+00 0.00e+00 -0.00e+00 
-0.00e+00 0.00e+00 0.00e+00 0.00e+00 0.00e+00 0.00e+00 0.00e+00 0.00e+00 0.00e+00 0.00e+00 0.00e+00 0.00e+00 0.00e+00 0.00e+00 0.00e+00 0.00e+00 0.00e+00 0.00e+00 0.00e+00 0.00e+00 0.00e+00 0.00e+00 0.00e+00 0.00e+00 5.23e-13 1.32e-11 1.34e-10 7.09e-10 2.15e-09 3.98e-09 4.82e-09 3.98e-09 2.15e-09 7.09e-10 1.34e-10 1.32e-11 5.23e-13 0.00e+00 0.00e+00 0.00e+00 0.00e+00 0.00e+00 0.00e+00 0.00e+00 0.00e+00 0.00e+00 0.00e+00 0.00e+00 0.00e+00 0.00e+00 0.00e+00 0.00e+00 0.00e+00 0.00e+00 0.00e+00 0.00e+00 0.00e+00 0.00e+00 0.00e+00 0.00e+00 -0.00e+00 
-0.00e+00 0.00e+00 0.00e+00 0.00e+00 0.00e+00 0.00e+00 0.00e+00 0.00e+00 0.00e+00 0.00e+00 0.00e+00 0.00e+00 0.00e+00 0.00e+00 0.00e+00 0.00e+00 0.00e+00 0.00e+00 0.00e+00 0.00e+00 0.00e+00 0.00e+00 0.00e+00 1.42e-12 4.19e-11 5.07e-10 3.30e-09 1.27e-08 3.10e-08 5.08e-08 5.95e-08 5.08e-08 3.10e-08 1.27e-08 3.30e-09 5.07e-10 4.19e-11 1.42e-12 0.00e+00 0.00e+00 0.00e+00 0.00e+00 0.00e+00 0.00e+00 0.00e+00 0.00e+00 0.00e+00 0.00e+00 0.00e+00 0.00e+00 0.00e+00 0.00e+00 0.00e+00 0.00e+00 0.00e+00 0.00e+00 0.00e+00 0.00e+00 0.00e+00 0.00e+00 -0.00e+00 
-0.00e+00 0.00e+00 0.00e+00 0.00e+00 0.00e+00 0.00e+00 0.00e+00 0.00e+00 0.00e+00 0.00e+00 0.00e+00 0.00e+00 0.00e+00 0.00e+00 0.00e+00 0.00e+00 0.00e+00 0.00e+00 0.00e+00 0.00e+00 0.00e+00 0.00e+00 3.19e-12 1.08e-10 1.52e-09 1.17e-08 5.50e-08 1.66e-07 3.43e-07 5.13e-07 5.84e-07 5.13e-07 3.43e-07 1.66e-07 5.50e-08 1.17e-08 1.52e-09 1.08e-10 3.19e-12 0.00e+00 0.00e+00 0.00e+00 0.00e+00 0.00e+00 0.00e+00 0.00e+00 0.00e+00 0.00e+00 0.00e+00 0.00e+00 0.00e+00 0.00e+00 0.00e+00 0.00e+00 0.00e+00 0.00e+00 0.00e+00 0.00e+00 0.00e+00 0.00e+00 -0.00e+00 
-0.00e+00 0.00e+00 0.00e+00 0.00e+00 0.00e+00 0.00e+00 0.00e+00 0.00e+00 0.00e+00 0.00e+00 0.00e+00 0.00e+00 0.00e+00 0.00e+00 0.00e+00 0.00e+00 0.00e+00 0.00e+00 0.00e+00 0.00e+00 0.00e+00 6.03e-12 2.28e-10 3.67e-09 3.29e-08 1.82e-07 6.58e-07 1.63e-06 2.95e-06 4.13e-06 4.60e-06 4.13e-06 2.95e-06 1.63e-06 6.58e-07 1.82e-07 3.29e-08 3.67e-09 2.28e-10 6.03e-12 0.00e+00 0.00e+00 0.00e+00 0.00e+00 0.00e+00 0.00e+00 0.00e+00 0.00e+00 0.00e+00 0.00e+00 0.00e+00 0.00e+00 0.00e+00 0.00e+00 0.00e+00 0.00e+00 0.00e+00 0.00e+00 0.00e+00 0.00e+00 -0.00e+00 
-0.00e+00 0.00e+00 0.00e+00 0.00e+00 0.00e+00 0.00e+00 0.00e+00 0.00e+00 0.00e+00 0.00e+00 0.00e+00 0.00e+00 0.00e+00 0.00e+00 0.00e+00 0.00e+00 0.00e+00 0.00e+00 0.00e+00 0.00e+00 9.65e-12 4.06e-10 7.32e-09 7.45e-08 4.74e-07 2.00e-06 5.82e-06 1.23e-05 2.01e-05 2.66e-05 2.91e-05 2.66e-05 2.01e-05 1.23e-05 5.82e-06 2.00e-06 4.74e-07 7.45e-08 7.32e-09 4.06e-10 9.65e-12 0.00e+00 0.00e+00 0.00e+00 0.00e+00 0.00e+00 0.00e+00 0.00e+00 0.00e+00 0.00e+00 0.00e+00 0.00e+00 0.00e+00 0.00e+00 0.00e+00 0.00e+00 0.00e+00 0.00e+00 0.00e+00 0.00e+00 -0.00e+00 
-0.00e+00 0.00e+00 0.00e+00 0.00e+00 0.00e+00 0.00e+00 0.00e+00 0.00e+00 0.00e+00 0.00e+00 0.00e+00 0.00e+00 0.00e+00 0.00e+00 0.00e+00 0.00e+00 0.00e+00 0.00e+00 0.00e+00 1.32e-11 6.08e-10 1.22e-08 1.39e-07 1.00e-06 4.81e-06 1.61e-05 3.89e-05 7.22e-05 1.09e-04 1.38e-04 1.49e-04 1.38e-04 1.09e-04 7.22e-05 3.89e-05 1.61e-05 4.81e-06 1.00e-06 1.39e-07 1.22e-08 6.08e-10 1.32e-11 0.00e+00 0.00e+00 0.00e+00 0.00e+00 0.00e+00 0.00e+00 0.00e+00 0.00e+00 0.00e+00 0.00e+00 0.00e+00 0.00e+00 0.00e+00 0.00e+00 0.00e+00 0.00e+00 0.00e+00 0.00e+00 -0.00e+00 
-0.00e+00 0.00e+00 0.00e+00 0.00e+00 0.00e+00 0.00e+00 0.00e+00 0.00e+00 0.00e+00 0.00e+00 0.00e+00 0.00e+00 0.00e+00 0.00e+00 0.00e+00 0.00e+00 0.00e+00 0.00e+00 1.53e-11 7.73e-10 1.70e-08 2.14e-07 1.73e-06 9.35e-06 3.53e-05 9.63e-05 1.99e-04 3.32e-04 4.69e-04 5.73e-04 6.12e-04 5.73e-04 4.69e-04 3.32e-04 1.99e-04 9.63e-05 3.53e-05 9.35e-06 1.73e-06 2.14e-07 1.70e-08 7.73e-10 1.53e-11 0.00e+00 0.00e+00 0.00e+00 0.00e+00 0.00e+00 0.00e+00 0.00e+00 0.00e+00 0.00e+00 0.00e+00 0.00e+00 0.00e+00 0.00e+00 0.00e+00 0.00e+00 0.00e+00 0.00e+00 -0.00e+00 
-0.00e+00 0.00e+00 0.00e+00 0.00e+00 0.00e+00 0.00e+00 0.00e+00 0.00e+00 0.00e+00 0.00e+00 0.00e+00 0.00e+00 0.00e+00 0.00e+00 0.00e+00 0.00e+00 0.00e+00 1.53e-11 8.36e-10 2.00e-08 2.77e-07 2.46e-06 1.49e-05 6.26e-05 1.90e-04 4.34e-04 7.89e-04 1.21e-03 1.63e-03 1.94e-03 2.05e-03 1.94e-03 1.63e-03 1.21e-03 7.89e-04 4.34e-04 1.90e-04 6.26e-05 1.49e-05 2.46e-06 2.77e-07 2.00e-08 8.36e-10 1.53e-11 0.00e+00 0.00e+00 0.00e+00 0.00e+00 0.00e+00 0.00e+00 0.00e+00 0.00e+00 0.00e+00 0.00e+00 0.00e+00 0.00e+00 0.00e+00 0.00e+00 0.00e+00 0.00e+00 -0.00e+00 
-0.00e+00 0.00e+00 0.00e+00 0.00e+00 0.00e+00 0.00e+00 0.00e+00 0.00e+00 0.00e+00 0.00e+00 0.00e+00 0.00e+00 0.00e+00 0.00e+00 0.00e+00 0.00e+00 1.32e-11 7.71e-10 1.99e-08 3.00e-07 2.93e-06 1.94e-05 9.07e-05 3.04e-04 7.60e-04 1.49e-03 2.47e-03 3.58e-03 4.64e-03 5.42e-03 5.70e-03 5.42e-03 4.64e-03 3.58e-03 2.47e-03 1.49e-03 7.60e-04 3.04e-04 9.07e-05 1.94e-05 2.93e-06 3.00e-07 1.99e-08 7.71e-10 1.32e-11 0.00e+00 0.00e+00 0.00e+00 0.00e+00 0.00e+00 0.00e+00 0.00e+00 0.00e+00 0.00e+00 0.00e+00 0.00e+00 0.00e+00 0.00e+00 0.00e+00 0.00e+00 -0.00e+00 
-0.00e+00 0.00e+00 0.00e+00 0.00e+00 0.00e+00 0.00e+00 0.00e+00 0.00e+00 0.00e+00 0.00e+00 0.00e+00 0.00e+00 0.00e+00 0.00e+00 0.00e+00 9.65e-12 6.04e-10 1.68e-08 2.74e-07 2.90e-06 2.11e-05 1.08e-04 3.98e-04 1.08e-03 2.29e-03 4.03e-03 6.27e-03 8.80e-03 1.12e-02 1.29e-02 1.36e-02 1.29e-02 1.12e-02 8.80e-03 6.27e-03 4.03e-03 2.29e-03 1.08e-03 3.98e-04 1.08e-04 2.11e-05 2.90e-06 2.74e-07 1.68e-08 6.04e-10 9.65e-12 0.00e+00 0.00e+00 0.00e+00 0.00e+00 0.00e+00 0.00e+00 0.00e+00 0.00e+00 0.00e+00 0.00e+00 0.00e+00 0.00e+00 0.00e+00 0.00e+00 -0.00e+00 
-0.00e+00 0.00e+00 0.00e+00 0.00e+00 0.00e+00 0.00e+00 0.00e+00 0.00e+00 0.00e+00 0.00e+00 0.00e+00 0.00e+00 0.00e+00 0.00e+00 6.03e-12 4.02e-10 1.20e-08 2.09e-07 2.40e-06 1.89e-05 1.06e-04 4.27e-04 1.27e-03 2.88e-03 5.38e-03 8.95e-03 1.36e-02 1.89e-02 2.39e-02 2.75e-02 2.89e-02 2.75e-02 2.39e-02 1.89e-02 1.36e-02 8.95e-03 5.38e-03 2.88e-03 1.27e-03 4.27e-04 1.06e-04 1.89e-05 2.40e-06 2.09e-07 1.20e-08 4.02e-10 6.03e-12 0.00e+00 0.00e+00 0.00e+00 0.00e+00 0.00e+00 0.00e+00 0.00e+00 0.00e+00 0.00e+00 0.00e+00 0.00e+00 0.00e+00 0.00e+00 -0.00e+00 
-0.00e+00 0.00e+00 0.00e+00 0.00e+00 0.00e+00 0.00e+00 0.00e+00 0.00e+00 0.00e+00 0.00e+00 0.00e+00 0.00e+00 0.00e+00 3.19e-12 2.26e-10 7.14e-09 1.34e-07 1.65e-06 1.40e-05 8.53e-05 3.75e-04 1.22e-03 2.99e-03 5.98e-03 1.06e-02 1.75e-02 2.66e-02 3.68e-02 4.67e-02 5.39e-02 5.66e-02 5.39e-02 4.67e-02 3.68e-02 2.66e-02 1.75e-02 1.06e-02 5.98e-03 2.99e-03 1.22e-03 3.75e-04 8.53e-05 1.40e-05 1.65e-06 1.34e-07 7.14e-09 2.26e-10 3.19e-12 0.00e+00 0.00e+00 0.00e+00 0.00e+00 0.00e+00 0.00e+00 0.00e+00 0.00e+00 0.00e+00 0.00e+00 0.00e+00 0.00e+00 -0.00e+00 
-0.00e+00 0.00e+00 0.00e+00 0.00e+00 0.00e+00 0.00e+00 0.00e+00 0.00e+00 0.00e+00 0.00e+00 0.00e+00 0.00e+00 1.42e-12 1.06e-10 3.55e-09 7.07e-08 9.32e-07 8.56e-06 5.63e-05 2.70e-04 9.57e-04 2.57e-03 5.56e-03 1.06e-02 1.90e-02 3.15e-02 4.77e-02 6.64e-02 8.45e-02 9.78e-02 1.03e-01 9.78e-02 8.45e-02 6.64e-02 4.77e-02 3.15e-02 1.90e-02 1.06e-02 5.56e-03 2.57e-03 9.57e-04 2.70e-04 5.63e-05 8.56e-06 9.32e-07 7.07e-08 3.55e-09 1.06e-10 1.42e-12 0.00e+00 0.00e+00 0.00e+00 0.00e+00 0.00e+00 0.00e+00 0.00e+00 0.00e+00 0.00e+00 0.00e+00 0.00e+00 -0.00e+00 
-0.00e+00 0.00e+00 0.00e+00 0.00e+00 0.00e+00 0.00e+00 0.00e+00 0.00e+00 0.00e+00 0.00e+00 0.00e+00 5.23e-13 4.10e-11 1.45e-09 3.06e-08 4.31e-07 4.24e-06 3.02e-05 1.58e-04 6.14e-04 1.82e-03 4.32e-03 8.96e-03 1.74e-02 3.13e-02 5.16e-02 7.84e-02 1.10e-01 1.40e-01 1.63e-01 1.72e-01 1.63e-01 1.40e-01 1.10e-01 7.84e-02 5.16e-02 3.13e-02 1.74e-02 8.96e-03 4.32e-03 1.82e-03 6.14e-04 1.58e-04 3.02e-05 4.24e-06 4.31e-07 3.06e-08 1.45e-09 4.10e-11 5.23e-13 0.00e+00 0.00e+00 0.00e+00 0.00e+00 0.00e+00 0.00e+00 0.00e+00 0.00e+00 0.00e+00 0.00e+00 -0.00e+00 
-0.00e+00 0.00e+00 0.00e+00 0.00e+00 0.00e+00 0.00e+00 0.00e+00 0.00e+00 0.00e+00 0.00e+00 1.57e-13 1.29e-11 4.78e-10 1.07e-08 1.60e-07 1.68e-06 1.30e-05 7.39e-05 3.18e-04 1.05e-03 2.79e-03 6.35e-03 1.33e-02 2.58e-02 4.61e-02 7.62e-02 1.17e-01 1.65e-01 2.14e-01 2.53e-01 2.68e-01 2.53e-01 2.14e-01 1.65e-01 1.17e-01 7.62e-02 4.61e-02 2.58e-02 1.33e-02 6.35e-03 2.79e-03 1.05e-03 3.18e-04 7.39e-05 1.30e-05 1.68e-06 1.60e-07 1.07e-08 4.78e-10 1.29e-11 1.57e-13 0.00e+00 0.00e+00 0.00e+00 0.00e+00 0.00e+00 0.00e+00 0.00e+00 0.00e+00 0.00e+00 -0.00e+00 
-0.00e+00 0.00e+00 0.00e+00 0.00e+00 0.00e+00 0.00e+00 0.00e+00 0.00e+00 0.00e+00 3.73e-14 3.19e-12 1.24e-10 2.92e-09 4.62e-08 5.22e-07 4.34e-06 2.72e-05 1.30e-04 4.85e-04 1.46e-03 3.70e-03 8.36e-03 1.74e-02 3.36e-02 6.04e-02 1.01e-01 1.57e-01 2.26e-01 3.01e-01 3.65e-01 3.93e-01 3.65e-01 3.01e-01 2.26e-01 1.57e-01 1.01e-01 6.04e-02 3.36e-02 1.74e-02 8.36e-03 3.70e-03 1.46e-03 4.85e-04 1.30e-04 2.72e-05 4.34e-06 5.22e-07 4.62e-08 2.92e-09 1.24e-10 3.19e-12 3.73e-14 0.00e+00 0.00e+00 0.00e+00 0.00e+00 0.00e+00 0.00e+00 0.00e+00 0.00e+00 -0.00e+00 
-0.00e+00 0.00e+00 0.00e+00 0.00e+00 0.00e+00 0.00e+00 0.00e+00 0.00e+00 6.79e-15 6.00e-13 2.43e-11 5.99e-10 1.00e-08 1.21e-07 1.10e-06 7.59e-06 4.08e-05 1.74e-04 6.00e-04 1.72e-03 4.25e-03 9.49e-03 1.97e-02 3.85e-02 6.97e-02 1.18e-01 1.87e-01 2.79e-01 3.89e-01 4.98e-01 5.57e-01 4.98e-01 3.89e-01 2.79e-01 1.87e-01 1.18e-01 6.97e-02 3.85e-02 1.97e-02 9.49e-03 4.25e-03 1.72e-03 6.00e-04 1.74e-04 4.08e-05 7.59e-06 1.10e-06 1.21e-07 1.00e-08 5.99e-10 2.43e-11 6.00e-13 6.79e-15 0.00e+00 0.00e+00 0.00e+00 0.00e+00 0.00e+00 0.00e+00 0.00e+00 -0.00e+00 
-0.00e+00 0.00e+00 0.00e+00 0.00e+00 0.00e+00 0.00e+00 0.00e+00 8.85e-16 8.01e-14 3.35e-12 8.61e-11 1.53e-09 1.98e-08 1.96e-07 1.52e-06 9.31e-06 4.58e-05 1.83e-04 6.00e-04 1.66e-03 4.05e-03 9.06e-03 1.90e-02 3.70e-02 6.75e-02 1.17e-01 1.92e-01 3.02e-01 4.57e-01 6.52e-01 8.05e-01 6.52e-01 4.57e-01 3.02e-01 1.92e-01 1.17e-01 6.75e-02 3.70e-02 1.90e-02 9.06e-03 4.05e-03 1.66e-03 6.00e-04 1.83e-04 4.58e-05 9.31e-06 1.52e-06 1.96e-07 1.98e-08 1.53e-09 8.61e-11 3.35e-12 8.01e-14 8.85e-16 0.00e+00 0.00e+00 0.00e+00 0.00e+00 0.00e+00 0.00e+00 -0.00e+00 
-0.00e+00 0.00e+00 0.00e+00 0.00e+00 0.00e+00 0.00e+00 7.38e-17 6.67e-15 2.82e-13 7.47e-12 1.40e-10 1.97e-09 2.17e-08 1.92e-07 1.36e-06 7.86e-06 3.67e-05 1.40e-04 4.46e-04 1.22e-03 2.97e-03 6.62e-03 1.38e-02 2.72e-02 5.05e-02 8.93e-02 1.53e-01 2.63e-01 4.57e-01 8.09e-01 1.31e+00 8.09e-01 4.57e-01 2.63e-01 1.53e-01 8.93e-02 5.05e-02 2.72e-02 1.38e-02 6.62e-03 2.97e-03 1.22e-03 4.46e-04 1.40e-04 3.67e-05 7.86e-06 1.36e-06 1.92e-07 2.17e-08 1.97e-09 1.40e-10 7.47e-12 2.82e-13 6.67e-15 7.38e-17 0.00e+00 0.00e+00 0.00e+00 0.00e+00 0.00e+00 -0.00e+00 
-0.00e+00 0.00e+00 0.00e+00 0.00e+00 0.00e+00 2.95e-18 2.41e-16 9.38e-15 2.38e-13 4.58e-12 7.12e-11 9.14e-10 9.59e-09 8.13e-08 5.55e-07 3.08e-06 1.40e-05 5.28e-05 1.67e-04 4.50e-04 1.08e-03 2.43e-03 5.15e-03 1.01e-02 1.89e-02 3.43e-02 6.24e-02 1.21e-01 2.73e-01 7.74e-01 2.75e+00 7.74e-01 2.73e-01 1.21e-01 6.24e-02 3.43e-02 1.89e-02 1.01e-02 5.15e-03 2.43e-03 1.08e-03 4.50e-04 1.67e-04 5.28e-05 1.40e-05 3.08e-06 5.55e-07 8.13e-08 9.59e-09 9.14e-10 7.12e-11 4.58e-12 2.38e-13 9.38e-15 2.41e-16 2.95e-18 0.00e+00 0.00e+00 0.00e+00 0.00e+00 -0.00e+00 
-0.00e+00 0.00e+00 0.00e+00 0.00e+00 0.00e+00 -2.95e-18 -2.41e-16 -9.38e-15 -2.38e-13 -4.58e-12 -7.12e-11 -9.14e-10 -9.59e-09 -8.13e-08 -5.55e-07 -3.08e-06 -1.40e-05 -5.28e-05 -1.67e-04 -4.50e-04 -1.08e-03 -2.43e-03 -5.15e-03 -1.01e-02 -1.89e-02 -3.43e-02 -6.24e-02 -1.21e-01 -2.73e-01 -7.74e-01 -2.75e+00 -7.74e-01 -2.73e-01 -1.21e-01 -6.24e-02 -3.43e-02 -1.89e-02 -1.01e-02 -5.15e-03 -2.43e-03 -1.08e-03 -4.50e-04 -1.67e-04 -5.28e-05 -1.40e-05 -3.08e-06 -5.55e-07 -8.13e-08 -9.59e-09 -9.14e-10 -7.12e-11 -4.58e-12 -2.38e-13 -9.38e-15 -2.41e-16 -2.95e-18 0.00e+00 0.00e+00 0.00e+00 0.00e+00 -0.00e+00 
-0.00e+00 0.00e+00 0.00e+00 0.00e+00 0.00e+00 0.00e+00 -7.38e-17 -6.67e-15 -2.82e-13 -7.47e-12 -1.40e-10 -1.97e-09 -2.17e-08 -1.92e-07 -1.36e-06 -7.86e-06 -3.67e-05 -1.40e-04 -4.46e-04 -1.22e-03 -2.97e-03 -6.62e-03 -1.38e-02 -2.72e-02 -5.05e-02 -8.93e-02 -1.53e-01 -2.63e-01 -4.57e-01 -8.09e-01 -1.31e+00 -8.09e-01 -4.57e-01 -2.63e-01 -1.53e-01 -8.93e-02 -5.05e-02 -2.72e-02 -1.38e-02 -6.62e-03 -2.97e-03 -1.22e-03 -4.46e-04 -1.40e-04 -3.67e-05 -7.86e-06 -1.36e-06 -1.92e-07 -2.17e-08 -1.97e-09 -1.40e-10 -7.47e-12 -2.82e-13 -6.67e-15 -7.38e-17 0.00e+00 0.00e+00 0.00e+00 0.00e+00 0.00e+00 -0.00e+00 
-0.00e+00 0.00e+00 0.00e+00 0.00e+00 0.00e+00 0.00e+00 0.00e+00 -8.85e-16 -8.01e-14 -3.35e-12 -8.61e-11 -1.53e-09 -1.98e-08 -1.96e-07 -1.52e-06 -9.31e-06 -4.58e-05 -1.83e-04 -6.00e-04 -1.66e-03 -4.05e-03 -9.06e-03 -1.90e-02 -3.70e-02 -6.75e-02 -1.17e-01 -1.92e-01 -3.02e-01 -4.57e-01 -6.52e-01 -8.05e-01 -6.52e-01 -4.57e-01 -3.02e-01 -1.92e-01 -1.17e-01 -6.75e-02 -3.70e-02 -1.90e-02 -9.06e-03 -4.05e-03 -1.66e-03 -6.00e-04 -1.83e-04 -4.58e-05 -9.31e-06 -1.52e-06 -1.96e-07 -1.98e-08 -1.53e-09 -8.61e-11 -3.35e-12 -8.01e-14 -8.85e-16 0.00e+00 0.00e+00 0.00e+00 0.00e+00 0.00e+00 0.00e+00 -0.00e+00 
-0.00e+00 0.00e+00 0.00e+00 0.00e+00 0.00e+00 0.00e+00 0.00e+00 0.00e+00 -6.79e-15 -6.00e-13 -2.43e-11 -5.99e-10 -1.00e-08 -1.21e-07 -1.10e-06 -7.59e-06 -4.08e-05 -1.74e-04 -6.00e-04 -1.72e-03 -4.25e-03 -9.49e-03 -1.97e-02 -3.85e-02 -6.97e-02 -1.18e-01 -1.87e-01 -2.79e-01 -3.89e-01 -4.98e-01 -5.57e-01 -4.98e-01 -3.89e-01 -2.79e-01 -1.87e-01 -1.18e-01 -6.97e-02 -3.85e-02 -1.97e-02 -9.49e-03 -4.25e-03 -1.72e-03 -6.00e-04 -1.74e-04 -4.08e-05 -7.59e-06 -1.10e-06 -1.21e-07 -1.00e-08 -5.99e-10 -2.43e-11 -6.00e-13 -6.79e-15 0.00e+00 0.00e+00 0.00e+00 0.00e+00 0.00e+00 0.00e+00 0.00e+00 -0.00e+00 
-0.00e+00 0.00e+00 0.00e+00 0.00e+00 0.00e+00 0.00e+00 0.00e+00 0.00e+00 0.00e+00 -3.73e-14 -3.19e-12 -1.24e-10 -2.92e-09 -4.62e-08 -5.22e-07 -4.34e-06 -2.72e-05 -1.30e-04 -4.85e-04 -1.46e-03 -3.70e-03 -8.36e-03 -1.74e-02 -3.36e-02 -6.04e-02 -1.01e-01 -1.57e-01 -2.26e-01 -3.01e-01 -3.65e-01 -3.93e-01 -3.65e-01 -3.01e-01 -2.26e-01 -1.57e-01 -1.01e-01 -6.04e-02 -3.36e-02 -1.74e-02 -8.36e-03 -3.70e-03 -1.46e-03 -4.85e-04 -1.30e-04 -2.72e-05 -4.34e-06 -5.22e-07 -4.62e-08 -2.92e-09 -1.24e-10 -3.19e-12 -3.73e-14 0.00e+00 0.00e+00 0.00e+00 0.00e+00 0.00e+00 0.00e+00 0.00e+00 0.00e+00 -0.00e+00 
-0.00e+00 0.00e+00 0.00e+00 0.00e+00 0.00e+00 0.00e+00 0.00e+00 0.00e+00 0.00e+00 0.00e+00 -1.57e-13 -1.29e-11 -4.78e-10 -1.07e-08 -1.60e-07 -1.68e-06 -1.30e-05 -7.39e-05 -3.18e-04 -1.05e-03 -2.79e-03 -6.35e-03 -1.33e-02 -2.58e-02 -4.61e-02 -7.62e-02 -1.17e-01 -1.65e-01 -2.14e-01 -2.53e-01 -2.68e-01 -2.53e-01 -2.14e-01 -1.65e-01 -1.17e-01 -7.62e-02 -4.61e-02 -2.58e-02 -1.33e-02 -6.35e-03 -2.79e-03 -1.05e-03 -3.18e-04 -7.39e-05 -1.30e-05 -1.68e-06 -1.60e-07 -1.07e-08 -4.78e-10 -1.29e-11 -1.57e-13 0.00e+00 0.00e+00 0.00e+00 0.00e+00 0.00e+00 0.00e+00 0.00e+00 0.00e+00 0.00e+00 -0.00e+00 
-0.00e+00 0.00e+00 0.00e+00 0.00e+00 0.00e+00 0.00e+00 0.00e+00 0.00e+00 0.00e+00 0.00e+00 0.00e+00 -5.23e-13 -4.10e-11 -1.45e-09 -3.06e-08 -4.31e-07 -4.24e-06 -3.02e-05 -1.58e-04 -6.14e-04 -1.82e-03 -4.32e-03 -8.96e-03 -1.74e-02 -3.13e-02 -5.16e-02 -7.84e-02 -1.10e-01 -1.40e-01 -1.63e-01 -1.72e-01 -1.63e-01 -1.40e-01 -1.10e-01 -7.84e-02 -5.16e-02 -3.13e-02 -1.74e-02 -8.96e-03 -4.32e-03 -1.82e-03 -6.14e-04 -1.58e-04 -3.02e-05 -4.24e-06 -4.31e-07 -3.06e-08 -1.45e-09 -4.10e-11 -5.23e-13 0.00e+00 0.00e+00 0.00e+00 0.00e+00 0.00e+00 0.00e+00 0.00e+00 0.00e+00 0.00e+00 0.00e+00 -0.00e+00 
-0.00e+00 0.00e+00 0.00e+00 0.00e+00 0.00e+00 0.00e+00 0.00e+00 0.00e+00 0.00e+00 0.00e+00 0.00e+00 0.00e+00 -1.42e-12 -1.06e-10 -3.55e-09 -7.07e-08 -9.32e-07 -8.56e-06 -5.63e-05 -2.70e-04 -9.57e-04 -2.57e-03 -5.56e-03 -1.06e-02 -1.90e-02 -3.15e-02 -4.77e-02 -6.64e-02 -8.45e-02 -9.78e-02 -1.03e-01 -9.78e-02 -8.45e-02 -6.64e-02 -4.77e-02 -3.15e-02 -1.90e-02 -1.06e-02 -5.56e-03 -2.57e-03 -9.57e-04 -2.70e-04 -5.63e-05 -8.56e-06 -9.32e-07 -7.07e-08 -3.55e-09 -1.06e-10 -1.42e-12 0.00e+00 0.00e+00 0.00e+00 0.00e+00 0.00e+00 0.00e+00 0.00e+00 0.00e+00 0.00e+00 0.00e+00 0.00e+00 -0.00e+00 
-0.00e+00 0.00e+00 0.00e+00 0.00e+00 0.00e+00 0.00e+00 0.00e+00 0.00e+00 0.00e+00 0.00e+00 0.00e+00 0.00e+00 0.00e+00 -3.19e-12 -2.26e-10 -7.14e-09 -1.34e-07 -1.65e-06 -1.40e-05 -8.53e-05 -3.75e-04 -1.22e-03 -2.99e-03 -5.98e-03 -1.06e-02 -1.75e-02 -2.66e-02 -3.68e-02 -4.67e-02 -5.39e-02 -5.66e-02 -5.39e-02 -4.67e-02 -3.68e-02 -2.66e-02 -1.75e-02 -1.06e-02 -5.98e-03 -2.99e-03 -1.22e-03 -3.75e-04 -8.53e-05 -1.40e-05 -1.65e-06 -1.34e-07 -7.14e-09 -2.26e-10 -3.19e-12 0.00e+00 0.00e+00 0.00e+00 0.00e+00 0.00e+00 0.00e+00 0.00e+00 0.00e+00 0.00e+00 0.00e+00 0.00e+00 0.00e+00 -0.00e+00 
-0.00e+00 0.00e+00 0.00e+00 0.00e+00 0.00e+00 0.00e+00 0.00e+00 0.00e+00 0.00e+00 0.00e+00 0.00e+00 0.00e+00 0.00e+00 0.00e+00 -6.03e-12 -4.02e-10 -1.20e-08 -2.09e-07 -2.40e-06 -1.89e-05 -1.06e-04 -4.27e-04 -1.27e-03 -2.88e-03 -5.38e-03 -8.95e-03 -1.36e-02 -1.89e-02 -2.39e-02 -2.75e-02 -2.89e-02 -2.75e-02 -2.39e-02 -1.89e-02 -1.36e-02 -8.95e-03 -5.38e-03 -2.88e-03 -1.27e-03 -4.27e-04 -1.06e-04 -1.89e-05 -2.40e-06 -2.09e-07 -1.20e-08 -4.02e-10 -6.03e-12 0.00e+00 0.00e+00 0.00e+00 0.00e+00 0.00e+00 0.00e+00 0.00e+00 0.00e+00 0.00e+00 0.00e+00 0.00e+00 0.00e+00 0.00e+00 -0.00e+00 
-0.00e+00 0.00e+00 0.00e+00 0.00e+00 0.00e+00 0.00e+00 0.00e+00 0.00e+00 0.00e+00 0.00e+00 0.00e+00 0.00e+00 0.00e+00 0.00e+00 0.00e+00 -9.65e-12 -6.04e-10 -1.68e-08 -2.74e-07 -2.90e-06 -2.11e-05 -1.08e-04 -3.98e-04 -1.08e-03 -2.29e-03 -4.03e-03 -6.27e-03 -8.80e-03 -1.12e-02 -1.29e-02 -1.36e-02 -1.29e-02 -1.12e-02 -8.80e-03 -6.27e-03 -4.03e-03 -2.29e-03 -1.08e-03 -3.98e-04 -1.08e-04 -2.11e-05 -2.90e-06 -2.74e-07 -1.68e-08 -6.04e-10 -9.65e-12 0.00e+00 0.00e+00 0.00e+00 0.00e+00 0.00e+00 0.00e+00 0.00e+00 0.00e+00 0.00e+00 0.00e+00 0.00e+00 0.00e+00 0.00e+00 0.00e+00 -0.00e+00 
-0.00e+00 0.00e+00 0.00e+00 0.00e+00 0.00e+00 0.00e+00 0.00e+00 0.00e+00 0.00e+00 0.00e+00 0.00e+00 0.00e+00 0.00e+00 0.00e+00 0.00e+00 0.00e+00 -1.32e-11 -7.71e-10 -1.99e-08 -3.00e-07 -2.93e-06 -1.94e-05 -9.07e-05 -3.04e-04 -7.60e-04 -1.49e-03 -2.47e-03 -3.58e-03 -4.64e-03 -5.42e-03 -5.70e-03 -5.42e-03 -4.64e-03 -3.58e-03 -2.47e-03 -1.49e-03 -7.60e-04 -3.04e-04 -9.07e-05 -1.94e-05 -2.93e-06 -3.00e-07 -1.99e-08 -7.71e-10 -1.32e-11 0.00e+00 0.00e+00 0.00e+00 0.00e+00 0.00e+00 0.00e+00 0.00e+00 0.00e+00 0.00e+00 0.00e+00 0.00e+00 0.00e+00 0.00e+00 0.00e+00 0.00e+00 -0.00e+00 
-0.00e+00 0.00e+00 0.00e+00 0.00e+00 0.00e+00 0.00e+00 0.00e+00 0.00e+00 0.00e+00 0.00e+00 0.00e+00 0.00e+00 0.00e+00 0.00e+00 0.00e+00 0.00e+00 0.00e+00 -1.53e-11 -8.36e-10 -2.00e-08 -2.77e-07 -2.46e-06 -1.49e-05 -6.26e-05 -1.90e-04 -4.34e-04 -7.89e-04 -1.21e-03 -1.63e-03 -1.94e-03 -2.05e-03 -1.94e-03 -1.63e-03 -1.21e-03 -7.89e-04 -4.34e-04 -1.90e-04 -6.26e-05 -1.49e-05 -2.46e-06 -2.77e-07 -2.00e-08 -8.36e-10 -1.53e-11 0.00e+00 0.00e+00 0.00e+00 0.00e+00 0.00e+00 0.00e+00 0.00e+00 0.00e+00 0.00e+00 0.00e+00 0.00e+00 0.00e+00 0.00e+00 0.00e+00 0.00e+00 0.00e+00 -0.00e+00 
-0.00e+00 0.00e+00 0.00e+00 0.00e+00 0.00e+00 0.00e+00 0.00e+00 0.00e+00 0.00e+00 0.00e+00 0.00e+00 0.00e+00 0.00e+00 0.00e+00 0.00e+00 0.00e+00 0.00e+00 0.00e+00 -1.53e-11 -7.73e-10 -1.70e-08 -2.14e-07 -1.73e-06 -9.35e-06 -3.53e-05 -9.63e-05 -1.99e-04 -3.32e-04 -4.69e-04 -5.73e-04 -6.12e-04 -5.73e-04 -4.69e-04 -3.32e-04 -1.99e-04 -9.63e-05 -3.53e-05 -9.35e-06 -1.73e-06 -2.14e-07 -1.70e-08 -7.73e-10 -1.53e-11 0.00e+00 0.00e+00 0.00e+00 0.00e+00 0.00e+00 0.00e+00 0.00e+00 0.00e+00 0.00e+00 0.00e+00 0.00e+00 0.00e+00 0.00e+00 0.00e+00 0.00e+00 0.00e+00 0.00e+00 -0.00e+00 
-0.00e+00 0.00e+00 0.00e+00 0.00e+00 0.00e+00 0.00e+00 0.00e+00 0.00e+00 0.00e+00 0.00e+00 0.00e+00 0.00e+00 0.00e+00 0.00e+00 0.00e+00 0.00e+00 0.00e+00 0.00e+00 0.00e+00 -1.32e-11 -6.08e-10 -1.22e-08 -1.39e-07 -1.00e-06 -4.81e-06 -1.61e-05 -3.89e-05 -7.22e-05 -1.09e-04 -1.38e-04 -1.49e-04 -1.38e-04 -1.09e-04 -7.22e-05 -3.89e-05 -1.61e-05 -4.81e-06 -1.00e-06 -1.39e-07 -1.22e-08 -6.08e-10 -1.32e-11 0.00e+00 0.00e+00 0.00e+00 0.00e+00 0.00e+00 0.00e+00 0.00e+00 0.00e+00 0.00e+00 0.00e+00 0.00e+00 0.00e+00 0.00e+00 0.00e+00 0.00e+00 0.00e+00 0.00e+00 0.00e+00 -0.00e+00 
-0.00e+00 0.00e+00 0.00e+00 0.00e+00 0.00e+00 0.00e+00 0.00e+00 0.00e+00 0.00e+00 0.00e+00 0.00e+00 0.00e+00 0.00e+00 0.00e+00 0.00e+00 0.00e+00 0.00e+00 0.00e+00 0.00e+00 0.00e+00 -9.65e-12 -4.06e-10 -7.32e-09 -7.45e-08 -4.74e-07 -2.00e-06 -5.82e-06 -1.23e-05 -2.01e-05 -2.66e-05 -2.91e-05 -2.66e-05 -2.01e-05 -1.23e-05 -5.82e-06 -2.00e-06 -4.74e-07 -7.45e-08 -7.32e-09 -4.06e-10 -9.65e-12 0.00e+00 0.00e+00 0.00e+00 0.00e+00 0.00e+00 0.00e+00 0.00e+00 0.00e+00 0.00e+00 0.00e+00 0.00e+00 0.00e+00 0.00e+00 0.00e+00 0.00e+00 0.00e+00 0.00e+00 0.00e+00 0.00e+00 -0.00e+00 
-0.00e+00 0.00e+00 0.00e+00 0.00e+00 0.00e+00 0.00e+00 0.00e+00 0.00e+00 0.00e+00 0.00e+00 0.00e+00 0.00e+00 0.00e+00 0.00e+00 0.00e+00 0.00e+00 0.00e+00 0.00e+00 0.00e+00 0.00e+00 0.00e+00 -6.03e-12 -2.28e-10 -3.67e-09 -3.29e-08 -1.82e-07 -6.58e-07 -1.63e-06 -2.95e-06 -4.13e-06 -4.60e-06 -4.13e-06 -2.95e-06 -1.63e-06 -6.58e-07 -1.82e-07 -3.29e-08 -3.67e-09 -2.28e-10 -6.03e-12 0.00e+00 0.00e+00 0.00e+00 0.00e+00 0.00e+00 0.00e+00 0.00e+00 0.00e+00 0.00e+00 0.00e+00 0.00e+00 0.00e+00 0.00e+00 0.00e+00 0.00e+00 0.00e+00 0.00e+00 0.00e+00 0.00e+00 0.00e+00 -0.00e+00 
-0.00e+00 0.00e+00 0.00e+00 0.00e+00 0.00e+00 0.00e+00 0.00e+00 0.00e+00 0.00e+00 0.00e+00 0.00e+00 0.00e+00 0.00e+00 0.00e+00 0.00e+00 0.00e+00 0.00e+00 0.00e+00 0.00e+00 0.00e+00 0.00e+00 0.00e+00 -3.19e-12 -1.08e-10 -1.52e-09 -1.17e-08 -5.50e-08 -1.66e-07 -3.43e-07 -5.13e-07 -5.84e-07 -5.13e-07 -3.43e-07 -1.66e-07 -5.50e-08 -1.17e-08 -1.52e-09 -1.08e-10 -3.19e-12 0.00e+00 0.00e+00 0.00e+00 0.00e+00 0.00e+00 0.00e+00 0.00e+00 0.00e+00 0.00e+00 0.00e+00 0.00e+00 0.00e+00 0.00e+00 0.00e+00 0.00e+00 0.00e+00 0.00e+00 0.00e+00 0.00e+00 0.00e+00 0.00e+00 -0.00e+00 
-0.00e+00 0.00e+00 0.00e+00 0.00e+00 0.00e+00 0.00e+00 0.00e+00 0.00e+00 0.00e+00 0.00e+00 0.00e+00 0.00e+00 0.00e+00 0.00e+00 0.00e+00 0.00e+00 0.00e+00 0.00e+00 0.00e+00 0.00e+00 0.00e+00 0.00e+00 0.00e+00 -1.42e-12 -4.19e-11 -5.07e-10 -3.30e-09 -1.27e-08 -3.10e-08 -5.08e-08 -5.95e-08 -5.08e-08 -3.10e-08 -1.27e-08 -3.30e-09 -5.07e-10 -4.19e-11 -1.42e-12 0.00e+00 0.00e+00 0.00e+00 0.00e+00 0.00e+00 0.00e+00 0.00e+00 0.00e+00 0.00e+00 0.00e+00 0.00e+00 0.00e+00 0.00e+00 0.00e+00 0.00e+00 0.00e+00 0.00e+00 0.00e+00 0.00e+00 0.00e+00 0.00e+00 0.00e+00 -0.00e+00 
-0.00e+00 0.00e+00 0.00e+00 0.00e+00 0.00e+00 0.00e+00 0.00e+00 0.00e+00 0.00e+00 0.00e+00 0.00e+00 0.00e+00 0.00e+00 0.00e+00 0.00e+00 0.00e+00 0.00e+00 0.00e+00 0.00e+00 0.00e+00 0.00e+00 0.00e+00 0.00e+00 0.00e+00 -5.23e-13 -1.32e-11 -1.34e-10 -7.09e-10 -2.15e-09 -3.98e-09 -4.82e-09 -3.98e-09 -2.15e-09 -7.09e-10 -1.34e-10 -1.32e-11 -5.23e-13 0.00e+00 0.00e+00 0.00e+00 0.00e+00 0.00e+00 0.00e+00 0.00e+00 0.00e+00 0.00e+00 0.00e+00 0.00e+00 0.00e+00 0.00e+00 0.00e+00 0.00e+00 0.00e+00 0.00e+00 0.00e+00 0.00e+00 0.00e+00 0.00e+00 0.00e+00 0.00e+00 -0.00e+00 
-0.00e+00 0.00e+00 0.00e+00 0.00e+00 0.00e+00 0.00e+00 0.00e+00 0.00e+00 0.00e+00 0.00e+00 0.00e+00 0.00e+00 0.00e+00 0.00e+00 0.00e+00 0.00e+00 0.00e+00 0.00e+00 0.00e+00 0.00e+00 0.00e+00 0.00e+00 0.00e+00 0.00e+00 0.00e+00 -1.57e-13 -3.31e-12 -2.70e-11 -1.10e-10 -2.42e-10 -3.09e-10 -2.42e-10 -1.10e-10 -2.70e-11 -3.31e-12 -1.57e-13 0.00e+00 0.00e+00 0.00e+00 0.00e+00 0.00e+00 0.00e+00 0.00e+00 0.00e+00 0.00e+00 0.00e+00 0.00e+00 0.00e+00 0.00e+00 0.00e+00 0.00e+00 0.00e+00 0.00e+00 0.00e+00 0.00e+00 0.00e+00 0.00e+00 0.00e+00 0.00e+00 0.00e+00 -0.00e+00 
-0.00e+00 0.00e+00 0.00e+00 0.00e+00 0.00e+00 0.00e+00 0.00e+00 0.00e+00 0.00e+00 0.00e+00 0.00e+00 0.00e+00 0.00e+00 0.00e+00 0.00e+00 0.00e+00 0.00e+00 0.00e+00 0.00e+00 0.00e+00 0.00e+00 0.00e+00 0.00e+00 0.00e+00 0.00e+00 0.00e+00 -3.73e-14 -6.30e-13 -3.90e-12 -1.11e-11 -1.54e-11 -1.11e-11 -3.90e-12 -6.30e-13 -3.73e-14 0.00e+00 0.00e+00 0.00e+00 0.00e+00 0.00e+00 0.00e+00 0.00e+00 0.00e+00 0.00e+00 0.00e+00 0.00e+00 0.00e+00 0.00e+00 0.00e+00 0.00e+00 0.00e+00 0.00e+00 0.00e+00 0.00e+00 0.00e+00 0.00e+00 0.00e+00 0.00e+00 0.00e+00 0.00e+00 -0.00e+00 
-0.00e+00 0.00e+00 0.00e+00 0.00e+00 0.00e+00 0.00e+00 0.00e+00 0.00e+00 0.00e+00 0.00e+00 0.00e+00 0.00e+00 0.00e+00 0.00e+00 0.00e+00 0.00e+00 0.00e+00 0.00e+00 0.00e+00 0.00e+00 0.00e+00 0.00e+00 0.00e+00 0.00e+00 0.00e+00 0.00e+00 0.00e+00 -6.79e-15 -8.60e-14 -3.62e-13 -5.91e-13 -3.62e-13 -8.60e-14 -6.79e-15 0.00e+00 0.00e+00 0.00e+00 0.00e+00 0.00e+00 0.00e+00 0.00e+00 0.00e+00 0.00e+00 0.00e+00 0.00e+00 0.00e+00 0.00e+00 0.00e+00 0.00e+00 0.00e+00 0.00e+00 0.00e+00 0.00e+00 0.00e+00 0.00e+00 0.00e+00 0.00e+00 0.00e+00 0.00e+00 0.00e+00 -0.00e+00 
-0.00e+00 0.00e+00 0.00e+00 0.00e+00 0.00e+00 0.00e+00 0.00e+00 0.00e+00 0.00e+00 0.00e+00 0.00e+00 0.00e+00 0.00e+00 0.00e+00 0.00e+00 0.00e+00 0.00e+00 0.00e+00 0.00e+00 0.00e+00 0.00e+00 0.00e+00 0.00e+00 0.00e+00 0.00e+00 0.00e+00 0.00e+00 0.00e+00 -8.85e-16 -7.48e-15 -1.66e-14 -7.48e-15 -8.85e-16 0.00e+00 0.00e+00 0.00e+00 0.00e+00 0.00e+00 0.00e+00 0.00e+00 0.00e+00 0.00e+00 0.00e+00 0.00e+00 0.00e+00 0.00e+00 0.00e+00 0.00e+00 0.00e+00 0.00e+00 0.00e+00 0.00e+00 0.00e+00 0.00e+00 0.00e+00 0.00e+00 0.00e+00 0.00e+00 0.00e+00 0.00e+00 -0.00e+00 
-0.00e+00 0.00e+00 0.00e+00 0.00e+00 0.00e+00 0.00e+00 0.00e+00 0.00e+00 0.00e+00 0.00e+00 0.00e+00 0.00e+00 0.00e+00 0.00e+00 0.00e+00 0.00e+00 0.00e+00 0.00e+00 0.00e+00 0.00e+00 0.00e+00 0.00e+00 0.00e+00 0.00e+00 0.00e+00 0.00e+00 0.00e+00 0.00e+00 0.00e+00 -7.38e-17 -3.12e-16 -7.38e-17 0.00e+00 0.00e+00 0.00e+00 0.00e+00 0.00e+00 0.00e+00 0.00e+00 0.00e+00 0.00e+00 0.00e+00 0.00e+00 0.00e+00 0.00e+00 0.00e+00 0.00e+00 0.00e+00 0.00e+00 0.00e+00 0.00e+00 0.00e+00 0.00e+00 0.00e+00 0.00e+00 0.00e+00 0.00e+00 0.00e+00 0.00e+00 0.00e+00 -0.00e+00 
-0.00e+00 0.00e+00 0.00e+00 0.00e+00 0.00e+00 0.00e+00 0.00e+00 0.00e+00 0.00e+00 0.00e+00 0.00e+00 0.00e+00 0.00e+00 0.00e+00 0.00e+00 0.00e+00 0.00e+00 0.00e+00 0.00e+00 0.00e+00 0.00e+00 0.00e+00 0.00e+00 0.00e+00 0.00e+00 0.00e+00 0.00e+00 0.00e+00 0.00e+00 0.00e+00 -2.95e-18 0.00e+00 0.00e+00 0.00e+00 0.00e+00 0.00e+00 0.00e+00 0.00e+00 0.00e+00 0.00e+00 0.00e+00 0.00e+00 0.00e+00 0.00e+00 0.00e+00 0.00e+00 0.00e+00 0.00e+00 0.00e+00 0.00e+00 0.00e+00 0.00e+00 0.00e+00 0.00e+00 0.00e+00 0.00e+00 0.00e+00 0.00e+00 0.00e+00 0.00e+00 -0.00e+00 
-0.00e+00 0.00e+00 0.00e+00 0.00e+00 0.00e+00 0.00e+00 0.00e+00 0.00e+00 0.00e+00 0.00e+00 0.00e+00 0.00e+00 0.00e+00 0.00e+00 0.00e+00 0.00e+00 0.00e+00 0.00e+00 0.00e+00 0.00e+00 0.00e+00 0.00e+00 0.00e+00 0.00e+00 0.00e+00 0.00e+00 0.00e+00 0.00e+00 0.00e+00 0.00e+00 0.00e+00 0.00e+00 0.00e+00 0.00e+00 0.00e+00 0.00e+00 0.00e+00 0.00e+00 0.00e+00 0.00e+00 0.00e+00 0.00e+00 0.00e+00 0.00e+00 0.00e+00 0.00e+00 0.00e+00 0.00e+00 0.00e+00 0.00e+00 0.00e+00 0.00e+00 0.00e+00 0.00e+00 0.00e+00 0.00e+00 0.00e+00 0.00e+00 0.00e+00 0.00e+00 -0.00e+00 
-0.00e+00 0.00e+00 0.00e+00 0.00e+00 0.00e+00 0.00e+00 0.00e+00 0.00e+00 0.00e+00 0.00e+00 0.00e+00 0.00e+00 0.00e+00 0.00e+00 0.00e+00 0.00e+00 0.00e+00 0.00e+00 0.00e+00 0.00e+00 0.00e+00 0.00e+00 0.00e+00 0.00e+00 0.00e+00 0.00e+00 0.00e+00 0.00e+00 0.00e+00 0.00e+00 0.00e+00 0.00e+00 0.00e+00 0.00e+00 0.00e+00 0.00e+00 0.00e+00 0.00e+00 0.00e+00 0.00e+00 0.00e+00 0.00e+00 0.00e+00 0.00e+00 0.00e+00 0.00e+00 0.00e+00 0.00e+00 0.00e+00 0.00e+00 0.00e+00 0.00e+00 0.00e+00 0.00e+00 0.00e+00 0.00e+00 0.00e+00 0.00e+00 0.00e+00 0.00e+00 -0.00e+00 
-0.00e+00 0.00e+00 0.00e+00 0.00e+00 0.00e+00 0.00e+00 0.00e+00 0.00e+00 0.00e+00 0.00e+00 0.00e+00 0.00e+00 0.00e+00 0.00e+00 0.00e+00 0.00e+00 0.00e+00 0.00e+00 0.00e+00 0.00e+00 0.00e+00 0.00e+00 0.00e+00 0.00e+00 0.00e+00 0.00e+00 0.00e+00 0.00e+00 0.00e+00 0.00e+00 0.00e+00 0.00e+00 0.00e+00 0.00e+00 0.00e+00 0.00e+00 0.00e+00 0.00e+00 0.00e+00 0.00e+00 0.00e+00 0.00e+00 0.00e+00 0.00e+00 0.00e+00 0.00e+00 0.00e+00 0.00e+00 0.00e+00 0.00e+00 0.00e+00 0.00e+00 0.00e+00 0.00e+00 0.00e+00 0.00e+00 0.00e+00 0.00e+00 0.00e+00 0.00e+00 -0.00e+00 
-0.00e+00 0.00e+00 0.00e+00 0.00e+00 0.00e+00 0.00e+00 0.00e+00 0.00e+00 0.00e+00 0.00e+00 0.00e+00 0.00e+00 0.00e+00 0.00e+00 0.00e+00 0.00e+00 0.00e+00 0.00e+00 0.00e+00 0.00e+00 0.00e+00 0.00e+00 0.00e+00 0.00e+00 0.00e+00 0.00e+00 0.00e+00 0.00e+00 0.00e+00 0.00e+00 0.00e+00 0.00e+00 0.00e+00 0.00e+00 0.00e+00 0.00e+00 0.00e+00 0.00e+00 0.00e+00 0.00e+00 0.00e+00 0.00e+00 0.00e+00 0.00e+00 0.00e+00 0.00e+00 0.00e+00 0.00e+00 0.00e+00 0.00e+00 0.00e+00 0.00e+00 0.00e+00 0.00e+00 0.00e+00 0.00e+00 0.00e+00 0.00e+00 0.00e+00 0.00e+00 -0.00e+00 
0.00e+00 -0.00e+00 -0.00e+00 -0.00e+00 -0.00e+00 -0.00e+00 -0.00e+00 -0.00e+00 -0.00e+00 -0.00e+00 -0.00e+00 -0.00e+00 -0.00e+00 -0.00e+00 -0.00e+00 -0.00e+00 -0.00e+00 -0.00e+00 -0.00e+00 -0.00e+00 -0.00e+00 -0.00e+00 -0.00e+00 -0.00e+00 -0.00e+00 -0.00e+00 -0.00e+00 -0.00e+00 -0.00e+00 -0.00e+00 -0.00e+00 -0.00e+00 -0.00e+00 -0.00e+00 -0.00e+00 -0.00e+00 -0.00e+00 -0.00e+00 -0.00e+00 -0.00e+00 -0.00e+00 -0.00e+00 -0.00e+00 -0.00e+00 -0.00e+00 -0.00e+00 -0.00e+00 -0.00e+00 -0.00e+00 -0.00e+00 -0.00e+00 -0.00e+00 -0.00e+00 -0.00e+00 -0.00e+00 -0.00e+00 -0.00e+00 -0.00e+00 -0.00e+00 -0.00e+00 0.00e+00 
