0.00e+00 -0.00e+00 -0.00e+00 -0.00e+00 -0.00e+00 -0.00e+00 -0.00e+00 -0.00e+00 -0.00e+00 -0.00e+00 -0.00e+00 -0.00e+00 -2.52e-10 -3.02e-09 -1.15e-08 -1.69e-08 -1.15e-08 -3.02e-09 -2.52e-10 -0.00e+00 -0.00e+00 -0.00e+00 -0.00e+00 -0.00e+00 -0.00e+00 -0.00e+00 -0.00e+00 -0.00e+00 -0.00e+00 -0.00e+00 0.00e+00 
-0.00e+00 0.00e+00 0.00e+00 0.00e+00 0.00e+00 0.00e+00 0.00e+00 0.00e+00 0.00e+00 0.00e+00 0.00e+00 0.00e+00 2.52e-10 3.02e-09 1.15e-08 1.69e-08 1.15e-08 3.02e-09 2.52e-10 0.00e+00 0.00e+00 0.00e+00 0.00e+00 0.00e+00 0.00e+00 0.00e+00 0.00e+00 0.00e+00 0.00e+00 0.00e+00 -0.00e+00 
-0.00e+00 0.00e+00 0.00e+00 0.00e+00 0.00e+00 0.00e+00 0.00e+00 0.00e+00 0.00e+00 0.00e+00 0.00e+00 8.19e-10 1.33e-08 7.60e-08 1.91e-07 2.41e-07 1.91e-07 7.60e-08 1.33e-08 8.19e-10 0.00e+00 0.00e+00 0.00e+00 0.00e+00 0.00e+00 0.00e+00 0.00e+00 0.00e+00 0.00e+00 0.00e+00 -0.00e+00 
-0.00e+00 0.00e+00 0.00e+00 0.00e+00 0.00e+00 0.00e+00 0.00e+00 0.00e+00 0.00e+00 0.00e+00 1.97e-09 3.99e-08 3.00e-07 1.06e-06 1.98e-06 2.33e-06 1.98e-06 1.06e-06 3.00e-07 3.99e-08 1.97e-09 0.00e+00 0.00e+00 0.00e+00 0.00e+00 0.00e+00 0.00e+00 0.00e+00 0.00e+00 0.00e+00 -0.00e+00 
-0.00e+00 0.00e+00 0.00e+00 0.00e+00 0.00e+00 0.00e+00 0.00e+00 0.00e+00 0.00e+00 3.60e-09 8.76e-08 8.16e-07 3.74e-06 9.23e-06 1.40e-05 1.59e-05 1.40e-05 9.23e-06 3.74e-06 8.16e-07 8.76e-08 3.60e-09 0.00e+00 0.00e+00 0.00e+00 0.00e+00 0.00e+00 0.00e+00 0.00e+00 0.00e+00 -0.00e+00 
-0.00e+00 0.00e+00 0.00e+00 0.00e+00 0.00e+00 0.00e+00 0.00e+00 0.00e+00 5.15e-09 1.46e-07 1.62e-06 9.08e-06 2.80e-05 5.14e-05 6.77e-05 7.51e-05 6.77e-05 5.14e-05 2.80e-05 9.08e-06 1.62e-06 1.46e-07 5.15e-09 0.00e+00 0.00e+00 0.00e+00 0.00e+00 0.00e+00 0.00e+00 0.00e+00 -0.00e+00 
-0.00e+00 0.00e+00 0.00e+00 0.00e+00 0.00e+00 0.00e+00 0.00e+00 5.79e-09 1.87e-07 2.41e-06 1.60e-05 5.91e-05 1.28e-04 1.82e-04 2.19e-04 2.32e-04 2.19e-04 1.82e-04 1.28e-04 5.91e-05 1.60e-05 2.41e-06 1.87e-07 5.79e-09 0.00e+00 0.00e+00 0.00e+00 0.00e+00 0.00e+00 0.00e+00 -0.00e+00 
-0.00e+00 0.00e+00 0.00e+00 0.00e+00 0.00e+00 0.00e+00 5.15e-09 1.86e-07 2.73e-06 2.10e-05 9.04e-05 2.25e-04 3.38e-04 3.91e-04 4.38e-04 4.35e-04 4.38e-04 3.91e-04 3.38e-04 2.25e-04 9.04e-05 2.10e-05 2.73e-06 1.86e-07 5.15e-09 0.00e+00 0.00e+00 0.00e+00 0.00e+00 0.00e+00 -0.00e+00 
-0.00e+00 0.00e+00 0.00e+00 0.00e+00 0.00e+00 3.60e-09 1.44e-07 2.37e-06 2.06e-05 1.02e-04 2.88e-04 4.57e-04 4.57e-04 4.59e-04 4.50e-04 4.31e-04 4.50e-04 4.59e-04 4.57e-04 4.57e-04 2.88e-04 1.02e-04 2.06e-05 2.37e-06 1.44e-07 3.60e-09 0.00e+00 0.00e+00 0.00e+00 0.00e+00 -0.00e+00 
-0.00e+00 0.00e+00 0.00e+00 0.00e+00 1.97e-09 8.60e-08 1.56e-06 1.52e-05 8.46e-05 2.71e-04 4.62e-04 3.81e-04 2.29e-04 2.50e-04 1.40e-04 2.07e-04 1.40e-04 2.50e-04 2.29e-04 3.81e-04 4.62e-04 2.71e-04 8.46e-05 1.52e-05 1.56e-06 8.60e-08 1.97e-09 0.00e+00 0.00e+00 0.00e+00 -0.00e+00 
-0.00e+00 0.00e+00 0.00e+00 8.19e-10 3.87e-08 7.68e-07 8.23e-06 5.14e-05 1.85e-04 3.55e-04 2.73e-04 2.60e-05 1.25e-04 1.17e-04 1.33e-04 1.99e-04 1.33e-04 1.17e-04 1.25e-04 2.60e-05 2.73e-04 3.55e-04 1.85e-04 5.14e-05 8.23e-06 7.68e-07 3.87e-08 8.19e-10 0.00e+00 0.00e+00 -0.00e+00 
-0.00e+00 0.00e+00 2.52e-10 1.27e-08 2.73e-07 3.19e-06 2.21e-05 9.05e-05 2.04e-04 2.04e-04 5.25e-05 1.52e-04 2.80e-04 1.92e-04 4.13e-04 2.76e-04 4.13e-04 1.92e-04 2.80e-04 1.52e-04 5.25e-05 2.04e-04 2.04e-04 9.05e-05 2.21e-05 3.19e-06 2.73e-07 1.27e-08 2.52e-10 0.00e+00 -0.00e+00 
-1.08e-10 1.08e-10 2.88e-09 6.55e-08 8.28e-07 6.32e-06 2.97e-05 8.41e-05 1.37e-04 1.39e-04 1.60e-04 1.52e-04 6.41e-05 2.40e-04 2.47e-04 3.42e-04 2.47e-04 2.40e-04 6.41e-05 1.52e-04 1.60e-04 1.39e-04 1.37e-04 8.41e-05 2.97e-05 6.32e-06 8.28e-07 6.55e-08 2.88e-09 5.40e-11 -5.40e-11 
-7.87e-10 7.87e-10 9.29e-09 1.24e-07 1.04e-06 5.80e-06 2.21e-05 5.90e-05 1.06e-04 9.73e-05 -1.35e-05 2.43e-06 2.24e-04 2.31e-04 3.96e-04 6.66e-04 3.96e-04 2.31e-04 2.24e-04 2.43e-06 -1.35e-05 9.73e-05 1.06e-04 5.90e-05 2.21e-05 5.80e-06 1.04e-06 1.24e-07 9.28e-09 3.86e-10 -3.86e-10 
-9.85e-10 9.85e-10 6.34e-09 5.69e-08 4.08e-07 2.37e-06 9.73e-06 2.31e-05 2.07e-05 1.07e-06 6.79e-05 1.34e-04 -3.74e-06 9.04e-05 3.61e-04 1.40e-03 3.61e-04 9.04e-05 -3.74e-06 1.34e-04 6.79e-05 1.07e-06 2.07e-05 2.31e-05 9.73e-06 2.37e-06 4.08e-07 5.69e-08 6.32e-09 4.70e-10 -4.70e-10 
9.85e-10 -9.85e-10 -6.34e-09 -5.69e-08 -4.08e-07 -2.37e-06 -9.73e-06 -2.31e-05 -2.07e-05 -1.07e-06 -6.79e-05 -1.34e-04 3.74e-06 -9.04e-05 -3.61e-04 -1.40e-03 -3.61e-04 -9.04e-05 3.74e-06 -1.34e-04 -6.79e-05 -1.07e-06 -2.07e-05 -2.31e-05 -9.73e-06 -2.37e-06 -4.08e-07 -5.69e-08 -6.32e-09 -4.70e-10 4.70e-10 
7.87e-10 -7.87e-10 -9.29e-09 -1.24e-07 -1.04e-06 -5.80e-06 -2.21e-05 -5.90e-05 -1.06e-04 -9.73e-05 1.35e-05 -2.43e-06 -2.24e-04 -2.31e-04 -3.96e-04 -6.66e-04 -3.96e-04 -2.31e-04 -2.24e-04 -2.43e-06 1.35e-05 -9.73e-05 -1.06e-04 -5.90e-05 -2.21e-05 -5.80e-06 -1.04e-06 -1.24e-07 -9.28e-09 -3.86e-10 3.86e-10 
1.08e-10 -1.08e-10 -2.88e-09 -6.55e-08 -8.28e-07 -6.32e-06 -2.97e-05 -8.41e-05 -1.37e-04 -1.39e-04 -1.60e-04 -1.52e-04 -6.41e-05 -2.40e-04 -2.47e-04 -3.42e-04 -2.47e-04 -2.40e-04 -6.41e-05 -1.52e-04 -1.60e-04 -1.39e-04 -1.37e-04 -8.41e-05 -2.97e-05 -6.32e-06 -8.28e-07 -6.55e-08 -2.88e-09 -5.40e-11 5.40e-11 
-0.00e+00 0.00e+00 -2.52e-10 -1.27e-08 -2.73e-07 -3.19e-06 -2.21e-05 -9.05e-05 -2.04e-04 -2.04e-04 -5.25e-05 -1.52e-04 -2.80e-04 -1.92e-04 -4.13e-04 -2.76e-04 -4.13e-04 -1.92e-04 -2.80e-04 -1.52e-04 -5.25e-05 -2.04e-04 -2.04e-04 -9.05e-05 -2.21e-05 -3.19e-06 -2.73e-07 -1.27e-08 -2.52e-10 0.00e+00 -0.00e+00 
-0.00e+00 0.00e+00 0.00e+00 -8.19e-10 -3.87e-08 -7.68e-07 -8.23e-06 -5.14e-05 -1.85e-04 -3.55e-04 -2.73e-04 -2.60e-05 -1.25e-04 -1.17e-04 -1.33e-04 -1.99e-04 -1.33e-04 -1.17e-04 -1.25e-04 -2.60e-05 -2.73e-04 -3.55e-04 -1.85e-04 -5.14e-05 -8.23e-06 -7.68e-07 -3.87e-08 -8.19e-10 0.00e+00 0.00e+00 -0.00e+00 
-0.00e+00 0.00e+00 0.00e+00 0.00e+00 -1.97e-09 -8.60e-08 -1.56e-06 -1.52e-05 -8.46e-05 -2.71e-04 -4.62e-04 -3.81e-04 -2.29e-04 -2.50e-04 -1.40e-04 -2.07e-04 -1.40e-04 -2.50e-04 -2.29e-04 -3.81e-04 -4.62e-04 -2.71e-04 -8.46e-05 -1.52e-05 -1.56e-06 -8.60e-08 -1.97e-09 0.00e+00 0.00e+00 0.00e+00 -0.00e+00 
-0.00e+00 0.00e+00 0.00e+00 0.00e+00 0.00e+00 -3.60e-09 -1.44e-07 -2.37e-06 -2.06e-05 -1.02e-04 -2.88e-04 -4.57e-04 -4.57e-04 -4.59e-04 -4.50e-04 -4.31e-04 -4.50e-04 -4.59e-04 -4.57e-04 -4.57e-04 -2.88e-04 -1.02e-04 -2.06e-05 -2.37e-06 -1.44e-07 -3.60e-09 0.00e+00 0.00e+00 0.00e+00 0.00e+00 -0.00e+00 
-0.00e+00 0.00e+00 0.00e+00 0.00e+00 0.00e+00 0.00e+00 -5.15e-09 -1.86e-07 -2.73e-06 -2.10e-05 -9.04e-05 -2.25e-04 -3.38e-04 -3.91e-04 -4.38e-04 -4.35e-04 -4.38e-04 -3.91e-04 -3.38e-04 -2.25e-04 -9.04e-05 -2.10e-05 -2.73e-06 -1.86e-07 -5.15e-09 0.00e+00 0.00e+00 0.00e+00 0.00e+00 0.00e+00 -0.00e+00 
-0.00e+00 0.00e+00 0.00e+00 0.00e+00 0.00e+00 0.00e+00 0.00e+00 -5.79e-09 -1.87e-07 -2.41e-06 -1.60e-05 -5.91e-05 -1.28e-04 -1.82e-04 -2.19e-04 -2.32e-04 -2.19e-04 -1.82e-04 -1.28e-04 -5.91e-05 -1.60e-05 -2.41e-06 -1.87e-07 -5.79e-09 0.00e+00 0.00e+00 0.00e+00 0.00e+00 0.00e+00 0.00e+00 -0.00e+00 
-0.00e+00 0.00e+00 0.00e+00 0.00e+00 0.00e+00 0.00e+00 0.00e+00 0.00e+00 -5.15e-09 -1.46e-07 -1.62e-06 -9.08e-06 -2.80e-05 -5.14e-05 -6.77e-05 -7.51e-05 -6.77e-05 -5.14e-05 -2.80e-05 -9.08e-06 -1.62e-06 -1.46e-07 -5.15e-09 0.00e+00 0.00e+00 0.00e+00 0.00e+00 0.00e+00 0.00e+00 0.00e+00 -0.00e+00 
-0.00e+00 0.00e+00 0.00e+00 0.00e+00 0.00e+00 0.00e+00 0.00e+00 0.00e+00 0.00e+00 -3.60e-09 -8.76e-08 -8.16e-07 -3.74e-06 -9.23e-06 -1.40e-05 -1.59e-05 -1.40e-05 -9.23e-06 -3.74e-06 -8.16e-07 -8.76e-08 -3.60e-09 0.00e+00 0.00e+00 0.00e+00 0.00e+00 0.00e+00 0.00e+00 0.00e+00 0.00e+00 -0.00e+00 
-0.00e+00 0.00e+00 0.00e+00 0.00e+00 0.00e+00 0.00e+00 0.00e+00 0.00e+00 0.00e+00 0.00e+00 -1.97e-09 -3.99e-08 -3.00e-07 -1.06e-06 -1.98e-06 -2.33e-06 -1.98e-06 -1.06e-06 -3.00e-07 -3.99e-08 -1.97e-09 0.00e+00 0.00e+00 0.00e+00 0.00e+00 0.00e+00 0.00e+00 0.00e+00 0.00e+00 0.00e+00 -0.00e+00 
-0.00e+00 0.00e+00 0.00e+00 0.00e+00 0.00e+00 0.00e+00 0.00e+00 0.00e+00 0.00e+00 0.00e+00 0.00e+00 -8.19e-10 -1.33e-08 -7.60e-08 -1.91e-07 -2.41e-07 -1.91e-07 -7.60e-08 -1.33e-08 -8.19e-10 0.00e+00 0.00e+00 0.00e+00 0.00e+00 0.00e+00 0.00e+00 0.00e+00 0.00e+00 0.00e+00 0.00e+00 -0.00e+00 
-0.00e+00 0.00e+00 0.00e+00 0.00e+00 0.00e+00 0.00e+00 0.00e+00 0.00e+00 0.00e+00 0.00e+00 0.00e+00 0.00e+00 -2.52e-10 -3.08e-09 -1.20e-08 -1.78e-08 -1.20e-08 -3.08e-09 -2.52e-10 0.00e+00 0.00e+00 0.00e+00 0.00e+00 0.00e+00 0.00e+00 0.00e+00 0.00e+00 0.00e+00 0.00e+00 0.00e+00 -0.00e+00 
-0.00e+00 0.00e+00 0.00e+00 0.00e+00 0.00e+00 0.00e+00 0.00e+00 0.00e+00 0.00e+00 0.00e+00 0.00e+00 0.00e+00 0.00e+00 -1.08e-10 -8.80e-10 -1.82e-09 -8.80e-10 -1.08e-10 0.00e+00 0.00e+00 0.00e+00 0.00e+00 0.00e+00 0.00e+00 0.00e+00 0.00e+00 0.00e+00 0.00e+00 0.00e+00 0.00e+00 -0.00e+00 
0.00e+00 -0.00e+00 -0.00e+00 -0.00e+00 -0.00e+00 -0.00e+00 -0.00e+00 -0.00e+00 -0.00e+00 -0.00e+00 -0.00e+00 -0.00e+00 -0.00e+00 1.08e-10 8.80e-10 1.82e-09 8.80e-10 1.08e-10 -0.00e+00 -0.00e+00 -0.00e+00 -0.00e+00 -0.00e+00 -0.00e+00 -0.00e+00 -0.00e+00 -0.00e+00 -0.00e+00 -0.00e+00 -0.00e+00 0.00e+00 
