4.30e-12 -4.30e-12 -1.19e-10 -2.87e-09 -4.01e-08 -3.58e-07 -2.14e-06 -8.72e-06 -2.46e-05 -4.94e-05 -7.45e-05 -9.46e-05 -1.09e-04 -1.17e-04 -1.21e-04 -1.22e-04 -1.21e-04 -1.17e-04 -1.09e-04 -9.46e-05 -7.45e-05 -4.94e-05 -2.46e-05 -8.72e-06 -2.14e-06 -3.58e-07 -4.01e-08 -2.87e-09 -1.19e-10 -2.15e-12 2.15e-12 
-4.30e-12 4.30e-12 1.19e-10 2.87e-09 4.01e-08 3.58e-07 2.14e-06 8.72e-06 2.46e-05 4.94e-05 7.45e-05 9.46e-05 1.09e-04 1.17e-04 1.21e-04 1.22e-04 1.21e-04 1.17e-04 1.09e-04 9.46e-05 7.45e-05 4.94e-05 2.46e-05 8.72e-06 2.14e-06 3.58e-07 4.01e-08 2.87e-09 1.19e-10 2.15e-12 -2.15e-12 
-2.24e-10 2.24e-10 2.98e-09 4.60e-08 4.59e-07 3.09e-06 1.44e-05 4.67e-05 1.06e-04 1.76e-04 2.30e-04 2.66e-04 2.86e-04 2.92e-04 2.95e-04 2.94e-04 2.95e-04 2.92e-04 2.86e-04 2.66e-04 2.30e-04 1.76e-04 1.06e-04 4.67e-05 1.44e-05 3.09e-06 4.59e-07 4.60e-08 2.98e-09 1.10e-10 -1.10e-10 
-5.09e-09 5.09e-09 4.23e-08 4.55e-07 3.33e-06 1.69e-05 5.94e-05 1.45e-04 2.46e-04 3.07e-04 3.24e-04 3.23e-04 3.01e-04 2.82e-04 2.67e-04 2.62e-04 2.67e-04 2.82e-04 3.01e-04 3.23e-04 3.24e-04 3.07e-04 2.46e-04 1.45e-04 5.94e-05 1.69e-05 3.33e-06 4.55e-07 4.22e-08 2.45e-09 -2.45e-09 
-6.60e-08 6.60e-08 3.84e-07 3.02e-06 1.66e-05 6.31e-05 1.65e-04 2.88e-04 3.33e-04 2.83e-04 2.31e-04 1.73e-04 1.20e-04 1.00e-04 7.31e-05 7.90e-05 7.31e-05 1.00e-04 1.20e-04 1.73e-04 2.31e-04 2.83e-04 3.33e-04 2.88e-04 1.65e-04 6.31e-05 1.66e-05 3.02e-06 3.82e-07 3.12e-08 -3.12e-08 
-5.42e-07 5.42e-07 2.32e-06 1.36e-05 5.62e-05 1.58e-04 2.89e-04 3.16e-04 1.87e-04 8.46e-05 5.56e-05 4.32e-06 2.53e-05 2.23e-05 3.49e-05 3.70e-05 3.49e-05 2.23e-05 2.53e-05 4.32e-06 5.56e-05 8.46e-05 1.87e-04 3.16e-04 2.89e-04 1.58e-04 5.62e-05 1.36e-05 2.30e-06 2.49e-07 -2.49e-07 
-2.93e-06 2.93e-06 9.51e-06 4.18e-05 1.27e-04 2.50e-04 2.77e-04 1.14e-04 -1.62e-05 4.90e-05 5.83e-05 8.81e-05 1.61e-04 1.33e-04 1.97e-04 1.48e-04 1.97e-04 1.33e-04 1.61e-04 8.81e-05 5.83e-05 4.90e-05 -1.62e-05 1.14e-04 2.77e-04 2.50e-04 1.27e-04 4.18e-05 9.34e-06 1.30e-06 -1.30e-06 
-1.07e-05 1.07e-05 2.66e-05 8.62e-05 1.87e-04 2.32e-04 1.04e-04 -2.55e-05 9.46e-05 1.69e-04 1.06e-04 1.99e-04 1.24e-04 1.52e-04 1.34e-04 1.33e-04 1.34e-04 1.52e-04 1.24e-04 1.99e-04 1.06e-04 1.69e-04 9.46e-05 -2.55e-05 1.04e-04 2.32e-04 1.87e-04 8.62e-05 2.57e-05 4.55e-06 -4.55e-06 
-2.63e-05 2.63e-05 5.10e-05 1.20e-04 1.81e-04 1.32e-04 2.89e-05 9.41e-05 1.68e-04 3.45e-05 7.93e-05 8.51e-05 1.50e-05 1.31e-04 2.89e-05 1.47e-04 2.89e-05 1.31e-04 1.50e-05 8.51e-05 7.93e-05 3.45e-05 1.68e-04 9.41e-05 2.89e-05 1.32e-04 1.81e-04 1.20e-04 4.81e-05 1.06e-05 -1.06e-05 
-4.48e-05 4.48e-05 7.00e-05 1.24e-04 1.41e-04 8.91e-05 6.01e-05 6.94e-05 5.95e-06 5.08e-05 1.40e-04 6.17e-05 1.95e-04 1.53e-04 2.11e-04 1.90e-04 2.11e-04 1.53e-04 1.95e-04 6.17e-05 1.40e-04 5.08e-05 5.95e-06 6.94e-05 6.01e-05 8.91e-05 1.41e-04 1.23e-04 6.36e-05 1.70e-05 -1.70e-05 
-5.66e-05 5.66e-05 7.67e-05 1.13e-04 1.12e-04 5.44e-05 3.15e-06 3.30e-05 1.26e-04 1.32e-04 5.37e-05 1.30e-04 1.32e-04 1.21e-04 1.77e-04 1.40e-04 1.77e-04 1.21e-04 1.32e-04 1.30e-04 5.37e-05 1.32e-04 1.26e-04 3.30e-05 3.15e-06 5.44e-05 1.12e-04 1.11e-04 6.66e-05 2.00e-05 -2.00e-05 
-5.88e-05 5.88e-05 7.33e-05 9.31e-05 7.02e-05 1.69e-05 3.79e-05 1.10e-04 3.60e-05 -3.40e-05 9.98e-05 1.01e-04 1.18e-04 1.88e-04 2.06e-04 2.65e-04 2.06e-04 1.88e-04 1.18e-04 1.01e-04 9.98e-05 -3.40e-05 3.60e-05 1.10e-04 3.79e-05 1.68e-05 6.97e-05 9.02e-05 6.11e-05 1.97e-05 -1.97e-05 
-5.08e-05 5.08e-05 5.87e-05 6.50e-05 4.69e-05 2.71e-05 2.41e-05 -3.59e-06 2.37e-05 1.39e-04 9.65e-05 8.62e-05 1.56e-04 1.75e-04 3.11e-04 3.17e-04 3.11e-04 1.75e-04 1.56e-04 8.62e-05 9.65e-05 1.39e-04 2.37e-05 -3.59e-06 2.41e-05 2.70e-05 4.63e-05 6.20e-05 4.70e-05 1.62e-05 -1.62e-05 
-3.38e-05 3.38e-05 3.81e-05 4.10e-05 2.50e-05 -2.18e-06 1.05e-05 7.47e-05 5.70e-05 -4.48e-05 1.31e-05 6.86e-05 8.61e-05 2.22e-04 3.18e-04 5.82e-04 3.18e-04 2.22e-04 8.61e-05 6.86e-05 1.31e-05 -4.48e-05 5.70e-05 7.47e-05 1.05e-05 -2.26e-06 2.45e-05 3.87e-05 2.97e-05 1.04e-05 -1.04e-05 
-1.21e-05 1.21e-05 1.30e-05 1.18e-05 7.30e-06 1.33e-05 1.54e-05 -3.33e-05 -3.37e-05 8.47e-05 6.44e-05 2.70e-05 8.63e-05 9.23e-05 3.56e-04 1.27e-03 3.56e-04 9.23e-05 8.63e-05 2.70e-05 6.44e-05 8.47e-05 -3.37e-05 -3.33e-05 1.54e-05 1.32e-05 7.12e-06 1.10e-05 9.99e-06 3.70e-06 -3.70e-06 
1.21e-05 -1.21e-05 -1.30e-05 -1.18e-05 -7.30e-06 -1.33e-05 -1.54e-05 3.33e-05 3.37e-05 -8.47e-05 -6.44e-05 -2.70e-05 -8.63e-05 -9.23e-05 -3.56e-04 -1.27e-03 -3.56e-04 -9.23e-05 -8.63e-05 -2.70e-05 -6.44e-05 -8.47e-05 3.37e-05 3.33e-05 -1.54e-05 -1.32e-05 -7.12e-06 -1.10e-05 -9.99e-06 -3.70e-06 3.70e-06 
3.38e-05 -3.38e-05 -3.81e-05 -4.10e-05 -2.50e-05 2.18e-06 -1.05e-05 -7.47e-05 -5.70e-05 4.48e-05 -1.31e-05 -6.86e-05 -8.61e-05 -2.22e-04 -3.18e-04 -5.82e-04 -3.18e-04 -2.22e-04 -8.61e-05 -6.86e-05 -1.31e-05 4.48e-05 -5.70e-05 -7.47e-05 -1.05e-05 2.26e-06 -2.45e-05 -3.87e-05 -2.97e-05 -1.04e-05 1.04e-05 
5.08e-05 -5.08e-05 -5.87e-05 -6.50e-05 -4.69e-05 -2.71e-05 -2.41e-05 3.59e-06 -2.37e-05 -1.39e-04 -9.65e-05 -8.62e-05 -1.56e-04 -1.75e-04 -3.11e-04 -3.17e-04 -3.11e-04 -1.75e-04 -1.56e-04 -8.62e-05 -9.65e-05 -1.39e-04 -2.37e-05 3.59e-06 -2.41e-05 -2.70e-05 -4.63e-05 -6.20e-05 -4.70e-05 -1.62e-05 1.62e-05 
5.88e-05 -5.88e-05 -7.33e-05 -9.31e-05 -7.02e-05 -1.69e-05 -3.79e-05 -1.10e-04 -3.60e-05 3.40e-05 -9.98e-05 -1.01e-04 -1.18e-04 -1.88e-04 -2.06e-04 -2.65e-04 -2.06e-04 -1.88e-04 -1.18e-04 -1.01e-04 -9.98e-05 3.40e-05 -3.60e-05 -1.10e-04 -3.79e-05 -1.68e-05 -6.97e-05 -9.02e-05 -6.11e-05 -1.97e-05 1.97e-05 
5.66e-05 -5.66e-05 -7.67e-05 -1.13e-04 -1.12e-04 -5.44e-05 -3.15e-06 -3.30e-05 -1.26e-04 -1.32e-04 -5.37e-05 -1.30e-04 -1.32e-04 -1.21e-04 -1.77e-04 -1.40e-04 -1.77e-04 -1.21e-04 -1.32e-04 -1.30e-04 -5.37e-05 -1.32e-04 -1.26e-04 -3.30e-05 -3.15e-06 -5.44e-05 -1.12e-04 -1.11e-04 -6.66e-05 -2.00e-05 2.00e-05 
4.48e-05 -4.48e-05 -7.00e-05 -1.24e-04 -1.41e-04 -8.91e-05 -6.01e-05 -6.94e-05 -5.95e-06 -5.08e-05 -1.40e-04 -6.17e-05 -1.95e-04 -1.53e-04 -2.11e-04 -1.90e-04 -2.11e-04 -1.53e-04 -1.95e-04 -6.17e-05 -1.40e-04 -5.08e-05 -5.95e-06 -6.94e-05 -6.01e-05 -8.91e-05 -1.41e-04 -1.23e-04 -6.36e-05 -1.70e-05 1.70e-05 
2.63e-05 -2.63e-05 -5.10e-05 -1.20e-04 -1.81e-04 -1.32e-04 -2.89e-05 -9.41e-05 -1.68e-04 -3.45e-05 -7.93e-05 -8.51e-05 -1.50e-05 -1.31e-04 -2.89e-05 -1.47e-04 -2.89e-05 -1.31e-04 -1.50e-05 -8.51e-05 -7.93e-05 -3.45e-05 -1.68e-04 -9.41e-05 -2.89e-05 -1.32e-04 -1.81e-04 -1.20e-04 -4.81e-05 -1.06e-05 1.06e-05 
1.07e-05 -1.07e-05 -2.66e-05 -8.62e-05 -1.87e-04 -2.32e-04 -1.04e-04 2.55e-05 -9.46e-05 -1.69e-04 -1.06e-04 -1.99e-04 -1.24e-04 -1.52e-04 -1.34e-04 -1.33e-04 -1.34e-04 -1.52e-04 -1.24e-04 -1.99e-04 -1.06e-04 -1.69e-04 -9.46e-05 2.55e-05 -1.04e-04 -2.32e-04 -1.87e-04 -8.62e-05 -2.57e-05 -4.55e-06 4.55e-06 
2.93e-06 -2.93e-06 -9.51e-06 -4.18e-05 -1.27e-04 -2.50e-04 -2.77e-04 -1.14e-04 1.62e-05 -4.90e-05 -5.83e-05 -8.81e-05 -1.61e-04 -1.33e-04 -1.97e-04 -1.48e-04 -1.97e-04 -1.33e-04 -1.61e-04 -8.81e-05 -5.83e-05 -4.90e-05 1.62e-05 -1.14e-04 -2.77e-04 -2.50e-04 -1.27e-04 -4.18e-05 -9.34e-06 -1.30e-06 1.30e-06 
5.42e-07 -5.42e-07 -2.32e-06 -1.36e-05 -5.62e-05 -1.58e-04 -2.89e-04 -3.16e-04 -1.87e-04 -8.46e-05 -5.56e-05 -4.36e-06 -2.55e-05 -2.25e-05 -3.52e-05 -3.73e-05 -3.52e-05 -2.25e-05 -2.55e-05 -4.36e-06 -5.56e-05 -8.46e-05 -1.87e-04 -3.16e-04 -2.89e-04 -1.58e-04 -5.62e-05 -1.36e-05 -2.30e-06 -2.49e-07 2.49e-07 
6.60e-08 -6.60e-08 -3.84e-07 -3.02e-06 -1.66e-05 -6.31e-05 -1.65e-04 -2.88e-04 -3.33e-04 -2.83e-04 -2.31e-04 -1.74e-04 -1.21e-04 -1.02e-04 -7.49e-05 -8.10e-05 -7.49e-05 -1.02e-04 -1.21e-04 -1.74e-04 -2.31e-04 -2.83e-04 -3.33e-04 -2.88e-04 -1.65e-04 -6.31e-05 -1.66e-05 -3.02e-06 -3.82e-07 -3.12e-08 3.12e-08 
5.09e-09 -5.09e-09 -4.23e-08 -4.55e-07 -3.33e-06 -1.69e-05 -5.94e-05 -1.45e-04 -2.46e-04 -3.07e-04 -3.26e-04 -3.26e-04 -3.06e-04 -2.90e-04 -2.76e-04 -2.72e-04 -2.76e-04 -2.90e-04 -3.06e-04 -3.26e-04 -3.26e-04 -3.07e-04 -2.46e-04 -1.45e-04 -5.94e-05 -1.69e-05 -3.33e-06 -4.55e-07 -4.22e-08 -2.45e-09 2.45e-09 
2.24e-10 -2.24e-10 -2.98e-09 -4.60e-08 -4.59e-07 -3.09e-06 -1.44e-05 -4.68e-05 -1.07e-04 -1.79e-04 -2.38e-04 -2.83e-04 -3.12e-04 -3.27e-04 -3.36e-04 -3.37e-04 -3.36e-04 -3.27e-04 -3.12e-04 -2.83e-04 -2.38e-04 -1.79e-04 -1.07e-04 -4.68e-05 -1.44e-05 -3.09e-06 -4.59e-07 -4.60e-08 -2.98e-09 -1.10e-10 1.10e-10 
4.30e-12 -4.30e-12 -1.21e-10 -2.99e-09 -4.28e-08 -3.94e-07 -2.44e-06 -1.05e-05 -3.16e-05 -6.92e-05 -1.16e-04 -1.62e-04 -2.04e-04 -2.35e-04 -2.54e-04 -2.60e-04 -2.54e-04 -2.35e-04 -2.04e-04 -1.62e-04 -1.16e-04 -6.92e-05 -3.16e-05 -1.05e-05 -2.44e-06 -3.94e-07 -4.28e-08 -2.99e-09 -1.21e-10 -2.15e-12 2.15e-12 
-0.00e+00 0.00e+00 -4.30e-12 -2.25e-10 -5.13e-09 -6.75e-08 -5.65e-07 -3.17e-06 -1.23e-05 -3.36e-05 -6.75e-05 -1.08e-04 -1.47e-04 -1.79e-04 -2.00e-04 -2.07e-04 -2.00e-04 -1.79e-04 -1.47e-04 -1.08e-04 -6.75e-05 -3.36e-05 -1.23e-05 -3.17e-06 -5.65e-07 -6.75e-08 -5.13e-09 -2.25e-10 -4.30e-12 0.00e+00 -0.00e+00 
0.00e+00 -0.00e+00 4.30e-12 2.25e-10 5.13e-09 6.75e-08 5.65e-07 3.17e-06 1.23e-05 3.36e-05 6.75e-05 1.08e-04 1.47e-04 1.79e-04 2.00e-04 2.07e-04 2.00e-04 1.79e-04 1.47e-04 1.08e-04 6.75e-05 3.36e-05 1.23e-05 3.17e-06 5.65e-07 6.75e-08 5.13e-09 2.25e-10 4.30e-12 -0.00e+00 0.00e+00 
