0.00e+00 -0.00e+00 -0.00e+00 -0.00e+00 -0.00e+00 -0.00e+00 -0.00e+00 -0.00e+00 -0.00e+00 -0.00e+00 -0.00e+00 -0.00e+00 -1.89e-18 -1.39e-16 -4.67e-15 -9.56e-14 -1.33e-12 -1.35e-11 -1.02e-10 -5.95e-10 -2.72e-09 -9.91e-09 -2.94e-08 -7.20e-08 -1.50e-07 -2.69e-07 -4.24e-07 -5.97e-07 -7.58e-07 -8.72e-07 -9.13e-07 -8.72e-07 -7.58e-07 -5.97e-07 -4.24e-07 -2.69e-07 -1.50e-07 -7.20e-08 -2.94e-08 -9.91e-09 -2.72e-09 -5.95e-10 -1.02e-10 -1.35e-11 -1.33e-12 -9.56e-14 -4.67e-15 -1.39e-16 -1.89e-18 -0.00e+00 -0.00e+00 -0.00e+00 -0.00e+00 -0.00e+00 -0.00e+00 -0.00e+00 -0.00e+00 -0.00e+00 -0.00e+00 -0.00e+00 0.00e+00 
-0.00e+00 0.00e+00 0.00e+00 0.00e+00 0.00e+00 0.00e+00 0.00e+00 0.00e+00 0.00e+00 0.00e+00 0.00e+00 0.00e+00 1.89e-18 1.39e-16 4.67e-15 9.56e-14 1.33e-12 1.35e-11 1.02e-10 5.95e-10 2.72e-09 9.91e-09 2.94e-08 7.20e-08 1.50e-07 2.69e-07 4.24e-07 5.97e-07 7.58e-07 8.72e-07 9.13e-07 8.72e-07 7.58e-07 5.97e-07 4.24e-07 2.69e-07 1.50e-07 7.20e-08 2.94e-08 9.91e-09 2.72e-09 5.95e-10 1.02e-10 1.35e-11 1.33e-12 9.56e-14 4.67e-15 1.39e-16 1.89e-18 0.00e+00 0.00e+00 0.00e+00 0.00e+00 0.00e+00 0.00e+00 0.00e+00 0.00e+00 0.00e+00 0.00e+00 0.00e+00 -0.00e+00 
-0.00e+00 0.00e+00 0.00e+00 0.00e+00 0.00e+00 0.00e+00 0.00e+00 0.00e+00 0.00e+00 0.00e+00 0.00e+00 2.79e-18 2.18e-16 7.82e-15 1.72e-13 2.58e-12 2.81e-11 2.31e-10 1.46e-09 7.30e-09 2.91e-08 9.40e-08 2.51e-07 5.66e-07 1.10e-06 1.86e-06 2.82e-06 3.86e-06 4.79e-06 5.45e-06 5.68e-06 5.45e-06 4.79e-06 3.86e-06 2.82e-06 1.86e-06 1.10e-06 5.66e-07 2.51e-07 9.40e-08 2.91e-08 7.30e-09 1.46e-09 2.31e-10 2.81e-11 2.58e-12 1.72e-13 7.82e-15 2.18e-16 2.79e-18 0.00e+00 0.00e+00 0.00e+00 0.00e+00 0.00e+00 0.00e+00 0.00e+00 0.00e+00 0.00e+00 0.00e+00 -0.00e+00 
-0.00e+00 0.00e+00 0.00e+00 0.00e+00 0.00e+00 0.00e+00 0.00e+00 0.00e+00 0.00e+00 0.00e+00 3.76e-18 3.09e-16 1.17e-14 2.72e-13 4.33e-12 5.03e-11 4.41e-10 2.99e-09 1.60e-08 6.82e-08 2.36e-07 6.74e-07 1.62e-06 3.33e-06 5.99e-06 9.61e-06 1.39e-05 1.84e-05 2.23e-05 2.50e-05 2.60e-05 2.50e-05 2.23e-05 1.84e-05 1.39e-05 9.61e-06 5.99e-06 3.33e-06 1.62e-06 6.74e-07 2.36e-07 6.82e-08 1.60e-08 2.99e-09 4.41e-10 5.03e-11 4.33e-12 2.72e-13 1.17e-14 3.09e-16 3.76e-18 0.00e+00 0.00e+00 0.00e+00 0.00e+00 0.00e+00 0.00e+00 0.00e+00 0.00e+00 0.00e+00 -0.00e+00 
-0.00e+00 0.00e+00 0.00e+00 0.00e+00 0.00e+00 0.00e+00 0.00e+00 0.00e+00 0.00e+00 4.66e-18 4.02e-16 1.60e-14 3.92e-13 6.61e-12 8.13e-11 7.57e-10 5.47e-09 3.11e-08 1.42e-07 5.25e-07 1.60e-06 4.06e-06 8.81e-06 1.67e-05 2.81e-05 4.26e-05 5.92e-05 7.58e-05 9.00e-05 9.96e-05 1.03e-04 9.96e-05 9.00e-05 7.58e-05 5.92e-05 4.26e-05 2.81e-05 1.67e-05 8.81e-06 4.06e-06 1.60e-06 5.25e-07 1.42e-07 3.11e-08 5.47e-09 7.57e-10 8.13e-11 6.61e-12 3.92e-13 1.60e-14 4.02e-16 4.66e-18 0.00e+00 0.00e+00 0.00e+00 0.00e+00 0.00e+00 0.00e+00 0.00e+00 0.00e+00 -0.00e+00 
-0.00e+00 0.00e+00 0.00e+00 0.00e+00 0.00e+00 0.00e+00 0.00e+00 0.00e+00 5.29e-18 4.78e-16 2.00e-14 5.15e-13 9.15e-12 1.19e-10 1.17e-09 8.99e-09 5.45e-08 2.64e-07 1.04e-06 3.35e-06 9.00e-06 2.05e-05 4.06e-05 7.13e-05 1.13e-04 1.63e-04 2.18e-04 2.72e-04 3.16e-04 3.46e-04 3.57e-04 3.46e-04 3.16e-04 2.72e-04 2.18e-04 1.63e-04 1.13e-04 7.13e-05 4.06e-05 2.05e-05 9.00e-06 3.35e-06 1.04e-06 2.64e-07 5.45e-08 8.99e-09 1.17e-09 1.19e-10 9.15e-12 5.15e-13 2.00e-14 4.78e-16 5.29e-18 0.00e+00 0.00e+00 0.00e+00 0.00e+00 0.00e+00 0.00e+00 0.00e+00 -0.00e+00 
-0.00e+00 0.00e+00 0.00e+00 0.00e+00 0.00e+00 0.00e+00 0.00e+00 5.52e-18 5.21e-16 2.29e-14 6.18e-13 1.15e-11 1.58e-10 1.64e-09 1.33e-08 8.57e-08 4.41e-07 1.84e-06 6.26e-06 1.77e-05 4.24e-05 8.75e-05 1.59e-04 2.61e-04 3.90e-04 5.40e-04 6.98e-04 8.48e-04 9.71e-04 1.05e-03 1.08e-03 1.05e-03 9.71e-04 8.48e-04 6.98e-04 5.40e-04 3.90e-04 2.61e-04 1.59e-04 8.75e-05 4.24e-05 1.77e-05 6.26e-06 1.84e-06 4.41e-07 8.57e-08 1.33e-08 1.64e-09 1.58e-10 1.15e-11 6.18e-13 2.29e-14 5.21e-16 5.52e-18 0.00e+00 0.00e+00 0.00e+00 0.00e+00 0.00e+00 0.00e+00 -0.00e+00 
-0.00e+00 0.00e+00 0.00e+00 0.00e+00 0.00e+00 0.00e+00 5.29e-18 5.21e-16 2.39e-14 6.75e-13 1.32e-11 1.90e-10 2.09e-09 1.79e-08 1.21e-07 6.60e-07 2.91e-06 1.05e-05 3.12e-05 7.80e-05 1.67e-04 3.14e-04 5.30e-04 8.17e-04 1.16e-03 1.55e-03 1.95e-03 2.31e-03 2.61e-03 2.80e-03 2.87e-03 2.80e-03 2.61e-03 2.31e-03 1.95e-03 1.55e-03 1.16e-03 8.17e-04 5.30e-04 3.14e-04 1.67e-04 7.80e-05 3.12e-05 1.05e-05 2.91e-06 6.60e-07 1.21e-07 1.79e-08 2.09e-09 1.90e-10 1.32e-11 6.75e-13 2.39e-14 5.21e-16 5.29e-18 0.00e+00 0.00e+00 0.00e+00 0.00e+00 0.00e+00 -0.00e+00 
-0.00e+00 0.00e+00 0.00e+00 0.00e+00 0.00e+00 4.66e-18 4.78e-16 2.28e-14 6.74e-13 1.38e-11 2.09e-10 2.41e-09 2.17e-08 1.55e-07 8.91e-07 4.14e-06 1.57e-05 4.92e-05 1.28e-04 2.86e-04 5.53e-04 9.57e-04 1.51e-03 2.21e-03 3.02e-03 3.89e-03 4.77e-03 5.56e-03 6.20e-03 6.61e-03 6.75e-03 6.61e-03 6.20e-03 5.56e-03 4.77e-03 3.89e-03 3.02e-03 2.21e-03 1.51e-03 9.57e-04 5.53e-04 2.86e-04 1.28e-04 4.92e-05 1.57e-05 4.14e-06 8.91e-07 1.55e-07 2.17e-08 2.41e-09 2.09e-10 1.38e-11 6.74e-13 2.28e-14 4.78e-16 4.66e-18 0.00e+00 0.00e+00 0.00e+00 0.00e+00 -0.00e+00 
-0.00e+00 0.00e+00 0.00e+00 0.00e+00 3.76e-18 4.01e-16 1.99e-14 6.15e-13 1.32e-11 2.08e-10 2.52e-09 2.38e-08 1.79e-07 1.08e-06 5.31e-06 2.12e-05 6.96e-05 1.90e-04 4.38e-04 8.72e-04 1.54e-03 2.49e-03 3.72e-03 5.20e-03 6.88e-03 8.66e-03 1.04e-02 1.19e-02 1.32e-02 1.40e-02 1.42e-02 1.40e-02 1.32e-02 1.19e-02 1.04e-02 8.66e-03 6.88e-03 5.20e-03 3.72e-03 2.49e-03 1.54e-03 8.72e-04 4.38e-04 1.90e-04 6.96e-05 2.12e-05 5.31e-06 1.08e-06 1.79e-07 2.38e-08 2.52e-09 2.08e-10 1.32e-11 6.15e-13 1.99e-14 4.01e-16 3.76e-18 0.00e+00 0.00e+00 0.00e+00 -0.00e+00 
-0.00e+00 0.00e+00 0.00e+00 2.79e-18 3.08e-16 1.59e-14 5.11e-13 1.14e-11 1.89e-10 2.39e-09 2.37e-08 1.87e-07 1.19e-06 6.13e-06 2.57e-05 8.87e-05 2.53e-04 6.04e-04 1.24e-03 2.24e-03 3.69e-03 5.62e-03 8.04e-03 1.09e-02 1.41e-02 1.73e-02 2.05e-02 2.33e-02 2.55e-02 2.69e-02 2.74e-02 2.69e-02 2.55e-02 2.33e-02 2.05e-02 1.73e-02 1.41e-02 1.09e-02 8.04e-03 5.62e-03 3.69e-03 2.24e-03 1.24e-03 6.04e-04 2.53e-04 8.87e-05 2.57e-05 6.13e-06 1.19e-06 1.87e-07 2.37e-08 2.39e-09 1.89e-10 1.14e-11 5.11e-13 1.59e-14 3.08e-16 2.79e-18 0.00e+00 0.00e+00 -0.00e+00 
-0.00e+00 0.00e+00 1.89e-18 2.17e-16 1.16e-14 3.88e-13 9.02e-12 1.55e-10 2.05e-09 2.13e-08 1.77e-07 1.18e-06 6.38e-06 2.82e-05 1.02e-04 3.03e-04 7.53e-04 1.59e-03 2.95e-03 4.95e-03 7.70e-03 1.13e-02 1.57e-02 2.07e-02 2.62e-02 3.18e-02 3.71e-02 4.18e-02 4.53e-02 4.76e-02 4.84e-02 4.76e-02 4.53e-02 4.18e-02 3.71e-02 3.18e-02 2.62e-02 2.07e-02 1.57e-02 1.13e-02 7.70e-03 4.95e-03 2.95e-03 1.59e-03 7.53e-04 3.03e-04 1.02e-04 2.82e-05 6.38e-06 1.18e-06 1.77e-07 2.13e-08 2.05e-09 1.55e-10 9.02e-12 3.88e-13 1.16e-14 2.17e-16 1.89e-18 0.00e+00 -0.00e+00 
-2.35e-18 2.35e-18 1.39e-16 7.74e-15 2.68e-13 6.48e-12 1.16e-10 1.60e-09 1.74e-08 1.51e-07 1.06e-06 6.00e-06 2.78e-05 1.05e-04 3.28e-04 8.50e-04 1.86e-03 3.53e-03 6.05e-03 9.64e-03 1.45e-02 2.07e-02 2.81e-02 3.64e-02 4.52e-02 5.40e-02 6.22e-02 6.91e-02 7.45e-02 7.78e-02 7.90e-02 7.78e-02 7.45e-02 6.91e-02 6.22e-02 5.40e-02 4.52e-02 3.64e-02 2.81e-02 2.07e-02 1.45e-02 9.64e-03 6.05e-03 3.53e-03 1.86e-03 8.50e-04 3.28e-04 1.05e-04 2.78e-05 6.00e-06 1.06e-06 1.51e-07 1.74e-08 1.60e-09 1.16e-10 6.48e-12 2.68e-13 7.74e-15 1.39e-16 1.17e-18 -1.17e-18 
-1.63e-16 1.63e-16 4.69e-15 1.69e-13 4.23e-12 7.89e-11 1.13e-09 1.28e-08 1.16e-07 8.52e-07 5.08e-06 2.47e-05 9.83e-05 3.21e-04 8.69e-04 1.97e-03 3.86e-03 6.79e-03 1.11e-02 1.72e-02 2.52e-02 3.51e-02 4.67e-02 5.92e-02 7.22e-02 8.47e-02 9.60e-02 1.05e-01 1.13e-01 1.17e-01 1.19e-01 1.17e-01 1.13e-01 1.05e-01 9.60e-02 8.47e-02 7.22e-02 5.92e-02 4.67e-02 3.51e-02 2.52e-02 1.72e-02 1.11e-02 6.79e-03 3.86e-03 1.97e-03 8.69e-04 3.21e-04 9.83e-05 2.47e-05 5.08e-06 8.52e-07 1.16e-07 1.28e-08 1.13e-09 7.89e-11 4.23e-12 1.69e-13 4.69e-15 8.09e-17 -8.09e-17 
-5.17e-15 5.17e-15 9.61e-14 2.50e-12 4.84e-11 7.24e-10 8.54e-09 8.09e-08 6.20e-07 3.87e-06 1.98e-05 8.27e-05 2.84e-04 8.05e-04 1.91e-03 3.88e-03 7.03e-03 1.18e-02 1.89e-02 2.86e-02 4.09e-02 5.55e-02 7.19e-02 8.90e-02 1.06e-01 1.22e-01 1.36e-01 1.48e-01 1.56e-01 1.61e-01 1.63e-01 1.61e-01 1.56e-01 1.48e-01 1.36e-01 1.22e-01 1.06e-01 8.90e-02 7.19e-02 5.55e-02 4.09e-02 2.86e-02 1.89e-02 1.18e-02 7.03e-03 3.88e-03 1.91e-03 8.05e-04 2.84e-04 8.27e-05 1.98e-05 3.87e-06 6.20e-07 8.09e-08 8.54e-09 7.24e-10 4.84e-11 2.50e-12 9.61e-14 2.54e-15 -2.54e-15 
-9.92e-14 9.92e-14 1.34e-12 2.69e-11 4.17e-10 5.13e-09 5.06e-08 4.06e-07 2.65e-06 1.42e-05 6.26e-05 2.27e-04 6.77e-04 1.68e-03 3.57e-03 6.72e-03 1.17e-02 1.93e-02 3.02e-02 4.43e-02 6.15e-02 8.11e-02 1.02e-01 1.23e-01 1.44e-01 1.62e-01 1.77e-01 1.90e-01 1.99e-01 2.04e-01 2.06e-01 2.04e-01 1.99e-01 1.90e-01 1.77e-01 1.62e-01 1.44e-01 1.23e-01 1.02e-01 8.11e-02 6.15e-02 4.43e-02 3.02e-02 1.93e-02 1.17e-02 6.72e-03 3.57e-03 1.68e-03 6.77e-04 2.27e-04 6.26e-05 1.42e-05 2.65e-06 4.06e-07 5.06e-08 5.13e-09 4.17e-10 2.69e-11 1.34e-12 4.83e-14 -4.83e-14 
-1.29e-12 1.29e-12 1.34e-11 2.16e-10 2.76e-09 2.84e-08 2.38e-07 1.63e-06 9.20e-06 4.27e-05 1.63e-04 5.14e-04 1.35e-03 3.03e-03 5.95e-03 1.08e-02 1.84e-02 2.96e-02 4.48e-02 6.36e-02 8.56e-02 1.10e-01 1.34e-01 1.58e-01 1.79e-01 1.98e-01 2.13e-01 2.25e-01 2.33e-01 2.38e-01 2.40e-01 2.38e-01 2.33e-01 2.25e-01 2.13e-01 1.98e-01 1.79e-01 1.58e-01 1.34e-01 1.10e-01 8.56e-02 6.36e-02 4.48e-02 2.96e-02 1.84e-02 1.08e-02 5.95e-03 3.03e-03 1.35e-03 5.14e-04 1.63e-04 4.27e-05 9.20e-06 1.63e-06 2.38e-07 2.84e-08 2.76e-09 2.16e-10 1.34e-11 6.21e-13 -6.21e-13 
-1.20e-11 1.20e-11 1.01e-10 1.33e-09 1.43e-08 1.25e-07 8.99e-07 5.33e-06 2.60e-05 1.05e-04 3.53e-04 9.88e-04 2.35e-03 4.86e-03 9.18e-03 1.62e-02 2.71e-02 4.22e-02 6.16e-02 8.49e-02 1.11e-01 1.38e-01 1.64e-01 1.87e-01 2.07e-01 2.24e-01 2.37e-01 2.47e-01 2.53e-01 2.57e-01 2.58e-01 2.57e-01 2.53e-01 2.47e-01 2.37e-01 2.24e-01 2.07e-01 1.87e-01 1.64e-01 1.38e-01 1.11e-01 8.49e-02 6.16e-02 4.22e-02 2.71e-02 1.62e-02 9.18e-03 4.86e-03 2.35e-03 9.88e-04 3.53e-04 1.05e-04 2.60e-05 5.33e-06 8.99e-07 1.25e-07 1.43e-08 1.33e-09 1.00e-10 5.72e-12 -5.72e-12 
-8.31e-11 8.31e-11 5.76e-10 6.41e-09 5.86e-08 4.41e-07 2.75e-06 1.42e-05 6.10e-05 2.18e-04 6.53e-04 1.66e-03 3.65e-03 7.24e-03 1.33e-02 2.30e-02 3.71e-02 5.60e-02 7.93e-02 1.06e-01 1.34e-01 1.61e-01 1.86e-01 2.06e-01 2.23e-01 2.37e-01 2.46e-01 2.53e-01 2.58e-01 2.61e-01 2.62e-01 2.61e-01 2.58e-01 2.53e-01 2.46e-01 2.37e-01 2.23e-01 2.06e-01 1.86e-01 1.61e-01 1.34e-01 1.06e-01 7.93e-02 5.60e-02 3.71e-02 2.30e-02 1.33e-02 7.24e-03 3.65e-03 1.66e-03 6.53e-04 2.18e-04 6.10e-05 1.42e-05 2.75e-06 4.41e-07 5.86e-08 6.41e-09 5.73e-10 3.91e-11 -3.91e-11 
-4.37e-10 4.37e-10 2.56e-09 2.43e-08 1.92e-07 1.26e-06 6.91e-06 3.16e-05 1.21e-04 3.88e-04 1.06e-03 2.50e-03 5.26e-03 1.01e-02 1.81e-02 3.04e-02 4.76e-02 6.97e-02 9.56e-02 1.23e-01 1.51e-01 1.76e-01 1.97e-01 2.14e-01 2.27e-01 2.36e-01 2.43e-01 2.48e-01 2.51e-01 2.53e-01 2.54e-01 2.53e-01 2.51e-01 2.48e-01 2.43e-01 2.36e-01 2.27e-01 2.14e-01 1.97e-01 1.76e-01 1.51e-01 1.23e-01 9.56e-02 6.97e-02 4.76e-02 3.04e-02 1.81e-02 1.01e-02 5.26e-03 2.50e-03 1.06e-03 3.88e-04 1.21e-04 3.16e-05 6.91e-06 1.26e-06 1.92e-07 2.43e-08 2.55e-09 2.03e-10 -2.03e-10 
-1.78e-09 1.78e-09 8.98e-09 7.39e-08 5.12e-07 2.97e-06 1.45e-05 5.96e-05 2.07e-04 6.11e-04 1.56e-03 3.49e-03 7.07e-03 1.32e-02 2.32e-02 3.78e-02 5.75e-02 8.15e-02 1.08e-01 1.35e-01 1.60e-01 1.82e-01 1.98e-01 2.10e-01 2.19e-01 2.26e-01 2.31e-01 2.36e-01 2.40e-01 2.42e-01 2.43e-01 2.42e-01 2.40e-01 2.36e-01 2.31e-01 2.26e-01 2.19e-01 2.10e-01 1.98e-01 1.82e-01 1.60e-01 1.35e-01 1.08e-01 8.15e-02 5.75e-02 3.78e-02 2.32e-02 1.32e-02 7.07e-03 3.49e-03 1.56e-03 6.11e-04 2.07e-04 5.96e-05 1.45e-05 2.97e-06 5.12e-07 7.39e-08 8.90e-09 8.17e-10 -8.17e-10 
-5.70e-09 5.70e-09 2.51e-08 1.82e-07 1.13e-06 5.88e-06 2.60e-05 9.77e-05 3.13e-04 8.66e-04 2.09e-03 4.52e-03 8.90e-03 1.63e-02 2.78e-02 4.42e-02 6.52e-02 8.97e-02 1.16e-01 1.40e-01 1.61e-01 1.78e-01 1.90e-01 1.99e-01 2.05e-01 2.12e-01 2.18e-01 2.24e-01 2.30e-01 2.34e-01 2.36e-01 2.34e-01 2.30e-01 2.24e-01 2.18e-01 2.12e-01 2.05e-01 1.99e-01 1.90e-01 1.78e-01 1.61e-01 1.40e-01 1.16e-01 8.97e-02 6.52e-02 4.42e-02 2.78e-02 1.63e-02 8.90e-03 4.52e-03 2.09e-03 8.66e-04 3.13e-04 9.77e-05 2.60e-05 5.88e-06 1.13e-06 1.82e-07 2.48e-08 2.58e-09 -2.58e-09 
-1.45e-08 1.45e-08 5.72e-08 3.72e-07 2.08e-06 9.95e-06 4.06e-05 1.42e-04 4.28e-04 1.12e-03 2.61e-03 5.47e-03 1.05e-02 1.89e-02 3.14e-02 4.86e-02 6.98e-02 9.35e-02 1.17e-01 1.38e-01 1.55e-01 1.67e-01 1.76e-01 1.82e-01 1.89e-01 1.97e-01 2.07e-01 2.17e-01 2.28e-01 2.35e-01 2.38e-01 2.35e-01 2.28e-01 2.17e-01 2.07e-01 1.97e-01 1.89e-01 1.82e-01 1.76e-01 1.67e-01 1.55e-01 1.38e-01 1.17e-01 9.35e-02 6.98e-02 4.86e-02 3.14e-02 1.89e-02 1.05e-02 5.47e-03 2.61e-03 1.12e-03 4.28e-04 1.42e-04 4.06e-05 9.95e-06 2.08e-06 3.72e-07 5.63e-08 6.47e-09 -6.47e-09 
-3.00e-08 3.00e-08 1.08e-07 6.38e-07 3.30e-06 1.47e-05 5.62e-05 1.86e-04 5.33e-04 1.34e-03 3.03e-03 6.19e-03 1.17e-02 2.05e-02 3.34e-02 5.05e-02 7.07e-02 9.22e-02 1.13e-01 1.30e-01 1.42e-01 1.51e-01 1.58e-01 1.65e-01 1.73e-01 1.85e-01 2.00e-01 2.17e-01 2.34e-01 2.47e-01 2.52e-01 2.47e-01 2.34e-01 2.17e-01 2.00e-01 1.85e-01 1.73e-01 1.65e-01 1.58e-01 1.51e-01 1.42e-01 1.30e-01 1.13e-01 9.22e-02 7.07e-02 5.05e-02 3.34e-02 2.05e-02 1.17e-02 6.19e-03 3.03e-03 1.34e-03 5.33e-04 1.86e-04 5.62e-05 1.47e-05 3.30e-06 6.38e-07 1.06e-07 1.32e-08 -1.32e-08 
-5.12e-08 5.12e-08 1.70e-07 9.38e-07 4.55e-06 1.91e-05 6.95e-05 2.20e-04 6.07e-04 1.48e-03 3.26e-03 6.54e-03 1.21e-02 2.09e-02 3.34e-02 4.94e-02 6.76e-02 8.62e-02 1.03e-01 1.16e-01 1.25e-01 1.32e-01 1.38e-01 1.46e-01 1.58e-01 1.75e-01 1.97e-01 2.23e-01 2.51e-01 2.73e-01 2.82e-01 2.73e-01 2.51e-01 2.23e-01 1.97e-01 1.75e-01 1.58e-01 1.46e-01 1.38e-01 1.32e-01 1.25e-01 1.16e-01 1.03e-01 8.62e-02 6.76e-02 4.94e-02 3.34e-02 2.09e-02 1.21e-02 6.54e-03 3.26e-03 1.48e-03 6.07e-04 2.20e-04 6.95e-05 1.91e-05 4.55e-06 9.38e-07 1.66e-07 2.22e-08 -2.22e-08 
-7.28e-08 7.28e-08 2.28e-07 1.19e-06 5.49e-06 2.20e-05 7.70e-05 2.35e-04 6.31e-04 1.50e-03 3.24e-03 6.40e-03 1.17e-02 1.99e-02 3.12e-02 4.53e-02 6.08e-02 7.61e-02 8.90e-02 9.88e-02 1.06e-01 1.11e-01 1.17e-01 1.27e-01 1.42e-01 1.64e-01 1.95e-01 2.33e-01 2.77e-01 3.16e-01 3.34e-01 3.16e-01 2.77e-01 2.33e-01 1.95e-01 1.64e-01 1.42e-01 1.27e-01 1.17e-01 1.11e-01 1.06e-01 9.88e-02 8.90e-02 7.61e-02 6.08e-02 4.53e-02 3.12e-02 1.99e-02 1.17e-02 6.40e-03 3.24e-03 1.50e-03 6.31e-04 2.35e-04 7.70e-05 2.20e-05 5.49e-06 1.19e-06 2.23e-07 3.13e-08 -3.13e-08 
-8.65e-08 8.65e-08 2.60e-07 1.29e-06 5.75e-06 2.23e-05 7.57e-05 2.25e-04 5.90e-04 1.38e-03 2.94e-03 5.73e-03 1.04e-02 1.73e-02 2.68e-02 3.84e-02 5.07e-02 6.24e-02 7.21e-02 7.91e-02 8.40e-02 8.86e-02 9.50e-02 1.06e-01 1.23e-01 1.49e-01 1.88e-01 2.42e-01 3.10e-01 3.83e-01 4.24e-01 3.83e-01 3.10e-01 2.42e-01 1.88e-01 1.49e-01 1.23e-01 1.06e-01 9.50e-02 8.86e-02 8.40e-02 7.91e-02 7.21e-02 6.24e-02 5.07e-02 3.84e-02 2.68e-02 1.73e-02 1.04e-02 5.73e-03 2.94e-03 1.38e-03 5.90e-04 2.25e-04 7.57e-05 2.23e-05 5.75e-06 1.29e-06 2.52e-07 3.68e-08 -3.68e-08 
-8.41e-08 8.41e-08 2.45e-07 1.18e-06 5.11e-06 1.93e-05 6.42e-05 1.87e-04 4.83e-04 1.12e-03 2.35e-03 4.54e-03 8.13e-03 1.35e-02 2.06e-02 2.91e-02 3.81e-02 4.64e-02 5.29e-02 5.75e-02 6.11e-02 6.48e-02 7.06e-02 8.07e-02 9.75e-02 1.25e-01 1.68e-01 2.37e-01 3.42e-01 4.83e-01 5.99e-01 4.83e-01 3.42e-01 2.37e-01 1.68e-01 1.25e-01 9.75e-02 8.07e-02 7.06e-02 6.48e-02 6.11e-02 5.75e-02 5.29e-02 4.64e-02 3.81e-02 2.91e-02 2.06e-02 1.35e-02 8.13e-03 4.54e-03 2.35e-03 1.12e-03 4.83e-04 1.87e-04 6.42e-05 1.93e-05 5.11e-06 1.18e-06 2.37e-07 3.55e-08 -3.55e-08 
-6.16e-08 6.16e-08 1.76e-07 8.30e-07 3.53e-06 1.32e-05 4.31e-05 1.24e-04 3.17e-04 7.27e-04 1.52e-03 2.92e-03 5.19e-03 8.54e-03 1.30e-02 1.82e-02 2.36e-02 2.84e-02 3.23e-02 3.50e-02 3.71e-02 3.96e-02 4.38e-02 5.12e-02 6.40e-02 8.61e-02 1.25e-01 1.98e-01 3.39e-01 6.09e-01 1.01e+00 6.09e-01 3.39e-01 1.98e-01 1.25e-01 8.61e-02 6.40e-02 5.12e-02 4.38e-02 3.96e-02 3.71e-02 3.50e-02 3.23e-02 2.84e-02 2.36e-02 1.82e-02 1.30e-02 8.54e-03 5.19e-03 2.92e-03 1.52e-03 7.27e-04 3.17e-04 1.24e-04 4.31e-05 1.32e-05 3.53e-06 8.30e-07 1.70e-07 2.59e-08 -2.59e-08 
-2.27e-08 2.27e-08 6.40e-08 2.99e-07 1.26e-06 4.67e-06 1.52e-05 4.35e-05 1.11e-04 2.52e-04 5.25e-04 1.01e-03 1.78e-03 2.93e-03 4.42e-03 6.17e-03 7.99e-03 9.63e-03 1.08e-02 1.17e-02 1.24e-02 1.34e-02 1.49e-02 1.77e-02 2.26e-02 3.16e-02 4.95e-02 9.08e-02 2.07e-01 6.07e-01 2.22e+00 6.07e-01 2.07e-01 9.08e-02 4.95e-02 3.16e-02 2.26e-02 1.77e-02 1.49e-02 1.34e-02 1.24e-02 1.17e-02 1.08e-02 9.63e-03 7.99e-03 6.17e-03 4.42e-03 2.93e-03 1.78e-03 1.01e-03 5.25e-04 2.52e-04 1.11e-04 4.35e-05 1.52e-05 4.67e-06 1.26e-06 2.99e-07 6.19e-08 9.52e-09 -9.52e-09 
2.27e-08 -2.27e-08 -6.40e-08 -2.99e-07 -1.26e-06 -4.67e-06 -1.52e-05 -4.35e-05 -1.11e-04 -2.52e-04 -5.25e-04 -1.01e-03 -1.78e-03 -2.93e-03 -4.42e-03 -6.17e-03 -7.99e-03 -9.63e-03 -1.08e-02 -1.17e-02 -1.24e-02 -1.34e-02 -1.49e-02 -1.77e-02 -2.26e-02 -3.16e-02 -4.95e-02 -9.08e-02 -2.07e-01 -6.07e-01 -2.22e+00 -6.07e-01 -2.07e-01 -9.08e-02 -4.95e-02 -3.16e-02 -2.26e-02 -1.77e-02 -1.49e-02 -1.34e-02 -1.24e-02 -1.17e-02 -1.08e-02 -9.63e-03 -7.99e-03 -6.17e-03 -4.42e-03 -2.93e-03 -1.78e-03 -1.01e-03 -5.25e-04 -2.52e-04 -1.11e-04 -4.35e-05 -1.52e-05 -4.67e-06 -1.26e-06 -2.99e-07 -6.19e-08 -9.52e-09 9.52e-09 
6.16e-08 -6.16e-08 -1.76e-07 -8.30e-07 -3.53e-06 -1.32e-05 -4.31e-05 -1.24e-04 -3.17e-04 -7.27e-04 -1.52e-03 -2.92e-03 -5.19e-03 -8.54e-03 -1.30e-02 -1.82e-02 -2.36e-02 -2.84e-02 -3.23e-02 -3.50e-02 -3.71e-02 -3.96e-02 -4.38e-02 -5.12e-02 -6.40e-02 -8.61e-02 -1.25e-01 -1.98e-01 -3.39e-01 -6.09e-01 -1.01e+00 -6.09e-01 -3.39e-01 -1.98e-01 -1.25e-01 -8.61e-02 -6.40e-02 -5.12e-02 -4.38e-02 -3.96e-02 -3.71e-02 -3.50e-02 -3.23e-02 -2.84e-02 -2.36e-02 -1.82e-02 -1.30e-02 -8.54e-03 -5.19e-03 -2.92e-03 -1.52e-03 -7.27e-04 -3.17e-04 -1.24e-04 -4.31e-05 -1.32e-05 -3.53e-06 -8.30e-07 -1.70e-07 -2.59e-08 2.59e-08 
8.41e-08 -8.41e-08 -2.45e-07 -1.18e-06 -5.11e-06 -1.93e-05 -6.42e-05 -1.87e-04 -4.83e-04 -1.12e-03 -2.35e-03 -4.54e-03 -8.13e-03 -1.35e-02 -2.06e-02 -2.91e-02 -3.81e-02 -4.64e-02 -5.29e-02 -5.75e-02 -6.11e-02 -6.48e-02 -7.06e-02 -8.07e-02 -9.75e-02 -1.25e-01 -1.68e-01 -2.37e-01 -3.42e-01 -4.83e-01 -5.99e-01 -4.83e-01 -3.42e-01 -2.37e-01 -1.68e-01 -1.25e-01 -9.75e-02 -8.07e-02 -7.06e-02 -6.48e-02 -6.11e-02 -5.75e-02 -5.29e-02 -4.64e-02 -3.81e-02 -2.91e-02 -2.06e-02 -1.35e-02 -8.13e-03 -4.54e-03 -2.35e-03 -1.12e-03 -4.83e-04 -1.87e-04 -6.42e-05 -1.93e-05 -5.11e-06 -1.18e-06 -2.37e-07 -3.55e-08 3.55e-08 
8.65e-08 -8.65e-08 -2.60e-07 -1.29e-06 -5.75e-06 -2.23e-05 -7.57e-05 -2.25e-04 -5.90e-04 -1.38e-03 -2.94e-03 -5.73e-03 -1.04e-02 -1.73e-02 -2.68e-02 -3.84e-02 -5.07e-02 -6.24e-02 -7.21e-02 -7.91e-02 -8.40e-02 -8.86e-02 -9.50e-02 -1.06e-01 -1.23e-01 -1.49e-01 -1.88e-01 -2.42e-01 -3.10e-01 -3.83e-01 -4.24e-01 -3.83e-01 -3.10e-01 -2.42e-01 -1.88e-01 -1.49e-01 -1.23e-01 -1.06e-01 -9.50e-02 -8.86e-02 -8.40e-02 -7.91e-02 -7.21e-02 -6.24e-02 -5.07e-02 -3.84e-02 -2.68e-02 -1.73e-02 -1.04e-02 -5.73e-03 -2.94e-03 -1.38e-03 -5.90e-04 -2.25e-04 -7.57e-05 -2.23e-05 -5.75e-06 -1.29e-06 -2.52e-07 -3.68e-08 3.68e-08 
7.28e-08 -7.28e-08 -2.28e-07 -1.19e-06 -5.49e-06 -2.20e-05 -7.70e-05 -2.35e-04 -6.31e-04 -1.50e-03 -3.24e-03 -6.40e-03 -1.17e-02 -1.99e-02 -3.12e-02 -4.53e-02 -6.08e-02 -7.61e-02 -8.90e-02 -9.88e-02 -1.06e-01 -1.11e-01 -1.17e-01 -1.27e-01 -1.42e-01 -1.64e-01 -1.95e-01 -2.33e-01 -2.77e-01 -3.16e-01 -3.34e-01 -3.16e-01 -2.77e-01 -2.33e-01 -1.95e-01 -1.64e-01 -1.42e-01 -1.27e-01 -1.17e-01 -1.11e-01 -1.06e-01 -9.88e-02 -8.90e-02 -7.61e-02 -6.08e-02 -4.53e-02 -3.12e-02 -1.99e-02 -1.17e-02 -6.40e-03 -3.24e-03 -1.50e-03 -6.31e-04 -2.35e-04 -7.70e-05 -2.20e-05 -5.49e-06 -1.19e-06 -2.23e-07 -3.13e-08 3.13e-08 
5.12e-08 -5.12e-08 -1.70e-07 -9.38e-07 -4.55e-06 -1.91e-05 -6.95e-05 -2.20e-04 -6.07e-04 -1.48e-03 -3.26e-03 -6.54e-03 -1.21e-02 -2.09e-02 -3.34e-02 -4.94e-02 -6.76e-02 -8.62e-02 -1.03e-01 -1.16e-01 -1.25e-01 -1.32e-01 -1.38e-01 -1.46e-01 -1.58e-01 -1.75e-01 -1.97e-01 -2.23e-01 -2.51e-01 -2.73e-01 -2.82e-01 -2.73e-01 -2.51e-01 -2.23e-01 -1.97e-01 -1.75e-01 -1.58e-01 -1.46e-01 -1.38e-01 -1.32e-01 -1.25e-01 -1.16e-01 -1.03e-01 -8.62e-02 -6.76e-02 -4.94e-02 -3.34e-02 -2.09e-02 -1.21e-02 -6.54e-03 -3.26e-03 -1.48e-03 -6.07e-04 -2.20e-04 -6.95e-05 -1.91e-05 -4.55e-06 -9.38e-07 -1.66e-07 -2.22e-08 2.22e-08 
3.00e-08 -3.00e-08 -1.08e-07 -6.38e-07 -3.30e-06 -1.47e-05 -5.62e-05 -1.86e-04 -5.33e-04 -1.34e-03 -3.03e-03 -6.19e-03 -1.17e-02 -2.05e-02 -3.34e-02 -5.05e-02 -7.07e-02 -9.22e-02 -1.13e-01 -1.30e-01 -1.42e-01 -1.51e-01 -1.58e-01 -1.65e-01 -1.73e-01 -1.85e-01 -2.00e-01 -2.17e-01 -2.34e-01 -2.47e-01 -2.52e-01 -2.47e-01 -2.34e-01 -2.17e-01 -2.00e-01 -1.85e-01 -1.73e-01 -1.65e-01 -1.58e-01 -1.51e-01 -1.42e-01 -1.30e-01 -1.13e-01 -9.22e-02 -7.07e-02 -5.05e-02 -3.34e-02 -2.05e-02 -1.17e-02 -6.19e-03 -3.03e-03 -1.34e-03 -5.33e-04 -1.86e-04 -5.62e-05 -1.47e-05 -3.30e-06 -6.38e-07 -1.06e-07 -1.32e-08 1.32e-08 
1.45e-08 -1.45e-08 -5.72e-08 -3.72e-07 -2.08e-06 -9.95e-06 -4.06e-05 -1.42e-04 -4.28e-04 -1.12e-03 -2.61e-03 -5.47e-03 -1.05e-02 -1.89e-02 -3.14e-02 -4.86e-02 -6.98e-02 -9.35e-02 -1.17e-01 -1.38e-01 -1.55e-01 -1.67e-01 -1.76e-01 -1.82e-01 -1.89e-01 -1.97e-01 -2.07e-01 -2.17e-01 -2.28e-01 -2.35e-01 -2.38e-01 -2.35e-01 -2.28e-01 -2.17e-01 -2.07e-01 -1.97e-01 -1.89e-01 -1.82e-01 -1.76e-01 -1.67e-01 -1.55e-01 -1.38e-01 -1.17e-01 -9.35e-02 -6.98e-02 -4.86e-02 -3.14e-02 -1.89e-02 -1.05e-02 -5.47e-03 -2.61e-03 -1.12e-03 -4.28e-04 -1.42e-04 -4.06e-05 -9.95e-06 -2.08e-06 -3.72e-07 -5.63e-08 -6.47e-09 6.47e-09 
5.70e-09 -5.70e-09 -2.51e-08 -1.82e-07 -1.13e-06 -5.88e-06 -2.60e-05 -9.77e-05 -3.13e-04 -8.66e-04 -2.09e-03 -4.52e-03 -8.90e-03 -1.63e-02 -2.78e-02 -4.42e-02 -6.52e-02 -8.97e-02 -1.16e-01 -1.40e-01 -1.61e-01 -1.78e-01 -1.90e-01 -1.99e-01 -2.05e-01 -2.12e-01 -2.18e-01 -2.24e-01 -2.30e-01 -2.34e-01 -2.36e-01 -2.34e-01 -2.30e-01 -2.24e-01 -2.18e-01 -2.12e-01 -2.05e-01 -1.99e-01 -1.90e-01 -1.78e-01 -1.61e-01 -1.40e-01 -1.16e-01 -8.97e-02 -6.52e-02 -4.42e-02 -2.78e-02 -1.63e-02 -8.90e-03 -4.52e-03 -2.09e-03 -8.66e-04 -3.13e-04 -9.77e-05 -2.60e-05 -5.88e-06 -1.13e-06 -1.82e-07 -2.48e-08 -2.58e-09 2.58e-09 
1.78e-09 -1.78e-09 -8.98e-09 -7.39e-08 -5.12e-07 -2.97e-06 -1.45e-05 -5.96e-05 -2.07e-04 -6.11e-04 -1.56e-03 -3.49e-03 -7.07e-03 -1.32e-02 -2.32e-02 -3.78e-02 -5.75e-02 -8.15e-02 -1.08e-01 -1.35e-01 -1.60e-01 -1.82e-01 -1.98e-01 -2.10e-01 -2.19e-01 -2.26e-01 -2.31e-01 -2.36e-01 -2.40e-01 -2.42e-01 -2.43e-01 -2.42e-01 -2.40e-01 -2.36e-01 -2.31e-01 -2.26e-01 -2.19e-01 -2.10e-01 -1.98e-01 -1.82e-01 -1.60e-01 -1.35e-01 -1.08e-01 -8.15e-02 -5.75e-02 -3.78e-02 -2.32e-02 -1.32e-02 -7.07e-03 -3.49e-03 -1.56e-03 -6.11e-04 -2.07e-04 -5.96e-05 -1.45e-05 -2.97e-06 -5.12e-07 -7.39e-08 -8.90e-09 -8.17e-10 8.17e-10 
4.37e-10 -4.37e-10 -2.56e-09 -2.43e-08 -1.92e-07 -1.26e-06 -6.91e-06 -3.16e-05 -1.21e-04 -3.88e-04 -1.06e-03 -2.50e-03 -5.26e-03 -1.01e-02 -1.81e-02 -3.04e-02 -4.76e-02 -6.97e-02 -9.56e-02 -1.23e-01 -1.51e-01 -1.76e-01 -1.97e-01 -2.14e-01 -2.27e-01 -2.36e-01 -2.43e-01 -2.48e-01 -2.51e-01 -2.53e-01 -2.54e-01 -2.53e-01 -2.51e-01 -2.48e-01 -2.43e-01 -2.36e-01 -2.27e-01 -2.14e-01 -1.97e-01 -1.76e-01 -1.51e-01 -1.23e-01 -9.56e-02 -6.97e-02 -4.76e-02 -3.04e-02 -1.81e-02 -1.01e-02 -5.26e-03 -2.50e-03 -1.06e-03 -3.88e-04 -1.21e-04 -3.16e-05 -6.91e-06 -1.26e-06 -1.92e-07 -2.43e-08 -2.55e-09 -2.03e-10 2.03e-10 
8.31e-11 -8.31e-11 -5.76e-10 -6.41e-09 -5.86e-08 -4.41e-07 -2.75e-06 -1.42e-05 -6.10e-05 -2.18e-04 -6.53e-04 -1.66e-03 -3.65e-03 -7.24e-03 -1.33e-02 -2.30e-02 -3.71e-02 -5.60e-02 -7.93e-02 -1.06e-01 -1.34e-01 -1.61e-01 -1.86e-01 -2.06e-01 -2.23e-01 -2.37e-01 -2.46e-01 -2.53e-01 -2.58e-01 -2.61e-01 -2.62e-01 -2.61e-01 -2.58e-01 -2.53e-01 -2.46e-01 -2.37e-01 -2.23e-01 -2.06e-01 -1.86e-01 -1.61e-01 -1.34e-01 -1.06e-01 -7.93e-02 -5.60e-02 -3.71e-02 -2.30e-02 -1.33e-02 -7.24e-03 -3.65e-03 -1.66e-03 -6.53e-04 -2.18e-04 -6.10e-05 -1.42e-05 -2.75e-06 -4.41e-07 -5.86e-08 -6.41e-09 -5.73e-10 -3.91e-11 3.91e-11 
1.20e-11 -1.20e-11 -1.01e-10 -1.33e-09 -1.43e-08 -1.25e-07 -8.99e-07 -5.33e-06 -2.60e-05 -1.05e-04 -3.53e-04 -9.88e-04 -2.35e-03 -4.86e-03 -9.18e-03 -1.62e-02 -2.71e-02 -4.22e-02 -6.16e-02 -8.49e-02 -1.11e-01 -1.38e-01 -1.64e-01 -1.87e-01 -2.07e-01 -2.24e-01 -2.37e-01 -2.47e-01 -2.53e-01 -2.57e-01 -2.58e-01 -2.57e-01 -2.53e-01 -2.47e-01 -2.37e-01 -2.24e-01 -2.07e-01 -1.87e-01 -1.64e-01 -1.38e-01 -1.11e-01 -8.49e-02 -6.16e-02 -4.22e-02 -2.71e-02 -1.62e-02 -9.18e-03 -4.86e-03 -2.35e-03 -9.88e-04 -3.53e-04 -1.05e-04 -2.60e-05 -5.33e-06 -8.99e-07 -1.25e-07 -1.43e-08 -1.33e-09 -1.00e-10 -5.72e-12 5.72e-12 
1.29e-12 -1.29e-12 -1.34e-11 -2.16e-10 -2.76e-09 -2.84e-08 -2.38e-07 -1.63e-06 -9.20e-06 -4.27e-05 -1.63e-04 -5.14e-04 -1.35e-03 -3.03e-03 -5.95e-03 -1.08e-02 -1.84e-02 -2.96e-02 -4.48e-02 -6.36e-02 -8.56e-02 -1.10e-01 -1.34e-01 -1.58e-01 -1.79e-01 -1.98e-01 -2.13e-01 -2.25e-01 -2.33e-01 -2.38e-01 -2.40e-01 -2.38e-01 -2.33e-01 -2.25e-01 -2.13e-01 -1.98e-01 -1.79e-01 -1.58e-01 -1.34e-01 -1.10e-01 -8.56e-02 -6.36e-02 -4.48e-02 -2.96e-02 -1.84e-02 -1.08e-02 -5.95e-03 -3.03e-03 -1.35e-03 -5.14e-04 -1.63e-04 -4.27e-05 -9.20e-06 -1.63e-06 -2.38e-07 -2.84e-08 -2.76e-09 -2.16e-10 -1.34e-11 -6.21e-13 6.21e-13 
9.92e-14 -9.92e-14 -1.34e-12 -2.69e-11 -4.17e-10 -5.13e-09 -5.06e-08 -4.06e-07 -2.65e-06 -1.42e-05 -6.26e-05 -2.27e-04 -6.77e-04 -1.68e-03 -3.57e-03 -6.72e-03 -1.17e-02 -1.93e-02 -3.02e-02 -4.43e-02 -6.15e-02 -8.11e-02 -1.02e-01 -1.23e-01 -1.44e-01 -1.62e-01 -1.77e-01 -1.90e-01 -1.99e-01 -2.04e-01 -2.06e-01 -2.04e-01 -1.99e-01 -1.90e-01 -1.77e-01 -1.62e-01 -1.44e-01 -1.23e-01 -1.02e-01 -8.11e-02 -6.15e-02 -4.43e-02 -3.02e-02 -1.93e-02 -1.17e-02 -6.72e-03 -3.57e-03 -1.68e-03 -6.77e-04 -2.27e-04 -6.26e-05 -1.42e-05 -2.65e-06 -4.06e-07 -5.06e-08 -5.13e-09 -4.17e-10 -2.69e-11 -1.34e-12 -4.83e-14 4.83e-14 
5.17e-15 -5.17e-15 -9.61e-14 -2.50e-12 -4.84e-11 -7.24e-10 -8.54e-09 -8.09e-08 -6.20e-07 -3.87e-06 -1.98e-05 -8.27e-05 -2.84e-04 -8.05e-04 -1.91e-03 -3.88e-03 -7.03e-03 -1.18e-02 -1.89e-02 -2.86e-02 -4.09e-02 -5.55e-02 -7.19e-02 -8.90e-02 -1.06e-01 -1.22e-01 -1.36e-01 -1.48e-01 -1.56e-01 -1.61e-01 -1.63e-01 -1.61e-01 -1.56e-01 -1.48e-01 -1.36e-01 -1.22e-01 -1.06e-01 -8.90e-02 -7.19e-02 -5.55e-02 -4.09e-02 -2.86e-02 -1.89e-02 -1.18e-02 -7.03e-03 -3.88e-03 -1.91e-03 -8.05e-04 -2.84e-04 -8.27e-05 -1.98e-05 -3.87e-06 -6.20e-07 -8.09e-08 -8.54e-09 -7.24e-10 -4.84e-11 -2.50e-12 -9.61e-14 -2.54e-15 2.54e-15 
1.63e-16 -1.63e-16 -4.69e-15 -1.69e-13 -4.23e-12 -7.89e-11 -1.13e-09 -1.28e-08 -1.16e-07 -8.52e-07 -5.08e-06 -2.47e-05 -9.83e-05 -3.21e-04 -8.69e-04 -1.97e-03 -3.86e-03 -6.79e-03 -1.11e-02 -1.72e-02 -2.52e-02 -3.51e-02 -4.67e-02 -5.92e-02 -7.22e-02 -8.47e-02 -9.60e-02 -1.05e-01 -1.13e-01 -1.17e-01 -1.19e-01 -1.17e-01 -1.13e-01 -1.05e-01 -9.60e-02 -8.47e-02 -7.22e-02 -5.92e-02 -4.67e-02 -3.51e-02 -2.52e-02 -1.72e-02 -1.11e-02 -6.79e-03 -3.86e-03 -1.97e-03 -8.69e-04 -3.21e-04 -9.83e-05 -2.47e-05 -5.08e-06 -8.52e-07 -1.16e-07 -1.28e-08 -1.13e-09 -7.89e-11 -4.23e-12 -1.69e-13 -4.69e-15 -8.09e-17 8.09e-17 
2.35e-18 -2.35e-18 -1.39e-16 -7.74e-15 -2.68e-13 -6.48e-12 -1.16e-10 -1.60e-09 -1.74e-08 -1.51e-07 -1.06e-06 -6.00e-06 -2.78e-05 -1.05e-04 -3.28e-04 -8.50e-04 -1.86e-03 -3.53e-03 -6.05e-03 -9.64e-03 -1.45e-02 -2.07e-02 -2.81e-02 -3.64e-02 -4.52e-02 -5.40e-02 -6.22e-02 -6.91e-02 -7.45e-02 -7.78e-02 -7.90e-02 -7.78e-02 -7.45e-02 -6.91e-02 -6.22e-02 -5.40e-02 -4.52e-02 -3.64e-02 -2.81e-02 -2.07e-02 -1.45e-02 -9.64e-03 -6.05e-03 -3.53e-03 -1.86e-03 -8.50e-04 -3.28e-04 -1.05e-04 -2.78e-05 -6.00e-06 -1.06e-06 -1.51e-07 -1.74e-08 -1.60e-09 -1.16e-10 -6.48e-12 -2.68e-13 -7.74e-15 -1.39e-16 -1.17e-18 1.17e-18 
-0.00e+00 0.00e+00 -1.89e-18 -2.17e-16 -1.16e-14 -3.88e-13 -9.02e-12 -1.55e-10 -2.05e-09 -2.13e-08 -1.77e-07 -1.18e-06 -6.38e-06 -2.82e-05 -1.02e-04 -3.03e-04 -7.53e-04 -1.59e-03 -2.95e-03 -4.95e-03 -7.70e-03 -1.13e-02 -1.57e-02 -2.07e-02 -2.62e-02 -3.18e-02 -3.71e-02 -4.18e-02 -4.53e-02 -4.76e-02 -4.84e-02 -4.76e-02 -4.53e-02 -4.18e-02 -3.71e-02 -3.18e-02 -2.62e-02 -2.07e-02 -1.57e-02 -1.13e-02 -7.70e-03 -4.95e-03 -2.95e-03 -1.59e-03 -7.53e-04 -3.03e-04 -1.02e-04 -2.82e-05 -6.38e-06 -1.18e-06 -1.77e-07 -2.13e-08 -2.05e-09 -1.55e-10 -9.02e-12 -3.88e-13 -1.16e-14 -2.17e-16 -1.89e-18 0.00e+00 -0.00e+00 
-0.00e+00 0.00e+00 0.00e+00 -2.79e-18 -3.08e-16 -1.59e-14 -5.11e-13 -1.14e-11 -1.89e-10 -2.39e-09 -2.37e-08 -1.87e-07 -1.19e-06 -6.13e-06 -2.57e-05 -8.87e-05 -2.53e-04 -6.04e-04 -1.24e-03 -2.24e-03 -3.69e-03 -5.62e-03 -8.04e-03 -1.09e-02 -1.41e-02 -1.73e-02 -2.05e-02 -2.33e-02 -2.55e-02 -2.69e-02 -2.74e-02 -2.69e-02 -2.55e-02 -2.33e-02 -2.05e-02 -1.73e-02 -1.41e-02 -1.09e-02 -8.04e-03 -5.62e-03 -3.69e-03 -2.24e-03 -1.24e-03 -6.04e-04 -2.53e-04 -8.87e-05 -2.57e-05 -6.13e-06 -1.19e-06 -1.87e-07 -2.37e-08 -2.39e-09 -1.89e-10 -1.14e-11 -5.11e-13 -1.59e-14 -3.08e-16 -2.79e-18 0.00e+00 0.00e+00 -0.00e+00 
-0.00e+00 0.00e+00 0.00e+00 0.00e+00 -3.76e-18 -4.01e-16 -1.99e-14 -6.15e-13 -1.32e-11 -2.08e-10 -2.52e-09 -2.38e-08 -1.79e-07 -1.08e-06 -5.31e-06 -2.12e-05 -6.96e-05 -1.90e-04 -4.38e-04 -8.72e-04 -1.54e-03 -2.49e-03 -3.72e-03 -5.20e-03 -6.88e-03 -8.66e-03 -1.04e-02 -1.19e-02 -1.32e-02 -1.40e-02 -1.42e-02 -1.40e-02 -1.32e-02 -1.19e-02 -1.04e-02 -8.66e-03 -6.88e-03 -5.20e-03 -3.72e-03 -2.49e-03 -1.54e-03 -8.72e-04 -4.38e-04 -1.90e-04 -6.96e-05 -2.12e-05 -5.31e-06 -1.08e-06 -1.79e-07 -2.38e-08 -2.52e-09 -2.08e-10 -1.32e-11 -6.15e-13 -1.99e-14 -4.01e-16 -3.76e-18 0.00e+00 0.00e+00 0.00e+00 -0.00e+00 
-0.00e+00 0.00e+00 0.00e+00 0.00e+00 0.00e+00 -4.66e-18 -4.78e-16 -2.28e-14 -6.74e-13 -1.38e-11 -2.09e-10 -2.41e-09 -2.17e-08 -1.55e-07 -8.91e-07 -4.14e-06 -1.57e-05 -4.92e-05 -1.28e-04 -2.86e-04 -5.53e-04 -9.57e-04 -1.51e-03 -2.21e-03 -3.02e-03 -3.89e-03 -4.77e-03 -5.56e-03 -6.20e-03 -6.61e-03 -6.75e-03 -6.61e-03 -6.20e-03 -5.56e-03 -4.77e-03 -3.89e-03 -3.02e-03 -2.21e-03 -1.51e-03 -9.57e-04 -5.53e-04 -2.86e-04 -1.28e-04 -4.92e-05 -1.57e-05 -4.14e-06 -8.91e-07 -1.55e-07 -2.17e-08 -2.41e-09 -2.09e-10 -1.38e-11 -6.74e-13 -2.28e-14 -4.78e-16 -4.66e-18 0.00e+00 0.00e+00 0.00e+00 0.00e+00 -0.00e+00 
-0.00e+00 0.00e+00 0.00e+00 0.00e+00 0.00e+00 0.00e+00 -5.29e-18 -5.21e-16 -2.39e-14 -6.75e-13 -1.32e-11 -1.90e-10 -2.09e-09 -1.79e-08 -1.21e-07 -6.60e-07 -2.91e-06 -1.05e-05 -3.12e-05 -7.80e-05 -1.67e-04 -3.14e-04 -5.30e-04 -8.17e-04 -1.16e-03 -1.55e-03 -1.95e-03 -2.31e-03 -2.61e-03 -2.80e-03 -2.87e-03 -2.80e-03 -2.61e-03 -2.31e-03 -1.95e-03 -1.55e-03 -1.16e-03 -8.17e-04 -5.30e-04 -3.14e-04 -1.67e-04 -7.80e-05 -3.12e-05 -1.05e-05 -2.91e-06 -6.60e-07 -1.21e-07 -1.79e-08 -2.09e-09 -1.90e-10 -1.32e-11 -6.75e-13 -2.39e-14 -5.21e-16 -5.29e-18 0.00e+00 0.00e+00 0.00e+00 0.00e+00 0.00e+00 -0.00e+00 
-0.00e+00 0.00e+00 0.00e+00 0.00e+00 0.00e+00 0.00e+00 0.00e+00 -5.52e-18 -5.21e-16 -2.29e-14 -6.18e-13 -1.15e-11 -1.58e-10 -1.64e-09 -1.33e-08 -8.57e-08 -4.41e-07 -1.84e-06 -6.26e-06 -1.77e-05 -4.24e-05 -8.75e-05 -1.59e-04 -2.61e-04 -3.90e-04 -5.40e-04 -6.98e-04 -8.48e-04 -9.71e-04 -1.05e-03 -1.08e-03 -1.05e-03 -9.71e-04 -8.48e-04 -6.98e-04 -5.40e-04 -3.90e-04 -2.61e-04 -1.59e-04 -8.75e-05 -4.24e-05 -1.77e-05 -6.26e-06 -1.84e-06 -4.41e-07 -8.57e-08 -1.33e-08 -1.64e-09 -1.58e-10 -1.15e-11 -6.18e-13 -2.29e-14 -5.21e-16 -5.52e-18 0.00e+00 0.00e+00 0.00e+00 0.00e+00 0.00e+00 0.00e+00 -0.00e+00 
-0.00e+00 0.00e+00 0.00e+00 0.00e+00 0.00e+00 0.00e+00 0.00e+00 0.00e+00 -5.29e-18 -4.78e-16 -2.00e-14 -5.15e-13 -9.15e-12 -1.19e-10 -1.17e-09 -8.99e-09 -5.45e-08 -2.64e-07 -1.04e-06 -3.35e-06 -9.00e-06 -2.05e-05 -4.06e-05 -7.13e-05 -1.13e-04 -1.63e-04 -2.18e-04 -2.72e-04 -3.16e-04 -3.46e-04 -3.57e-04 -3.46e-04 -3.16e-04 -2.72e-04 -2.18e-04 -1.63e-04 -1.13e-04 -7.13e-05 -4.06e-05 -2.05e-05 -9.00e-06 -3.35e-06 -1.04e-06 -2.64e-07 -5.45e-08 -8.99e-09 -1.17e-09 -1.19e-10 -9.15e-12 -5.15e-13 -2.00e-14 -4.78e-16 -5.29e-18 0.00e+00 0.00e+00 0.00e+00 0.00e+00 0.00e+00 0.00e+00 0.00e+00 -0.00e+00 
-0.00e+00 0.00e+00 0.00e+00 0.00e+00 0.00e+00 0.00e+00 0.00e+00 0.00e+00 0.00e+00 -4.66e-18 -4.02e-16 -1.60e-14 -3.92e-13 -6.61e-12 -8.13e-11 -7.57e-10 -5.47e-09 -3.11e-08 -1.42e-07 -5.25e-07 -1.60e-06 -4.06e-06 -8.81e-06 -1.67e-05 -2.81e-05 -4.26e-05 -5.92e-05 -7.58e-05 -9.00e-05 -9.96e-05 -1.03e-04 -9.96e-05 -9.00e-05 -7.58e-05 -5.92e-05 -4.26e-05 -2.81e-05 -1.67e-05 -8.81e-06 -4.06e-06 -1.60e-06 -5.25e-07 -1.42e-07 -3.11e-08 -5.47e-09 -7.57e-10 -8.13e-11 -6.61e-12 -3.92e-13 -1.60e-14 -4.02e-16 -4.66e-18 0.00e+00 0.00e+00 0.00e+00 0.00e+00 0.00e+00 0.00e+00 0.00e+00 0.00e+00 -0.00e+00 
-0.00e+00 0.00e+00 0.00e+00 0.00e+00 0.00e+00 0.00e+00 0.00e+00 0.00e+00 0.00e+00 0.00e+00 -3.76e-18 -3.09e-16 -1.17e-14 -2.72e-13 -4.33e-12 -5.03e-11 -4.41e-10 -2.99e-09 -1.60e-08 -6.82e-08 -2.36e-07 -6.74e-07 -1.62e-06 -3.33e-06 -5.99e-06 -9.61e-06 -1.39e-05 -1.84e-05 -2.23e-05 -2.50e-05 -2.60e-05 -2.50e-05 -2.23e-05 -1.84e-05 -1.39e-05 -9.61e-06 -5.99e-06 -3.33e-06 -1.62e-06 -6.74e-07 -2.36e-07 -6.82e-08 -1.60e-08 -2.99e-09 -4.41e-10 -5.03e-11 -4.33e-12 -2.72e-13 -1.17e-14 -3.09e-16 -3.76e-18 0.00e+00 0.00e+00 0.00e+00 0.00e+00 0.00e+00 0.00e+00 0.00e+00 0.00e+00 0.00e+00 -0.00e+00 
-0.00e+00 0.00e+00 0.00e+00 0.00e+00 0.00e+00 0.00e+00 0.00e+00 0.00e+00 0.00e+00 0.00e+00 0.00e+00 -2.79e-18 -2.18e-16 -7.82e-15 -1.72e-13 -2.58e-12 -2.81e-11 -2.31e-10 -1.46e-09 -7.30e-09 -2.91e-08 -9.41e-08 -2.51e-07 -5.67e-07 -1.10e-06 -1.87e-06 -2.84e-06 -3.88e-06 -4.82e-06 -5.48e-06 -5.72e-06 -5.48e-06 -4.82e-06 -3.88e-06 -2.84e-06 -1.87e-06 -1.10e-06 -5.67e-07 -2.51e-07 -9.41e-08 -2.91e-08 -7.30e-09 -1.46e-09 -2.31e-10 -2.81e-11 -2.58e-12 -1.72e-13 -7.82e-15 -2.18e-16 -2.79e-18 0.00e+00 0.00e+00 0.00e+00 0.00e+00 0.00e+00 0.00e+00 0.00e+00 0.00e+00 0.00e+00 0.00e+00 -0.00e+00 
-0.00e+00 0.00e+00 0.00e+00 0.00e+00 0.00e+00 0.00e+00 0.00e+00 0.00e+00 0.00e+00 0.00e+00 0.00e+00 0.00e+00 -1.89e-18 -1.40e-16 -4.75e-15 -9.83e-14 -1.39e-12 -1.42e-11 -1.09e-10 -6.43e-10 -2.98e-09 -1.11e-08 -3.33e-08 -8.32e-08 -1.76e-07 -3.20e-07 -5.11e-07 -7.27e-07 -9.28e-07 -1.07e-06 -1.12e-06 -1.07e-06 -9.28e-07 -7.27e-07 -5.11e-07 -3.20e-07 -1.76e-07 -8.32e-08 -3.33e-08 -1.11e-08 -2.98e-09 -6.43e-10 -1.09e-10 -1.42e-11 -1.39e-12 -9.83e-14 -4.75e-15 -1.40e-16 -1.89e-18 0.00e+00 0.00e+00 0.00e+00 0.00e+00 0.00e+00 0.00e+00 0.00e+00 0.00e+00 0.00e+00 0.00e+00 0.00e+00 -0.00e+00 
-0.00e+00 0.00e+00 0.00e+00 0.00e+00 0.00e+00 0.00e+00 0.00e+00 0.00e+00 0.00e+00 0.00e+00 0.00e+00 0.00e+00 0.00e+00 -2.35e-18 -1.64e-16 -5.25e-15 -1.02e-13 -1.34e-12 -1.28e-11 -9.11e-11 -4.98e-10 -2.13e-09 -7.28e-09 -2.02e-08 -4.66e-08 -9.10e-08 -1.54e-07 -2.27e-07 -2.98e-07 -3.50e-07 -3.69e-07 -3.50e-07 -2.98e-07 -2.27e-07 -1.54e-07 -9.10e-08 -4.66e-08 -2.02e-08 -7.28e-09 -2.13e-09 -4.98e-10 -9.11e-11 -1.28e-11 -1.34e-12 -1.02e-13 -5.25e-15 -1.64e-16 -2.35e-18 0.00e+00 0.00e+00 0.00e+00 0.00e+00 0.00e+00 0.00e+00 0.00e+00 0.00e+00 0.00e+00 0.00e+00 0.00e+00 0.00e+00 -0.00e+00 
0.00e+00 -0.00e+00 -0.00e+00 -0.00e+00 -0.00e+00 -0.00e+00 -0.00e+00 -0.00e+00 -0.00e+00 -0.00e+00 -0.00e+00 -0.00e+00 -0.00e+00 2.35e-18 1.64e-16 5.25e-15 1.02e-13 1.34e-12 1.28e-11 9.11e-11 4.98e-10 2.13e-09 7.28e-09 2.02e-08 4.66e-08 9.10e-08 1.54e-07 2.27e-07 2.98e-07 3.50e-07 3.69e-07 3.50e-07 2.98e-07 2.27e-07 1.54e-07 9.10e-08 4.66e-08 2.02e-08 7.28e-09 2.13e-09 4.98e-10 9.11e-11 1.28e-11 1.34e-12 1.02e-13 5.25e-15 1.64e-16 2.35e-18 -0.00e+00 -0.00e+00 -0.00e+00 -0.00e+00 -0.00e+00 -0.00e+00 -0.00e+00 -0.00e+00 -0.00e+00 -0.00e+00 -0.00e+00 -0.00e+00 0.00e+00 
