4.56e-07 -4.56e-07 -1.54e-06 -7.32e-06 -2.53e-05 -6.20e-05 -1.05e-04 -1.20e-04 -9.31e-05 -4.94e-05 -9.92e-07 4.51e-05 7.60e-05 1.00e-04 1.11e-04 1.16e-04 1.11e-04 1.00e-04 7.60e-05 4.51e-05 -9.92e-07 -4.94e-05 -9.31e-05 -1.20e-04 -1.05e-04 -6.20e-05 -2.53e-05 -7.32e-06 -1.52e-06 -2.04e-07 2.04e-07 
-4.56e-07 4.56e-07 1.54e-06 7.32e-06 2.53e-05 6.20e-05 1.05e-04 1.20e-04 9.31e-05 4.94e-05 9.92e-07 -4.51e-05 -7.60e-05 -1.00e-04 -1.11e-04 -1.16e-04 -1.11e-04 -1.00e-04 -7.60e-05 -4.51e-05 9.92e-07 4.94e-05 9.31e-05 1.20e-04 1.05e-04 6.20e-05 2.53e-05 7.32e-06 1.52e-06 2.04e-07 -2.04e-07 
-3.27e-06 3.27e-06 9.04e-06 3.47e-05 9.83e-05 1.96e-04 2.65e-04 2.39e-04 1.47e-04 5.00e-05 -5.11e-05 -1.26e-04 -1.76e-04 -2.12e-04 -2.24e-04 -2.34e-04 -2.24e-04 -2.12e-04 -1.76e-04 -1.26e-04 -5.11e-05 5.00e-05 1.47e-04 2.39e-04 2.65e-04 1.96e-04 9.83e-05 3.47e-05 8.80e-06 1.41e-06 -1.41e-06 
-1.50e-05 1.50e-05 3.30e-05 9.66e-05 2.05e-04 2.87e-04 2.46e-04 1.18e-04 3.43e-05 -2.55e-05 -7.60e-05 -7.70e-05 -9.65e-05 -8.81e-05 -9.51e-05 -8.95e-05 -9.51e-05 -8.81e-05 -9.65e-05 -7.70e-05 -7.60e-05 -2.55e-05 3.43e-05 1.18e-04 2.46e-04 2.87e-04 2.05e-04 9.64e-05 3.15e-05 6.21e-06 -6.21e-06 
-4.95e-05 4.95e-05 8.62e-05 1.84e-04 2.66e-04 2.10e-04 4.55e-05 -1.17e-05 3.05e-05 2.61e-05 7.38e-05 9.65e-05 8.95e-05 1.16e-04 8.80e-05 1.16e-04 8.80e-05 1.16e-04 8.95e-05 9.65e-05 7.38e-05 2.61e-05 3.05e-05 -1.17e-05 4.55e-05 2.10e-04 2.66e-04 1.83e-04 7.99e-05 1.93e-05 -1.93e-05 
-1.17e-04 1.17e-04 1.60e-04 2.29e-04 1.87e-04 2.30e-05 -2.13e-05 1.06e-04 1.20e-04 1.12e-04 1.61e-04 8.53e-05 1.17e-04 6.87e-05 8.42e-05 6.38e-05 8.42e-05 6.87e-05 1.17e-04 8.53e-05 1.61e-04 1.12e-04 1.20e-04 1.06e-04 -2.13e-05 2.30e-05 1.87e-04 2.25e-04 1.40e-04 4.17e-05 -4.17e-05 
-1.95e-04 1.95e-04 2.10e-04 1.84e-04 5.69e-05 -3.41e-07 1.27e-04 1.40e-04 3.06e-05 9.12e-05 3.12e-05 2.11e-05 7.35e-05 1.50e-05 9.84e-05 2.11e-05 9.84e-05 1.50e-05 7.35e-05 2.11e-05 3.12e-05 9.12e-05 3.06e-05 1.40e-04 1.27e-04 -6.29e-07 5.48e-05 1.73e-04 1.65e-04 6.15e-05 -6.15e-05 
-2.40e-04 2.40e-04 2.13e-04 1.21e-04 3.70e-05 7.91e-05 9.23e-05 -1.74e-05 4.81e-05 9.34e-05 3.39e-05 1.68e-04 9.43e-05 1.78e-04 1.34e-04 1.77e-04 1.34e-04 1.78e-04 9.43e-05 1.68e-04 3.39e-05 9.34e-05 4.81e-05 -1.74e-05 9.22e-05 7.82e-05 3.15e-05 9.71e-05 1.36e-04 6.20e-05 -6.20e-05 
-2.38e-04 2.38e-04 1.95e-04 9.77e-05 3.79e-05 3.34e-05 2.58e-05 8.64e-05 1.32e-04 5.20e-05 1.29e-04 1.05e-04 7.74e-05 1.34e-04 6.60e-05 1.44e-04 6.60e-05 1.34e-04 7.74e-05 1.05e-04 1.29e-04 5.20e-05 1.32e-04 8.63e-05 2.54e-05 3.13e-05 2.74e-05 5.99e-05 9.40e-05 4.78e-05 -4.78e-05 
-2.16e-04 2.16e-04 1.67e-04 6.62e-05 1.58e-05 6.35e-05 1.13e-04 5.26e-05 -7.00e-06 7.02e-05 7.44e-05 5.20e-05 1.28e-04 9.97e-05 1.66e-04 1.27e-04 1.66e-04 9.97e-05 1.28e-04 5.20e-05 7.44e-05 7.02e-05 -7.02e-06 5.24e-05 1.12e-04 5.97e-05 2.01e-07 1.80e-05 5.61e-05 3.25e-05 -3.25e-05 
-1.75e-04 1.75e-04 1.29e-04 5.31e-05 5.21e-05 7.48e-05 -8.43e-07 -1.09e-05 1.24e-04 9.95e-05 7.70e-05 1.46e-04 1.23e-04 1.91e-04 1.66e-04 2.16e-04 1.66e-04 1.91e-04 1.23e-04 1.46e-04 7.70e-05 9.95e-05 1.24e-04 -1.11e-05 -1.98e-06 6.95e-05 3.32e-05 4.41e-07 1.95e-05 1.63e-05 -1.63e-05 
-1.30e-04 1.30e-04 9.91e-05 4.97e-05 3.02e-05 2.32e-05 5.48e-05 1.07e-04 3.29e-05 5.23e-06 8.13e-05 5.81e-05 1.38e-04 1.28e-04 2.02e-04 1.99e-04 2.02e-04 1.28e-04 1.38e-04 5.81e-05 8.13e-05 5.22e-06 3.29e-05 1.07e-04 5.34e-05 1.73e-05 1.06e-05 -2.92e-07 4.73e-06 5.78e-06 -5.78e-06 
-9.02e-05 9.02e-05 6.60e-05 2.96e-05 3.80e-05 6.40e-05 1.59e-05 -4.26e-05 4.10e-05 9.76e-05 6.92e-05 1.37e-04 1.28e-04 2.07e-04 2.88e-04 3.51e-04 2.88e-04 2.07e-04 1.28e-04 1.37e-04 6.92e-05 9.75e-05 4.09e-05 -4.29e-05 1.45e-05 5.86e-05 2.10e-05 -1.11e-05 -6.47e-06 6.87e-07 -6.87e-07 
-5.01e-05 5.01e-05 3.96e-05 2.79e-05 2.09e-05 -6.71e-06 8.87e-06 9.23e-05 4.84e-05 -1.96e-05 4.70e-05 2.23e-05 9.59e-05 1.76e-04 3.25e-04 5.39e-04 3.25e-04 1.76e-04 9.59e-05 2.23e-05 4.70e-05 -1.96e-05 4.84e-05 9.21e-05 7.86e-06 -1.05e-05 9.38e-06 1.33e-06 -5.35e-06 -1.91e-06 1.91e-06 
-1.80e-05 1.80e-05 1.25e-05 2.00e-06 7.65e-06 3.54e-05 1.50e-05 -6.24e-05 -1.97e-05 5.84e-05 1.95e-05 6.97e-05 6.73e-05 1.30e-04 3.44e-04 1.23e-03 3.44e-04 1.30e-04 6.73e-05 6.97e-05 1.95e-05 5.84e-05 -1.97e-05 -6.24e-05 1.46e-05 3.40e-05 3.60e-06 -7.12e-06 -2.88e-06 -1.86e-07 1.86e-07 
1.80e-05 -1.80e-05 -1.25e-05 -2.00e-06 -7.65e-06 -3.54e-05 -1.50e-05 6.24e-05 1.97e-05 -5.84e-05 -1.95e-05 -6.97e-05 -6.73e-05 -1.30e-04 -3.44e-04 -1.23e-03 -3.44e-04 -1.30e-04 -6.73e-05 -6.97e-05 -1.95e-05 -5.84e-05 1.97e-05 6.24e-05 -1.46e-05 -3.40e-05 -3.60e-06 7.12e-06 2.88e-06 1.86e-07 -1.86e-07 
5.01e-05 -5.01e-05 -3.96e-05 -2.79e-05 -2.09e-05 6.71e-06 -8.87e-06 -9.23e-05 -4.84e-05 1.96e-05 -4.70e-05 -2.23e-05 -9.59e-05 -1.76e-04 -3.25e-04 -5.39e-04 -3.25e-04 -1.76e-04 -9.59e-05 -2.23e-05 -4.70e-05 1.96e-05 -4.84e-05 -9.21e-05 -7.86e-06 1.05e-05 -9.38e-06 -1.33e-06 5.35e-06 1.91e-06 -1.91e-06 
9.02e-05 -9.02e-05 -6.60e-05 -2.96e-05 -3.80e-05 -6.40e-05 -1.59e-05 4.26e-05 -4.10e-05 -9.76e-05 -6.92e-05 -1.37e-04 -1.28e-04 -2.07e-04 -2.88e-04 -3.51e-04 -2.88e-04 -2.07e-04 -1.28e-04 -1.37e-04 -6.92e-05 -9.75e-05 -4.09e-05 4.29e-05 -1.45e-05 -5.86e-05 -2.10e-05 1.11e-05 6.47e-06 -6.87e-07 6.87e-07 
1.30e-04 -1.30e-04 -9.91e-05 -4.97e-05 -3.02e-05 -2.32e-05 -5.48e-05 -1.07e-04 -3.29e-05 -5.23e-06 -8.13e-05 -5.81e-05 -1.38e-04 -1.28e-04 -2.02e-04 -1.99e-04 -2.02e-04 -1.28e-04 -1.38e-04 -5.81e-05 -8.13e-05 -5.22e-06 -3.29e-05 -1.07e-04 -5.34e-05 -1.73e-05 -1.06e-05 2.92e-07 -4.73e-06 -5.78e-06 5.78e-06 
1.75e-04 -1.75e-04 -1.29e-04 -5.31e-05 -5.21e-05 -7.48e-05 8.43e-07 1.09e-05 -1.24e-04 -9.95e-05 -7.70e-05 -1.46e-04 -1.23e-04 -1.91e-04 -1.66e-04 -2.16e-04 -1.66e-04 -1.91e-04 -1.23e-04 -1.46e-04 -7.70e-05 -9.95e-05 -1.24e-04 1.11e-05 1.98e-06 -6.95e-05 -3.32e-05 -4.41e-07 -1.95e-05 -1.63e-05 1.63e-05 
2.16e-04 -2.16e-04 -1.67e-04 -6.62e-05 -1.58e-05 -6.35e-05 -1.13e-04 -5.26e-05 7.00e-06 -7.02e-05 -7.44e-05 -5.20e-05 -1.28e-04 -9.97e-05 -1.66e-04 -1.27e-04 -1.66e-04 -9.97e-05 -1.28e-04 -5.20e-05 -7.44e-05 -7.02e-05 7.02e-06 -5.24e-05 -1.12e-04 -5.97e-05 -2.01e-07 -1.80e-05 -5.61e-05 -3.25e-05 3.25e-05 
2.38e-04 -2.38e-04 -1.95e-04 -9.77e-05 -3.79e-05 -3.34e-05 -2.58e-05 -8.64e-05 -1.32e-04 -5.20e-05 -1.29e-04 -1.05e-04 -7.75e-05 -1.34e-04 -6.61e-05 -1.44e-04 -6.61e-05 -1.34e-04 -7.75e-05 -1.05e-04 -1.29e-04 -5.20e-05 -1.32e-04 -8.63e-05 -2.54e-05 -3.13e-05 -2.74e-05 -5.99e-05 -9.40e-05 -4.78e-05 4.78e-05 
2.40e-04 -2.40e-04 -2.13e-04 -1.21e-04 -3.70e-05 -7.91e-05 -9.23e-05 1.74e-05 -4.81e-05 -9.35e-05 -3.40e-05 -1.69e-04 -9.48e-05 -1.79e-04 -1.35e-04 -1.78e-04 -1.35e-04 -1.79e-04 -9.48e-05 -1.69e-04 -3.40e-05 -9.35e-05 -4.81e-05 1.74e-05 -9.22e-05 -7.82e-05 -3.15e-05 -9.71e-05 -1.36e-04 -6.20e-05 6.20e-05 
1.95e-04 -1.95e-04 -2.10e-04 -1.84e-04 -5.69e-05 3.40e-07 -1.27e-04 -1.40e-04 -3.07e-05 -9.16e-05 -3.23e-05 -2.31e-05 -7.66e-05 -1.92e-05 -1.03e-04 -2.64e-05 -1.03e-04 -1.92e-05 -7.66e-05 -2.31e-05 -3.23e-05 -9.16e-05 -3.07e-05 -1.40e-04 -1.27e-04 6.29e-07 -5.48e-05 -1.73e-04 -1.65e-04 -6.15e-05 6.15e-05 
1.17e-04 -1.17e-04 -1.60e-04 -2.29e-04 -1.87e-04 -2.30e-05 2.12e-05 -1.07e-04 -1.21e-04 -1.15e-04 -1.67e-04 -9.55e-05 -1.32e-04 -8.74e-05 -1.06e-04 -8.64e-05 -1.06e-04 -8.74e-05 -1.32e-04 -9.55e-05 -1.67e-04 -1.15e-04 -1.21e-04 -1.07e-04 2.12e-05 -2.30e-05 -1.87e-04 -2.25e-04 -1.40e-04 -4.17e-05 4.17e-05 
4.95e-05 -4.95e-05 -8.62e-05 -1.84e-04 -2.66e-04 -2.10e-04 -4.62e-05 9.25e-06 -3.74e-05 -4.13e-05 -1.01e-04 -1.37e-04 -1.44e-04 -1.81e-04 -1.62e-04 -1.92e-04 -1.62e-04 -1.81e-04 -1.44e-04 -1.37e-04 -1.01e-04 -4.13e-05 -3.74e-05 9.25e-06 -4.62e-05 -2.10e-04 -2.66e-04 -1.83e-04 -7.99e-05 -1.93e-05 1.93e-05 
1.50e-05 -1.50e-05 -3.30e-05 -9.66e-05 -2.05e-04 -2.88e-04 -2.50e-04 -1.32e-04 -6.64e-05 -3.38e-05 -1.60e-05 -4.87e-05 -5.96e-05 -9.17e-05 -9.97e-05 -1.10e-04 -9.97e-05 -9.17e-05 -5.96e-05 -4.87e-05 -1.60e-05 -3.38e-05 -6.64e-05 -1.32e-04 -2.50e-04 -2.88e-04 -2.05e-04 -9.65e-05 -3.15e-05 -6.21e-06 6.21e-06 
3.27e-06 -3.27e-06 -9.07e-06 -3.50e-05 -9.99e-05 -2.03e-04 -2.88e-04 -2.96e-04 -2.57e-04 -2.23e-04 -1.85e-04 -1.66e-04 -1.61e-04 -1.57e-04 -1.63e-04 -1.59e-04 -1.63e-04 -1.57e-04 -1.61e-04 -1.66e-04 -1.85e-04 -2.23e-04 -2.57e-04 -2.96e-04 -2.88e-04 -2.03e-04 -9.99e-05 -3.50e-05 -8.83e-06 -1.41e-06 1.41e-06 
5.18e-07 -5.18e-07 -1.83e-06 -9.22e-06 -3.46e-05 -9.51e-05 -1.93e-04 -2.96e-04 -3.70e-04 -4.16e-04 -4.40e-04 -4.43e-04 -4.42e-04 -4.35e-04 -4.31e-04 -4.29e-04 -4.31e-04 -4.35e-04 -4.42e-04 -4.43e-04 -4.40e-04 -4.16e-04 -3.70e-04 -2.96e-04 -1.93e-04 -9.51e-05 -3.46e-05 -9.22e-06 -1.80e-06 -2.32e-07 2.32e-07 
1.15e-07 -1.15e-07 -5.22e-07 -3.35e-06 -1.58e-05 -5.43e-05 -1.38e-04 -2.61e-04 -3.85e-04 -4.80e-04 -5.45e-04 -5.78e-04 -5.90e-04 -5.91e-04 -5.87e-04 -5.87e-04 -5.87e-04 -5.91e-04 -5.90e-04 -5.78e-04 -5.45e-04 -4.80e-04 -3.85e-04 -2.61e-04 -1.38e-04 -5.43e-05 -1.58e-05 -3.35e-06 -5.18e-07 -5.31e-08 5.31e-08 
-1.15e-07 1.15e-07 5.22e-07 3.35e-06 1.58e-05 5.43e-05 1.38e-04 2.61e-04 3.85e-04 4.80e-04 5.45e-04 5.78e-04 5.90e-04 5.91e-04 5.87e-04 5.87e-04 5.87e-04 5.91e-04 5.90e-04 5.78e-04 5.45e-04 4.80e-04 3.85e-04 2.61e-04 1.38e-04 5.43e-05 1.58e-05 3.35e-06 5.18e-07 5.31e-08 -5.31e-08 
