0.00e+00 -0.00e+00 -0.00e+00 -8.93e-12 -4.23e-10 -8.64e-09 -9.99e-08 -7.22e-07 -3.41e-06 -1.08e-05 -2.38e-05 -3.91e-05 -5.31e-05 -6.44e-05 -7.11e-05 -7.36e-05 -7.11e-05 -6.44e-05 -5.31e-05 -3.91e-05 -2.38e-05 -1.08e-05 -3.41e-06 -7.22e-07 -9.99e-08 -8.64e-09 -4.23e-10 -8.93e-12 -0.00e+00 -0.00e+00 0.00e+00 
-0.00e+00 0.00e+00 0.00e+00 8.93e-12 4.23e-10 8.64e-09 9.99e-08 7.22e-07 3.41e-06 1.08e-05 2.38e-05 3.91e-05 5.31e-05 6.44e-05 7.11e-05 7.36e-05 7.11e-05 6.44e-05 5.31e-05 3.91e-05 2.38e-05 1.08e-05 3.41e-06 7.22e-07 9.99e-08 8.64e-09 4.23e-10 8.93e-12 0.00e+00 0.00e+00 -0.00e+00 
-0.00e+00 0.00e+00 8.93e-12 4.66e-10 1.06e-08 1.37e-07 1.13e-06 6.12e-06 2.25e-05 5.68e-05 1.03e-04 1.48e-04 1.85e-04 2.12e-04 2.27e-04 2.32e-04 2.27e-04 2.12e-04 1.85e-04 1.48e-04 1.03e-04 5.68e-05 2.25e-05 6.12e-06 1.13e-06 1.37e-07 1.06e-08 4.66e-10 8.93e-12 0.00e+00 -0.00e+00 
-1.53e-11 1.53e-11 4.29e-10 1.05e-08 1.49e-07 1.34e-06 7.99e-06 3.23e-05 8.91e-05 1.71e-04 2.42e-04 2.91e-04 3.25e-04 3.38e-04 3.46e-04 3.47e-04 3.46e-04 3.38e-04 3.25e-04 2.91e-04 2.42e-04 1.71e-04 8.91e-05 3.23e-05 7.99e-06 1.34e-06 1.49e-07 1.05e-08 4.29e-10 7.65e-12 -7.65e-12 
-6.73e-10 6.73e-10 8.89e-09 1.36e-07 1.32e-06 8.64e-06 3.82e-05 1.15e-04 2.31e-04 3.19e-04 3.41e-04 3.41e-04 3.21e-04 2.96e-04 2.85e-04 2.74e-04 2.85e-04 2.96e-04 3.21e-04 3.41e-04 3.41e-04 3.19e-04 2.31e-04 1.15e-04 3.82e-05 8.64e-06 1.32e-06 1.36e-07 8.89e-09 3.31e-10 -3.31e-10 
-1.26e-08 1.26e-08 1.04e-07 1.09e-06 7.75e-06 3.73e-05 1.21e-04 2.59e-04 3.52e-04 3.10e-04 2.34e-04 1.85e-04 1.16e-04 9.92e-05 7.13e-05 7.57e-05 7.13e-05 9.92e-05 1.16e-04 1.85e-04 2.34e-04 3.10e-04 3.52e-04 2.59e-04 1.21e-04 3.73e-05 7.75e-06 1.09e-06 1.04e-07 6.10e-09 -6.10e-09 
-1.32e-07 1.32e-07 7.54e-07 5.75e-06 3.01e-05 1.06e-04 2.44e-04 3.36e-04 2.37e-04 7.94e-05 5.90e-05 2.17e-05 1.91e-05 5.70e-05 3.81e-05 7.63e-05 3.81e-05 5.70e-05 1.91e-05 2.17e-05 5.90e-05 7.94e-05 2.37e-04 3.36e-04 2.44e-04 1.06e-04 3.01e-05 5.75e-06 7.51e-07 6.24e-08 -6.24e-08 
-8.50e-07 8.50e-07 3.54e-06 1.99e-05 7.67e-05 1.93e-04 2.85e-04 1.86e-04 -7.24e-06 2.89e-05 1.09e-04 8.26e-05 1.95e-04 1.58e-04 2.14e-04 1.82e-04 2.14e-04 1.58e-04 1.95e-04 8.26e-05 1.09e-04 2.89e-05 -7.24e-06 1.86e-04 2.85e-04 1.93e-04 7.67e-05 1.99e-05 3.50e-06 3.90e-07 -3.90e-07 
-3.48e-06 3.48e-06 1.09e-05 4.53e-05 1.27e-04 2.15e-04 1.73e-04 1.51e-05 5.12e-05 2.02e-04 1.13e-04 1.58e-04 1.67e-04 9.55e-05 1.77e-04 8.30e-05 1.77e-04 9.55e-05 1.67e-04 1.58e-04 1.13e-04 2.02e-04 5.12e-05 1.51e-05 1.73e-04 2.15e-04 1.27e-04 4.52e-05 1.07e-05 1.54e-06 -1.54e-06 
-9.23e-06 9.23e-06 2.22e-05 6.87e-05 1.40e-04 1.62e-04 8.66e-05 6.61e-05 1.47e-04 5.79e-05 2.54e-05 1.29e-04 1.71e-05 1.52e-04 8.27e-05 1.66e-04 8.27e-05 1.52e-04 1.71e-05 1.29e-04 2.54e-05 5.79e-05 1.47e-04 6.61e-05 8.66e-05 1.62e-04 1.40e-04 6.86e-05 2.15e-05 3.92e-06 -3.92e-06 
-1.63e-05 1.63e-05 3.15e-05 7.59e-05 1.25e-04 1.25e-04 7.64e-05 3.91e-05 1.24e-05 5.77e-05 1.61e-04 1.00e-04 1.75e-04 2.18e-04 2.01e-04 2.63e-04 2.01e-04 2.18e-04 1.75e-04 1.00e-04 1.61e-04 5.77e-05 1.24e-05 3.91e-05 7.64e-05 1.25e-04 1.25e-04 7.57e-05 2.97e-05 6.57e-06 -6.57e-06 
-2.03e-05 2.03e-05 3.44e-05 7.18e-05 1.05e-04 8.54e-05 1.57e-05 1.31e-05 1.25e-04 1.34e-04 2.21e-05 9.68e-05 1.36e-04 1.30e-04 2.06e-04 1.89e-04 2.06e-04 1.30e-04 1.36e-04 9.68e-05 2.21e-05 1.34e-04 1.25e-04 1.31e-05 1.57e-05 8.54e-05 1.05e-04 7.14e-05 3.16e-05 7.82e-06 -7.82e-06 
-1.98e-05 1.98e-05 3.11e-05 5.77e-05 7.13e-05 4.57e-05 2.93e-05 6.71e-05 2.98e-05 -4.19e-05 9.32e-05 1.36e-04 1.31e-04 2.36e-04 2.74e-04 3.99e-04 2.74e-04 2.36e-04 1.31e-04 1.36e-04 9.32e-05 -4.19e-05 2.98e-05 6.71e-05 2.93e-05 4.57e-05 7.12e-05 5.71e-05 2.81e-05 7.38e-06 -7.38e-06 
-1.44e-05 1.44e-05 2.11e-05 3.60e-05 4.44e-05 3.33e-05 5.46e-06 -1.35e-05 4.25e-05 1.25e-04 5.49e-05 3.79e-05 1.14e-04 1.51e-04 3.71e-04 5.48e-04 3.71e-04 1.51e-04 1.14e-04 3.79e-05 5.49e-05 1.25e-04 4.25e-05 -1.35e-05 5.46e-06 3.33e-05 4.43e-05 3.56e-05 1.87e-05 5.22e-06 -5.22e-06 
-5.17e-06 5.17e-06 7.65e-06 1.31e-05 1.33e-05 2.32e-06 6.69e-06 4.49e-05 1.34e-05 -8.11e-05 1.80e-06 6.38e-05 4.64e-05 1.71e-04 3.48e-04 1.29e-03 3.48e-04 1.71e-04 4.64e-05 6.38e-05 1.80e-06 -8.11e-05 1.34e-05 4.49e-05 6.69e-06 2.31e-06 1.32e-05 1.29e-05 6.75e-06 1.85e-06 -1.85e-06 
5.17e-06 -5.17e-06 -7.65e-06 -1.31e-05 -1.33e-05 -2.32e-06 -6.69e-06 -4.49e-05 -1.34e-05 8.11e-05 -1.80e-06 -6.38e-05 -4.64e-05 -1.71e-04 -3.48e-04 -1.29e-03 -3.48e-04 -1.71e-04 -4.64e-05 -6.38e-05 -1.80e-06 8.11e-05 -1.34e-05 -4.49e-05 -6.69e-06 -2.31e-06 -1.32e-05 -1.29e-05 -6.75e-06 -1.85e-06 1.85e-06 
1.44e-05 -1.44e-05 -2.11e-05 -3.60e-05 -4.44e-05 -3.33e-05 -5.46e-06 1.35e-05 -4.25e-05 -1.25e-04 -5.49e-05 -3.79e-05 -1.14e-04 -1.51e-04 -3.71e-04 -5.48e-04 -3.71e-04 -1.51e-04 -1.14e-04 -3.79e-05 -5.49e-05 -1.25e-04 -4.25e-05 1.35e-05 -5.46e-06 -3.33e-05 -4.43e-05 -3.56e-05 -1.87e-05 -5.22e-06 5.22e-06 
1.98e-05 -1.98e-05 -3.11e-05 -5.77e-05 -7.13e-05 -4.57e-05 -2.93e-05 -6.71e-05 -2.98e-05 4.19e-05 -9.32e-05 -1.36e-04 -1.31e-04 -2.36e-04 -2.74e-04 -3.99e-04 -2.74e-04 -2.36e-04 -1.31e-04 -1.36e-04 -9.32e-05 4.19e-05 -2.98e-05 -6.71e-05 -2.93e-05 -4.57e-05 -7.12e-05 -5.71e-05 -2.81e-05 -7.38e-06 7.38e-06 
2.03e-05 -2.03e-05 -3.44e-05 -7.18e-05 -1.05e-04 -8.54e-05 -1.57e-05 -1.31e-05 -1.25e-04 -1.34e-04 -2.21e-05 -9.68e-05 -1.36e-04 -1.30e-04 -2.06e-04 -1.89e-04 -2.06e-04 -1.30e-04 -1.36e-04 -9.68e-05 -2.21e-05 -1.34e-04 -1.25e-04 -1.31e-05 -1.57e-05 -8.54e-05 -1.05e-04 -7.14e-05 -3.16e-05 -7.82e-06 7.82e-06 
1.63e-05 -1.63e-05 -3.15e-05 -7.59e-05 -1.25e-04 -1.25e-04 -7.64e-05 -3.91e-05 -1.24e-05 -5.77e-05 -1.61e-04 -1.00e-04 -1.75e-04 -2.18e-04 -2.01e-04 -2.63e-04 -2.01e-04 -2.18e-04 -1.75e-04 -1.00e-04 -1.61e-04 -5.77e-05 -1.24e-05 -3.91e-05 -7.64e-05 -1.25e-04 -1.25e-04 -7.57e-05 -2.97e-05 -6.57e-06 6.57e-06 
9.23e-06 -9.23e-06 -2.22e-05 -6.87e-05 -1.40e-04 -1.62e-04 -8.66e-05 -6.61e-05 -1.47e-04 -5.79e-05 -2.54e-05 -1.29e-04 -1.71e-05 -1.52e-04 -8.27e-05 -1.66e-04 -8.27e-05 -1.52e-04 -1.71e-05 -1.29e-04 -2.54e-05 -5.79e-05 -1.47e-04 -6.61e-05 -8.66e-05 -1.62e-04 -1.40e-04 -6.86e-05 -2.15e-05 -3.92e-06 3.92e-06 
3.48e-06 -3.48e-06 -1.09e-05 -4.53e-05 -1.27e-04 -2.15e-04 -1.73e-04 -1.51e-05 -5.12e-05 -2.02e-04 -1.13e-04 -1.58e-04 -1.67e-04 -9.55e-05 -1.77e-04 -8.30e-05 -1.77e-04 -9.55e-05 -1.67e-04 -1.58e-04 -1.13e-04 -2.02e-04 -5.12e-05 -1.51e-05 -1.73e-04 -2.15e-04 -1.27e-04 -4.52e-05 -1.07e-05 -1.54e-06 1.54e-06 
8.50e-07 -8.50e-07 -3.54e-06 -1.99e-05 -7.67e-05 -1.93e-04 -2.85e-04 -1.86e-04 7.24e-06 -2.89e-05 -1.09e-04 -8.26e-05 -1.95e-04 -1.58e-04 -2.14e-04 -1.82e-04 -2.14e-04 -1.58e-04 -1.95e-04 -8.26e-05 -1.09e-04 -2.89e-05 7.24e-06 -1.86e-04 -2.85e-04 -1.93e-04 -7.67e-05 -1.99e-05 -3.50e-06 -3.90e-07 3.90e-07 
1.32e-07 -1.32e-07 -7.54e-07 -5.75e-06 -3.01e-05 -1.06e-04 -2.44e-04 -3.36e-04 -2.37e-04 -7.94e-05 -5.90e-05 -2.17e-05 -1.91e-05 -5.70e-05 -3.81e-05 -7.63e-05 -3.81e-05 -5.70e-05 -1.91e-05 -2.17e-05 -5.90e-05 -7.94e-05 -2.37e-04 -3.36e-04 -2.44e-04 -1.06e-04 -3.01e-05 -5.75e-06 -7.51e-07 -6.24e-08 6.24e-08 
1.26e-08 -1.26e-08 -1.04e-07 -1.09e-06 -7.75e-06 -3.73e-05 -1.21e-04 -2.59e-04 -3.52e-04 -3.10e-04 -2.34e-04 -1.85e-04 -1.16e-04 -9.92e-05 -7.13e-05 -7.57e-05 -7.13e-05 -9.92e-05 -1.16e-04 -1.85e-04 -2.34e-04 -3.10e-04 -3.52e-04 -2.59e-04 -1.21e-04 -3.73e-05 -7.75e-06 -1.09e-06 -1.04e-07 -6.10e-09 6.10e-09 
6.73e-10 -6.73e-10 -8.89e-09 -1.36e-07 -1.32e-06 -8.64e-06 -3.82e-05 -1.15e-04 -2.31e-04 -3.19e-04 -3.41e-04 -3.41e-04 -3.22e-04 -2.96e-04 -2.85e-04 -2.74e-04 -2.85e-04 -2.96e-04 -3.22e-04 -3.41e-04 -3.41e-04 -3.19e-04 -2.31e-04 -1.15e-04 -3.82e-05 -8.64e-06 -1.32e-06 -1.36e-07 -8.89e-09 -3.31e-10 3.31e-10 
1.53e-11 -1.53e-11 -4.29e-10 -1.05e-08 -1.49e-07 -1.34e-06 -7.99e-06 -3.23e-05 -8.91e-05 -1.71e-04 -2.42e-04 -2.91e-04 -3.25e-04 -3.39e-04 -3.48e-04 -3.48e-04 -3.48e-04 -3.39e-04 -3.25e-04 -2.91e-04 -2.42e-04 -1.71e-04 -8.91e-05 -3.23e-05 -7.99e-06 -1.34e-06 -1.49e-07 -1.05e-08 -4.29e-10 -7.65e-12 7.65e-12 
-0.00e+00 0.00e+00 -8.93e-12 -4.66e-10 -1.06e-08 -1.37e-07 -1.13e-06 -6.12e-06 -2.25e-05 -5.71e-05 -1.04e-04 -1.50e-04 -1.90e-04 -2.19e-04 -2.36e-04 -2.42e-04 -2.36e-04 -2.19e-04 -1.90e-04 -1.50e-04 -1.04e-04 -5.71e-05 -2.25e-05 -6.12e-06 -1.13e-06 -1.37e-07 -1.06e-08 -4.66e-10 -8.93e-12 0.00e+00 -0.00e+00 
-0.00e+00 0.00e+00 0.00e+00 -8.93e-12 -4.31e-10 -8.99e-09 -1.07e-07 -7.95e-07 -3.91e-06 -1.30e-05 -3.06e-05 -5.38e-05 -7.76e-05 -9.83e-05 -1.12e-04 -1.17e-04 -1.12e-04 -9.83e-05 -7.76e-05 -5.38e-05 -3.06e-05 -1.30e-05 -3.91e-06 -7.95e-07 -1.07e-07 -8.99e-09 -4.31e-10 -8.93e-12 0.00e+00 0.00e+00 -0.00e+00 
-0.00e+00 0.00e+00 0.00e+00 0.00e+00 -1.53e-11 -6.77e-10 -1.29e-08 -1.38e-07 -9.18e-07 -4.00e-06 -1.19e-05 -2.50e-05 -4.06e-05 -5.54e-05 -6.58e-05 -6.95e-05 -6.58e-05 -5.54e-05 -4.06e-05 -2.50e-05 -1.19e-05 -4.00e-06 -9.18e-07 -1.38e-07 -1.29e-08 -6.77e-10 -1.53e-11 0.00e+00 0.00e+00 0.00e+00 -0.00e+00 
0.00e+00 -0.00e+00 -0.00e+00 -0.00e+00 1.53e-11 6.77e-10 1.29e-08 1.38e-07 9.18e-07 4.00e-06 1.19e-05 2.50e-05 4.06e-05 5.54e-05 6.58e-05 6.95e-05 6.58e-05 5.54e-05 4.06e-05 2.50e-05 1.19e-05 4.00e-06 9.18e-07 1.38e-07 1.29e-08 6.77e-10 1.53e-11 -0.00e+00 -0.00e+00 -0.00e+00 0.00e+00 
