3.48e-08 -3.48e-08 -1.02e-07 -4.91e-07 -2.09e-06 -7.73e-06 -2.47e-05 -6.86e-05 -1.66e-04 -3.54e-04 -6.73e-04 -1.16e-03 -1.85e-03 -2.77e-03 -3.95e-03 -5.41e-03 -7.14e-03 -9.11e-03 -1.13e-02 -1.35e-02 -1.58e-02 -1.79e-02 -2.00e-02 -2.18e-02 -2.34e-02 -2.47e-02 -2.58e-02 -2.66e-02 -2.72e-02 -2.75e-02 -2.76e-02 -2.75e-02 -2.72e-02 -2.66e-02 -2.58e-02 -2.47e-02 -2.34e-02 -2.18e-02 -2.00e-02 -1.79e-02 -1.58e-02 -1.35e-02 -1.13e-02 -9.11e-03 -7.14e-03 -5.41e-03 -3.95e-03 -2.77e-03 -1.85e-03 -1.16e-03 -6.73e-04 -3.54e-04 -1.66e-04 -6.86e-05 -2.47e-05 -7.73e-06 -2.09e-06 -4.91e-07 -9.91e-08 -1.48e-08 1.48e-08 
-3.48e-08 3.48e-08 1.02e-07 4.91e-07 2.09e-06 7.73e-06 2.47e-05 6.86e-05 1.66e-04 3.54e-04 6.73e-04 1.16e-03 1.85e-03 2.77e-03 3.95e-03 5.41e-03 7.14e-03 9.11e-03 1.13e-02 1.35e-02 1.58e-02 1.79e-02 2.00e-02 2.18e-02 2.34e-02 2.47e-02 2.58e-02 2.66e-02 2.72e-02 2.75e-02 2.76e-02 2.75e-02 2.72e-02 2.66e-02 2.58e-02 2.47e-02 2.34e-02 2.18e-02 2.00e-02 1.79e-02 1.58e-02 1.35e-02 1.13e-02 9.11e-03 7.14e-03 5.41e-03 3.95e-03 2.77e-03 1.85e-03 1.16e-03 6.73e-04 3.54e-04 1.66e-04 6.86e-05 2.47e-05 7.73e-06 2.09e-06 4.91e-07 9.91e-08 1.48e-08 -1.48e-08 
-2.30e-07 2.30e-07 6.19e-07 2.72e-06 1.06e-05 3.63e-05 1.07e-04 2.78e-04 6.31e-04 1.27e-03 2.31e-03 3.86e-03 6.03e-03 8.92e-03 1.26e-02 1.71e-02 2.24e-02 2.83e-02 3.46e-02 4.12e-02 4.76e-02 5.38e-02 5.95e-02 6.45e-02 6.88e-02 7.24e-02 7.52e-02 7.74e-02 7.89e-02 7.97e-02 8.00e-02 7.97e-02 7.89e-02 7.74e-02 7.52e-02 7.24e-02 6.88e-02 6.45e-02 5.95e-02 5.38e-02 4.76e-02 4.12e-02 3.46e-02 2.83e-02 2.24e-02 1.71e-02 1.26e-02 8.92e-03 6.03e-03 3.86e-03 2.31e-03 1.27e-03 6.31e-04 2.78e-04 1.07e-04 3.63e-05 1.06e-05 2.71e-06 5.97e-07 9.59e-08 -9.59e-08 
-1.12e-06 1.12e-06 2.72e-06 1.07e-05 3.75e-05 1.15e-04 3.08e-04 7.21e-04 1.50e-03 2.80e-03 4.81e-03 7.70e-03 1.17e-02 1.69e-02 2.34e-02 3.13e-02 4.02e-02 4.98e-02 5.99e-02 7.00e-02 7.98e-02 8.88e-02 9.68e-02 1.04e-01 1.10e-01 1.14e-01 1.18e-01 1.21e-01 1.23e-01 1.24e-01 1.24e-01 1.24e-01 1.23e-01 1.21e-01 1.18e-01 1.14e-01 1.10e-01 1.04e-01 9.68e-02 8.88e-02 7.98e-02 7.00e-02 5.99e-02 4.98e-02 4.02e-02 3.13e-02 2.34e-02 1.69e-02 1.17e-02 7.70e-03 4.81e-03 2.80e-03 1.50e-03 7.21e-04 3.08e-04 1.15e-04 3.75e-05 1.06e-05 2.60e-06 4.56e-07 -4.56e-07 
-4.69e-06 4.69e-06 1.03e-05 3.59e-05 1.13e-04 3.12e-04 7.53e-04 1.60e-03 3.05e-03 5.32e-03 8.66e-03 1.34e-02 1.97e-02 2.78e-02 3.75e-02 4.88e-02 6.10e-02 7.39e-02 8.67e-02 9.89e-02 1.10e-01 1.20e-01 1.29e-01 1.36e-01 1.42e-01 1.46e-01 1.50e-01 1.52e-01 1.53e-01 1.54e-01 1.55e-01 1.54e-01 1.53e-01 1.52e-01 1.50e-01 1.46e-01 1.42e-01 1.36e-01 1.29e-01 1.20e-01 1.10e-01 9.89e-02 8.67e-02 7.39e-02 6.10e-02 4.88e-02 3.75e-02 2.78e-02 1.97e-02 1.34e-02 8.66e-03 5.32e-03 3.05e-03 1.60e-03 7.53e-04 3.12e-04 1.13e-04 3.58e-05 9.75e-06 1.86e-06 -1.86e-06 
-1.70e-05 1.70e-05 3.40e-05 1.05e-04 2.98e-04 7.38e-04 1.61e-03 3.14e-03 5.56e-03 9.20e-03 1.44e-02 2.16e-02 3.08e-02 4.21e-02 5.51e-02 6.93e-02 8.41e-02 9.87e-02 1.12e-01 1.25e-01 1.36e-01 1.45e-01 1.52e-01 1.58e-01 1.62e-01 1.65e-01 1.67e-01 1.68e-01 1.69e-01 1.69e-01 1.69e-01 1.69e-01 1.69e-01 1.68e-01 1.67e-01 1.65e-01 1.62e-01 1.58e-01 1.52e-01 1.45e-01 1.36e-01 1.25e-01 1.12e-01 9.87e-02 8.41e-02 6.93e-02 5.51e-02 4.21e-02 3.08e-02 2.16e-02 1.44e-02 9.20e-03 5.56e-03 3.14e-03 1.61e-03 7.38e-04 2.98e-04 1.05e-04 3.17e-05 6.55e-06 -6.55e-06 
-5.36e-05 5.36e-05 9.75e-05 2.68e-04 6.82e-04 1.53e-03 3.06e-03 5.54e-03 9.33e-03 1.49e-02 2.26e-02 3.28e-02 4.52e-02 5.95e-02 7.51e-02 9.11e-02 1.07e-01 1.21e-01 1.34e-01 1.45e-01 1.53e-01 1.59e-01 1.64e-01 1.67e-01 1.68e-01 1.69e-01 1.69e-01 1.69e-01 1.69e-01 1.69e-01 1.69e-01 1.69e-01 1.69e-01 1.69e-01 1.69e-01 1.69e-01 1.68e-01 1.67e-01 1.64e-01 1.59e-01 1.53e-01 1.45e-01 1.34e-01 1.21e-01 1.07e-01 9.11e-02 7.51e-02 5.95e-02 4.52e-02 3.28e-02 2.26e-02 1.49e-02 9.33e-03 5.54e-03 3.06e-03 1.53e-03 6.81e-04 2.66e-04 8.91e-05 1.99e-05 -1.99e-05 
-1.47e-04 1.47e-04 2.45e-04 5.98e-04 1.38e-03 2.83e-03 5.26e-03 9.05e-03 1.47e-02 2.28e-02 3.35e-02 4.66e-02 6.19e-02 7.84e-02 9.53e-02 1.11e-01 1.26e-01 1.38e-01 1.48e-01 1.55e-01 1.60e-01 1.62e-01 1.63e-01 1.63e-01 1.62e-01 1.61e-01 1.59e-01 1.58e-01 1.57e-01 1.57e-01 1.56e-01 1.57e-01 1.57e-01 1.58e-01 1.59e-01 1.61e-01 1.62e-01 1.63e-01 1.63e-01 1.62e-01 1.60e-01 1.55e-01 1.48e-01 1.38e-01 1.26e-01 1.11e-01 9.53e-02 7.84e-02 6.19e-02 4.66e-02 3.35e-02 2.28e-02 1.47e-02 9.05e-03 5.26e-03 2.83e-03 1.37e-03 5.91e-04 2.18e-04 5.25e-05 -5.25e-05 
-3.52e-04 3.52e-04 5.41e-04 1.18e-03 2.49e-03 4.76e-03 8.39e-03 1.39e-02 2.20e-02 3.29e-02 4.65e-02 6.22e-02 7.94e-02 9.68e-02 1.13e-01 1.28e-01 1.39e-01 1.47e-01 1.53e-01 1.56e-01 1.56e-01 1.55e-01 1.53e-01 1.50e-01 1.48e-01 1.45e-01 1.43e-01 1.41e-01 1.40e-01 1.39e-01 1.39e-01 1.39e-01 1.40e-01 1.41e-01 1.43e-01 1.45e-01 1.48e-01 1.50e-01 1.53e-01 1.55e-01 1.56e-01 1.56e-01 1.53e-01 1.47e-01 1.39e-01 1.28e-01 1.13e-01 9.68e-02 7.94e-02 6.22e-02 4.65e-02 3.29e-02 2.20e-02 1.39e-02 8.39e-03 4.76e-03 2.48e-03 1.16e-03 4.70e-04 1.20e-04 -1.20e-04 
-7.46e-04 7.46e-04 1.06e-03 2.11e-03 4.11e-03 7.45e-03 1.27e-02 2.04e-02 3.11e-02 4.47e-02 6.06e-02 7.81e-02 9.58e-02 1.12e-01 1.26e-01 1.37e-01 1.44e-01 1.48e-01 1.49e-01 1.47e-01 1.45e-01 1.41e-01 1.37e-01 1.34e-01 1.31e-01 1.28e-01 1.26e-01 1.25e-01 1.23e-01 1.23e-01 1.23e-01 1.23e-01 1.23e-01 1.25e-01 1.26e-01 1.28e-01 1.31e-01 1.34e-01 1.37e-01 1.41e-01 1.45e-01 1.47e-01 1.49e-01 1.48e-01 1.44e-01 1.37e-01 1.26e-01 1.12e-01 9.58e-02 7.81e-02 6.06e-02 4.47e-02 3.11e-02 2.04e-02 1.27e-02 7.45e-03 4.10e-03 2.06e-03 8.95e-04 2.43e-04 -2.43e-04 
-1.41e-03 1.41e-03 1.90e-03 3.45e-03 6.34e-03 1.10e-02 1.82e-02 2.83e-02 4.15e-02 5.73e-02 7.47e-02 9.25e-02 1.09e-01 1.23e-01 1.33e-01 1.39e-01 1.41e-01 1.40e-01 1.38e-01 1.34e-01 1.30e-01 1.25e-01 1.21e-01 1.18e-01 1.16e-01 1.14e-01 1.12e-01 1.11e-01 1.11e-01 1.10e-01 1.10e-01 1.10e-01 1.11e-01 1.11e-01 1.12e-01 1.14e-01 1.16e-01 1.18e-01 1.21e-01 1.25e-01 1.30e-01 1.34e-01 1.38e-01 1.40e-01 1.41e-01 1.39e-01 1.33e-01 1.23e-01 1.09e-01 9.25e-02 7.47e-02 5.73e-02 4.15e-02 2.83e-02 1.82e-02 1.10e-02 6.30e-03 3.33e-03 1.54e-03 4.36e-04 -4.36e-04 
-2.42e-03 2.42e-03 3.11e-03 5.27e-03 9.25e-03 1.56e-02 2.48e-02 3.73e-02 5.25e-02 6.96e-02 8.73e-02 1.04e-01 1.17e-01 1.27e-01 1.32e-01 1.34e-01 1.32e-01 1.29e-01 1.24e-01 1.19e-01 1.15e-01 1.11e-01 1.08e-01 1.06e-01 1.04e-01 1.03e-01 1.03e-01 1.03e-01 1.03e-01 1.03e-01 1.03e-01 1.03e-01 1.03e-01 1.03e-01 1.03e-01 1.03e-01 1.04e-01 1.06e-01 1.08e-01 1.11e-01 1.15e-01 1.19e-01 1.24e-01 1.29e-01 1.32e-01 1.34e-01 1.32e-01 1.27e-01 1.17e-01 1.04e-01 8.73e-02 6.96e-02 5.25e-02 3.73e-02 2.48e-02 1.56e-02 9.17e-03 5.03e-03 2.42e-03 7.09e-04 -7.09e-04 
-3.82e-03 3.82e-03 4.74e-03 7.63e-03 1.29e-02 2.09e-02 3.22e-02 4.65e-02 6.31e-02 8.05e-02 9.69e-02 1.11e-01 1.20e-01 1.25e-01 1.26e-01 1.24e-01 1.20e-01 1.15e-01 1.10e-01 1.05e-01 1.02e-01 9.95e-02 9.80e-02 9.74e-02 9.72e-02 9.75e-02 9.80e-02 9.85e-02 9.89e-02 9.92e-02 9.94e-02 9.92e-02 9.89e-02 9.85e-02 9.80e-02 9.75e-02 9.72e-02 9.74e-02 9.80e-02 9.95e-02 1.02e-01 1.05e-01 1.10e-01 1.15e-01 1.20e-01 1.24e-01 1.26e-01 1.25e-01 1.20e-01 1.11e-01 9.69e-02 8.05e-02 6.31e-02 4.65e-02 3.22e-02 2.09e-02 1.27e-02 7.19e-03 3.57e-03 1.07e-03 -1.07e-03 
-5.65e-03 5.65e-03 6.84e-03 1.05e-02 1.71e-02 2.68e-02 3.98e-02 5.54e-02 7.23e-02 8.87e-02 1.03e-01 1.13e-01 1.18e-01 1.19e-01 1.17e-01 1.12e-01 1.07e-01 1.02e-01 9.75e-02 9.44e-02 9.26e-02 9.18e-02 9.18e-02 9.25e-02 9.35e-02 9.48e-02 9.60e-02 9.72e-02 9.80e-02 9.87e-02 9.88e-02 9.87e-02 9.80e-02 9.72e-02 9.60e-02 9.48e-02 9.35e-02 9.25e-02 9.18e-02 9.18e-02 9.26e-02 9.44e-02 9.75e-02 1.02e-01 1.07e-01 1.12e-01 1.17e-01 1.19e-01 1.18e-01 1.13e-01 1.03e-01 8.87e-02 7.23e-02 5.54e-02 3.98e-02 2.67e-02 1.68e-02 9.76e-03 4.96e-03 1.51e-03 -1.51e-03 
-7.90e-03 7.90e-03 9.36e-03 1.39e-02 2.17e-02 3.29e-02 4.71e-02 6.31e-02 7.93e-02 9.37e-02 1.04e-01 1.10e-01 1.12e-01 1.10e-01 1.05e-01 9.98e-02 9.47e-02 9.07e-02 8.79e-02 8.65e-02 8.62e-02 8.69e-02 8.83e-02 9.00e-02 9.21e-02 9.42e-02 9.62e-02 9.79e-02 9.92e-02 1.00e-01 1.00e-01 1.00e-01 9.92e-02 9.79e-02 9.62e-02 9.42e-02 9.21e-02 9.00e-02 8.83e-02 8.69e-02 8.62e-02 8.65e-02 8.79e-02 9.07e-02 9.47e-02 9.98e-02 1.05e-01 1.10e-01 1.12e-01 1.10e-01 1.04e-01 9.37e-02 7.93e-02 6.31e-02 4.71e-02 3.27e-02 2.12e-02 1.27e-02 6.57e-03 2.02e-03 -2.02e-03 
-1.05e-02 1.05e-02 1.22e-02 1.75e-02 2.64e-02 3.87e-02 5.34e-02 6.91e-02 8.37e-02 9.52e-02 1.02e-01 1.05e-01 1.03e-01 9.89e-02 9.35e-02 8.84e-02 8.44e-02 8.18e-02 8.07e-02 8.09e-02 8.20e-02 8.40e-02 8.65e-02 8.93e-02 9.23e-02 9.51e-02 9.78e-02 1.00e-01 1.02e-01 1.03e-01 1.03e-01 1.03e-01 1.02e-01 1.00e-01 9.78e-02 9.51e-02 9.23e-02 8.93e-02 8.65e-02 8.40e-02 8.20e-02 8.09e-02 8.07e-02 8.18e-02 8.44e-02 8.84e-02 9.35e-02 9.89e-02 1.03e-01 1.05e-01 1.02e-01 9.52e-02 8.36e-02 6.90e-02 5.33e-02 3.84e-02 2.57e-02 1.57e-02 8.32e-03 2.58e-03 -2.58e-03 
-1.33e-02 1.33e-02 1.53e-02 2.12e-02 3.09e-02 4.37e-02 5.83e-02 7.28e-02 8.51e-02 9.35e-02 9.72e-02 9.67e-02 9.30e-02 8.78e-02 8.28e-02 7.87e-02 7.61e-02 7.51e-02 7.55e-02 7.70e-02 7.94e-02 8.24e-02 8.59e-02 8.96e-02 9.34e-02 9.71e-02 1.01e-01 1.03e-01 1.06e-01 1.07e-01 1.08e-01 1.07e-01 1.06e-01 1.03e-01 1.01e-01 9.71e-02 9.34e-02 8.96e-02 8.59e-02 8.24e-02 7.94e-02 7.70e-02 7.55e-02 7.51e-02 7.61e-02 7.87e-02 8.28e-02 8.78e-02 9.30e-02 9.67e-02 9.72e-02 9.35e-02 8.51e-02 7.28e-02 5.82e-02 4.33e-02 2.99e-02 1.88e-02 1.01e-02 3.17e-03 -3.17e-03 
-1.62e-02 1.62e-02 1.84e-02 2.47e-02 3.48e-02 4.76e-02 6.14e-02 7.42e-02 8.39e-02 8.92e-02 9.01e-02 8.74e-02 8.27e-02 7.77e-02 7.35e-02 7.07e-02 6.96e-02 7.00e-02 7.16e-02 7.42e-02 7.75e-02 8.15e-02 8.59e-02 9.05e-02 9.53e-02 9.99e-02 1.04e-01 1.08e-01 1.11e-01 1.13e-01 1.13e-01 1.13e-01 1.11e-01 1.08e-01 1.04e-01 9.99e-02 9.53e-02 9.05e-02 8.59e-02 8.15e-02 7.75e-02 7.42e-02 7.16e-02 7.00e-02 6.96e-02 7.07e-02 7.35e-02 7.77e-02 8.27e-02 8.74e-02 9.01e-02 8.92e-02 8.39e-02 7.41e-02 6.12e-02 4.71e-02 3.34e-02 2.15e-02 1.18e-02 3.74e-03 -3.74e-03 
-1.90e-02 1.90e-02 2.13e-02 2.78e-02 3.79e-02 5.02e-02 6.27e-02 7.33e-02 8.04e-02 8.30e-02 8.17e-02 7.78e-02 7.30e-02 6.86e-02 6.55e-02 6.41e-02 6.43e-02 6.58e-02 6.84e-02 7.19e-02 7.61e-02 8.09e-02 8.62e-02 9.19e-02 9.77e-02 1.04e-01 1.09e-01 1.14e-01 1.17e-01 1.20e-01 1.21e-01 1.20e-01 1.17e-01 1.14e-01 1.09e-01 1.04e-01 9.77e-02 9.19e-02 8.62e-02 8.09e-02 7.61e-02 7.19e-02 6.84e-02 6.58e-02 6.43e-02 6.41e-02 6.55e-02 6.86e-02 7.30e-02 7.78e-02 8.17e-02 8.30e-02 8.04e-02 7.32e-02 6.24e-02 4.94e-02 3.61e-02 2.38e-02 1.33e-02 4.24e-03 -4.24e-03 
-2.14e-02 2.14e-02 2.37e-02 3.02e-02 3.99e-02 5.12e-02 6.21e-02 7.05e-02 7.51e-02 7.56e-02 7.29e-02 6.86e-02 6.41e-02 6.06e-02 5.88e-02 5.86e-02 5.97e-02 6.22e-02 6.55e-02 6.97e-02 7.47e-02 8.03e-02 8.66e-02 9.34e-02 1.00e-01 1.08e-01 1.15e-01 1.21e-01 1.26e-01 1.29e-01 1.30e-01 1.29e-01 1.26e-01 1.21e-01 1.15e-01 1.08e-01 1.00e-01 9.34e-02 8.66e-02 8.03e-02 7.47e-02 6.97e-02 6.55e-02 6.22e-02 5.97e-02 5.86e-02 5.88e-02 6.06e-02 6.41e-02 6.86e-02 7.29e-02 7.56e-02 7.51e-02 7.04e-02 6.17e-02 5.02e-02 3.77e-02 2.54e-02 1.44e-02 4.65e-03 -4.65e-03 
-2.33e-02 2.33e-02 2.55e-02 3.17e-02 4.07e-02 5.07e-02 5.98e-02 6.61e-02 6.86e-02 6.76e-02 6.42e-02 5.99e-02 5.61e-02 5.38e-02 5.29e-02 5.36e-02 5.56e-02 5.86e-02 6.25e-02 6.74e-02 7.30e-02 7.95e-02 8.68e-02 9.49e-02 1.03e-01 1.12e-01 1.21e-01 1.29e-01 1.36e-01 1.40e-01 1.41e-01 1.40e-01 1.36e-01 1.29e-01 1.21e-01 1.12e-01 1.03e-01 9.49e-02 8.68e-02 7.95e-02 7.30e-02 6.74e-02 6.25e-02 5.86e-02 5.56e-02 5.36e-02 5.29e-02 5.38e-02 5.61e-02 5.99e-02 6.42e-02 6.76e-02 6.86e-02 6.59e-02 5.93e-02 4.96e-02 3.80e-02 2.62e-02 1.51e-02 4.91e-03 -4.91e-03 
-2.44e-02 2.44e-02 2.65e-02 3.21e-02 4.02e-02 4.88e-02 5.61e-02 6.05e-02 6.14e-02 5.94e-02 5.57e-02 5.20e-02 4.90e-02 4.75e-02 4.75e-02 4.89e-02 5.14e-02 5.49e-02 5.93e-02 6.46e-02 7.09e-02 7.82e-02 8.65e-02 9.60e-02 1.06e-01 1.17e-01 1.29e-01 1.39e-01 1.48e-01 1.54e-01 1.56e-01 1.54e-01 1.48e-01 1.39e-01 1.29e-01 1.17e-01 1.06e-01 9.60e-02 8.65e-02 7.82e-02 7.09e-02 6.46e-02 5.93e-02 5.49e-02 5.14e-02 4.89e-02 4.75e-02 4.75e-02 4.90e-02 5.19e-02 5.57e-02 5.94e-02 6.14e-02 6.03e-02 5.55e-02 4.75e-02 3.73e-02 2.62e-02 1.53e-02 5.01e-03 -5.01e-03 
-2.47e-02 2.47e-02 2.65e-02 3.15e-02 3.85e-02 4.57e-02 5.12e-02 5.41e-02 5.39e-02 5.14e-02 4.79e-02 4.46e-02 4.25e-02 4.18e-02 4.25e-02 4.43e-02 4.71e-02 5.08e-02 5.54e-02 6.11e-02 6.79e-02 7.59e-02 8.54e-02 9.63e-02 1.09e-01 1.22e-01 1.37e-01 1.51e-01 1.63e-01 1.72e-01 1.75e-01 1.72e-01 1.63e-01 1.51e-01 1.37e-01 1.22e-01 1.09e-01 9.63e-02 8.54e-02 7.59e-02 6.79e-02 6.11e-02 5.54e-02 5.08e-02 4.71e-02 4.43e-02 4.25e-02 4.18e-02 4.25e-02 4.46e-02 4.79e-02 5.13e-02 5.38e-02 5.38e-02 5.06e-02 4.42e-02 3.54e-02 2.53e-02 1.50e-02 4.93e-03 -4.93e-03 
-2.39e-02 2.39e-02 2.55e-02 2.98e-02 3.57e-02 4.14e-02 4.55e-02 4.72e-02 4.62e-02 4.36e-02 4.04e-02 3.79e-02 3.65e-02 3.64e-02 3.73e-02 3.94e-02 4.24e-02 4.62e-02 5.10e-02 5.68e-02 6.39e-02 7.25e-02 8.28e-02 9.53e-02 1.10e-01 1.27e-01 1.45e-01 1.65e-01 1.83e-01 1.96e-01 2.01e-01 1.96e-01 1.83e-01 1.65e-01 1.45e-01 1.27e-01 1.10e-01 9.53e-02 8.28e-02 7.25e-02 6.39e-02 5.68e-02 5.10e-02 4.62e-02 4.24e-02 3.94e-02 3.73e-02 3.64e-02 3.65e-02 3.79e-02 4.04e-02 4.36e-02 4.61e-02 4.69e-02 4.49e-02 3.99e-02 3.25e-02 2.35e-02 1.41e-02 4.67e-03 -4.67e-03 
-2.22e-02 2.22e-02 2.36e-02 2.71e-02 3.19e-02 3.63e-02 3.92e-02 4.00e-02 3.87e-02 3.62e-02 3.36e-02 3.16e-02 3.07e-02 3.10e-02 3.22e-02 3.43e-02 3.72e-02 4.09e-02 4.55e-02 5.13e-02 5.85e-02 6.74e-02 7.84e-02 9.21e-02 1.09e-01 1.29e-01 1.54e-01 1.80e-01 2.07e-01 2.28e-01 2.36e-01 2.28e-01 2.07e-01 1.80e-01 1.54e-01 1.29e-01 1.09e-01 9.21e-02 7.84e-02 6.74e-02 5.85e-02 5.13e-02 4.55e-02 4.09e-02 3.72e-02 3.43e-02 3.22e-02 3.10e-02 3.07e-02 3.16e-02 3.35e-02 3.61e-02 3.86e-02 3.97e-02 3.86e-02 3.48e-02 2.87e-02 2.11e-02 1.28e-02 4.25e-03 -4.25e-03 
-1.96e-02 1.96e-02 2.07e-02 2.35e-02 2.72e-02 3.05e-02 3.25e-02 3.27e-02 3.13e-02 2.91e-02 2.70e-02 2.56e-02 2.51e-02 2.56e-02 2.68e-02 2.88e-02 3.15e-02 3.49e-02 3.92e-02 4.47e-02 5.15e-02 6.03e-02 7.14e-02 8.59e-02 1.05e-01 1.29e-01 1.59e-01 1.96e-01 2.37e-01 2.73e-01 2.89e-01 2.73e-01 2.37e-01 1.96e-01 1.59e-01 1.29e-01 1.05e-01 8.59e-02 7.14e-02 6.03e-02 5.15e-02 4.47e-02 3.92e-02 3.49e-02 3.15e-02 2.88e-02 2.68e-02 2.56e-02 2.51e-02 2.56e-02 2.70e-02 2.91e-02 3.12e-02 3.24e-02 3.19e-02 2.91e-02 2.43e-02 1.81e-02 1.10e-02 3.69e-03 -3.69e-03 
-1.62e-02 1.62e-02 1.70e-02 1.91e-02 2.18e-02 2.42e-02 2.55e-02 2.53e-02 2.41e-02 2.23e-02 2.07e-02 1.98e-02 1.95e-02 2.00e-02 2.12e-02 2.29e-02 2.52e-02 2.81e-02 3.18e-02 3.66e-02 4.27e-02 5.07e-02 6.13e-02 7.54e-02 9.48e-02 1.22e-01 1.58e-01 2.08e-01 2.71e-01 3.37e-01 3.74e-01 3.37e-01 2.71e-01 2.08e-01 1.58e-01 1.22e-01 9.48e-02 7.54e-02 6.13e-02 5.07e-02 4.27e-02 3.66e-02 3.18e-02 2.81e-02 2.52e-02 2.29e-02 2.12e-02 2.00e-02 1.95e-02 1.98e-02 2.07e-02 2.23e-02 2.40e-02 2.51e-02 2.49e-02 2.30e-02 1.94e-02 1.45e-02 8.92e-03 2.99e-03 -2.99e-03 
-1.21e-02 1.21e-02 1.26e-02 1.41e-02 1.60e-02 1.75e-02 1.83e-02 1.80e-02 1.71e-02 1.58e-02 1.47e-02 1.40e-02 1.40e-02 1.45e-02 1.53e-02 1.66e-02 1.84e-02 2.07e-02 2.36e-02 2.73e-02 3.22e-02 3.87e-02 4.75e-02 5.99e-02 7.78e-02 1.04e-01 1.45e-01 2.08e-01 3.03e-01 4.30e-01 5.35e-01 4.30e-01 3.03e-01 2.08e-01 1.45e-01 1.04e-01 7.78e-02 5.99e-02 4.75e-02 3.87e-02 3.22e-02 2.73e-02 2.36e-02 2.07e-02 1.84e-02 1.66e-02 1.53e-02 1.45e-02 1.40e-02 1.40e-02 1.47e-02 1.58e-02 1.70e-02 1.79e-02 1.79e-02 1.66e-02 1.41e-02 1.06e-02 6.56e-03 2.21e-03 -2.21e-03 
-7.46e-03 7.46e-03 7.79e-03 8.66e-03 9.73e-03 1.06e-02 1.10e-02 1.08e-02 1.02e-02 9.39e-03 8.77e-03 8.44e-03 8.40e-03 8.68e-03 9.31e-03 1.02e-02 1.12e-02 1.27e-02 1.45e-02 1.69e-02 2.00e-02 2.43e-02 3.03e-02 3.90e-02 5.21e-02 7.31e-02 1.09e-01 1.75e-01 3.02e-01 5.46e-01 9.05e-01 5.46e-01 3.02e-01 1.75e-01 1.09e-01 7.31e-02 5.21e-02 3.90e-02 3.03e-02 2.43e-02 2.00e-02 1.69e-02 1.45e-02 1.27e-02 1.12e-02 1.02e-02 9.31e-03 8.68e-03 8.40e-03 8.44e-03 8.77e-03 9.38e-03 1.01e-02 1.07e-02 1.07e-02 1.00e-02 8.57e-03 6.48e-03 4.01e-03 1.35e-03 -1.35e-03 
-2.52e-03 2.52e-03 2.63e-03 2.92e-03 3.27e-03 3.55e-03 3.67e-03 3.59e-03 3.39e-03 3.13e-03 2.90e-03 2.78e-03 2.82e-03 2.96e-03 3.11e-03 3.37e-03 3.77e-03 4.24e-03 4.89e-03 5.73e-03 6.81e-03 8.34e-03 1.04e-02 1.36e-02 1.85e-02 2.70e-02 4.34e-02 8.08e-02 1.86e-01 5.45e-01 1.99e+00 5.45e-01 1.86e-01 8.08e-02 4.34e-02 2.70e-02 1.85e-02 1.36e-02 1.04e-02 8.34e-03 6.81e-03 5.73e-03 4.89e-03 4.24e-03 3.77e-03 3.37e-03 3.11e-03 2.96e-03 2.82e-03 2.78e-03 2.90e-03 3.13e-03 3.37e-03 3.56e-03 3.58e-03 3.36e-03 2.87e-03 2.18e-03 1.35e-03 4.55e-04 -4.55e-04 
2.52e-03 -2.52e-03 -2.63e-03 -2.92e-03 -3.27e-03 -3.55e-03 -3.67e-03 -3.59e-03 -3.39e-03 -3.13e-03 -2.90e-03 -2.78e-03 -2.82e-03 -2.96e-03 -3.11e-03 -3.37e-03 -3.77e-03 -4.24e-03 -4.89e-03 -5.73e-03 -6.81e-03 -8.34e-03 -1.04e-02 -1.36e-02 -1.85e-02 -2.70e-02 -4.34e-02 -8.08e-02 -1.86e-01 -5.45e-01 -1.99e+00 -5.45e-01 -1.86e-01 -8.08e-02 -4.34e-02 -2.70e-02 -1.85e-02 -1.36e-02 -1.04e-02 -8.34e-03 -6.81e-03 -5.73e-03 -4.89e-03 -4.24e-03 -3.77e-03 -3.37e-03 -3.11e-03 -2.96e-03 -2.82e-03 -2.78e-03 -2.90e-03 -3.13e-03 -3.37e-03 -3.56e-03 -3.58e-03 -3.36e-03 -2.87e-03 -2.18e-03 -1.35e-03 -4.55e-04 4.55e-04 
7.46e-03 -7.46e-03 -7.79e-03 -8.66e-03 -9.73e-03 -1.06e-02 -1.10e-02 -1.08e-02 -1.02e-02 -9.39e-03 -8.77e-03 -8.44e-03 -8.40e-03 -8.68e-03 -9.31e-03 -1.02e-02 -1.12e-02 -1.27e-02 -1.45e-02 -1.69e-02 -2.00e-02 -2.43e-02 -3.03e-02 -3.90e-02 -5.21e-02 -7.31e-02 -1.09e-01 -1.75e-01 -3.02e-01 -5.46e-01 -9.05e-01 -5.46e-01 -3.02e-01 -1.75e-01 -1.09e-01 -7.31e-02 -5.21e-02 -3.90e-02 -3.03e-02 -2.43e-02 -2.00e-02 -1.69e-02 -1.45e-02 -1.27e-02 -1.12e-02 -1.02e-02 -9.31e-03 -8.68e-03 -8.40e-03 -8.44e-03 -8.77e-03 -9.38e-03 -1.01e-02 -1.07e-02 -1.07e-02 -1.00e-02 -8.57e-03 -6.48e-03 -4.01e-03 -1.35e-03 1.35e-03 
1.21e-02 -1.21e-02 -1.26e-02 -1.41e-02 -1.60e-02 -1.75e-02 -1.83e-02 -1.80e-02 -1.71e-02 -1.58e-02 -1.47e-02 -1.40e-02 -1.40e-02 -1.45e-02 -1.53e-02 -1.66e-02 -1.84e-02 -2.07e-02 -2.36e-02 -2.73e-02 -3.22e-02 -3.87e-02 -4.75e-02 -5.99e-02 -7.78e-02 -1.04e-01 -1.45e-01 -2.08e-01 -3.03e-01 -4.30e-01 -5.35e-01 -4.30e-01 -3.03e-01 -2.08e-01 -1.45e-01 -1.04e-01 -7.78e-02 -5.99e-02 -4.75e-02 -3.87e-02 -3.22e-02 -2.73e-02 -2.36e-02 -2.07e-02 -1.84e-02 -1.66e-02 -1.53e-02 -1.45e-02 -1.40e-02 -1.40e-02 -1.47e-02 -1.58e-02 -1.70e-02 -1.79e-02 -1.79e-02 -1.66e-02 -1.41e-02 -1.06e-02 -6.56e-03 -2.21e-03 2.21e-03 
1.62e-02 -1.62e-02 -1.70e-02 -1.91e-02 -2.18e-02 -2.42e-02 -2.55e-02 -2.53e-02 -2.41e-02 -2.23e-02 -2.07e-02 -1.98e-02 -1.95e-02 -2.00e-02 -2.12e-02 -2.29e-02 -2.52e-02 -2.81e-02 -3.18e-02 -3.66e-02 -4.27e-02 -5.07e-02 -6.13e-02 -7.54e-02 -9.48e-02 -1.22e-01 -1.58e-01 -2.08e-01 -2.71e-01 -3.37e-01 -3.74e-01 -3.37e-01 -2.71e-01 -2.08e-01 -1.58e-01 -1.22e-01 -9.48e-02 -7.54e-02 -6.13e-02 -5.07e-02 -4.27e-02 -3.66e-02 -3.18e-02 -2.81e-02 -2.52e-02 -2.29e-02 -2.12e-02 -2.00e-02 -1.95e-02 -1.98e-02 -2.07e-02 -2.23e-02 -2.40e-02 -2.51e-02 -2.49e-02 -2.30e-02 -1.94e-02 -1.45e-02 -8.92e-03 -2.99e-03 2.99e-03 
1.96e-02 -1.96e-02 -2.07e-02 -2.35e-02 -2.72e-02 -3.05e-02 -3.25e-02 -3.27e-02 -3.13e-02 -2.91e-02 -2.70e-02 -2.56e-02 -2.51e-02 -2.56e-02 -2.68e-02 -2.88e-02 -3.15e-02 -3.49e-02 -3.92e-02 -4.47e-02 -5.15e-02 -6.03e-02 -7.14e-02 -8.59e-02 -1.05e-01 -1.29e-01 -1.59e-01 -1.96e-01 -2.37e-01 -2.73e-01 -2.89e-01 -2.73e-01 -2.37e-01 -1.96e-01 -1.59e-01 -1.29e-01 -1.05e-01 -8.59e-02 -7.14e-02 -6.03e-02 -5.15e-02 -4.47e-02 -3.92e-02 -3.49e-02 -3.15e-02 -2.88e-02 -2.68e-02 -2.56e-02 -2.51e-02 -2.56e-02 -2.70e-02 -2.91e-02 -3.12e-02 -3.24e-02 -3.19e-02 -2.91e-02 -2.43e-02 -1.81e-02 -1.10e-02 -3.69e-03 3.69e-03 
2.22e-02 -2.22e-02 -2.36e-02 -2.71e-02 -3.19e-02 -3.63e-02 -3.92e-02 -4.00e-02 -3.87e-02 -3.62e-02 -3.36e-02 -3.16e-02 -3.07e-02 -3.10e-02 -3.22e-02 -3.43e-02 -3.72e-02 -4.09e-02 -4.55e-02 -5.13e-02 -5.85e-02 -6.74e-02 -7.84e-02 -9.21e-02 -1.09e-01 -1.29e-01 -1.54e-01 -1.80e-01 -2.07e-01 -2.28e-01 -2.36e-01 -2.28e-01 -2.07e-01 -1.80e-01 -1.54e-01 -1.29e-01 -1.09e-01 -9.21e-02 -7.84e-02 -6.74e-02 -5.85e-02 -5.13e-02 -4.55e-02 -4.09e-02 -3.72e-02 -3.43e-02 -3.22e-02 -3.10e-02 -3.07e-02 -3.16e-02 -3.35e-02 -3.61e-02 -3.86e-02 -3.97e-02 -3.86e-02 -3.48e-02 -2.87e-02 -2.11e-02 -1.28e-02 -4.25e-03 4.25e-03 
2.39e-02 -2.39e-02 -2.55e-02 -2.98e-02 -3.57e-02 -4.14e-02 -4.55e-02 -4.72e-02 -4.62e-02 -4.36e-02 -4.04e-02 -3.79e-02 -3.65e-02 -3.64e-02 -3.73e-02 -3.94e-02 -4.24e-02 -4.62e-02 -5.10e-02 -5.68e-02 -6.39e-02 -7.25e-02 -8.28e-02 -9.53e-02 -1.10e-01 -1.27e-01 -1.45e-01 -1.65e-01 -1.83e-01 -1.96e-01 -2.01e-01 -1.96e-01 -1.83e-01 -1.65e-01 -1.45e-01 -1.27e-01 -1.10e-01 -9.53e-02 -8.28e-02 -7.25e-02 -6.39e-02 -5.68e-02 -5.10e-02 -4.62e-02 -4.24e-02 -3.94e-02 -3.73e-02 -3.64e-02 -3.65e-02 -3.79e-02 -4.04e-02 -4.36e-02 -4.61e-02 -4.69e-02 -4.49e-02 -3.99e-02 -3.25e-02 -2.35e-02 -1.41e-02 -4.67e-03 4.67e-03 
2.47e-02 -2.47e-02 -2.65e-02 -3.15e-02 -3.85e-02 -4.57e-02 -5.12e-02 -5.41e-02 -5.39e-02 -5.14e-02 -4.79e-02 -4.46e-02 -4.25e-02 -4.18e-02 -4.25e-02 -4.43e-02 -4.71e-02 -5.08e-02 -5.54e-02 -6.11e-02 -6.79e-02 -7.59e-02 -8.54e-02 -9.63e-02 -1.09e-01 -1.22e-01 -1.37e-01 -1.51e-01 -1.63e-01 -1.72e-01 -1.75e-01 -1.72e-01 -1.63e-01 -1.51e-01 -1.37e-01 -1.22e-01 -1.09e-01 -9.63e-02 -8.54e-02 -7.59e-02 -6.79e-02 -6.11e-02 -5.54e-02 -5.08e-02 -4.71e-02 -4.43e-02 -4.25e-02 -4.18e-02 -4.25e-02 -4.46e-02 -4.79e-02 -5.13e-02 -5.38e-02 -5.38e-02 -5.06e-02 -4.42e-02 -3.54e-02 -2.53e-02 -1.50e-02 -4.93e-03 4.93e-03 
2.44e-02 -2.44e-02 -2.65e-02 -3.21e-02 -4.02e-02 -4.88e-02 -5.61e-02 -6.05e-02 -6.14e-02 -5.94e-02 -5.57e-02 -5.20e-02 -4.90e-02 -4.75e-02 -4.75e-02 -4.89e-02 -5.14e-02 -5.49e-02 -5.93e-02 -6.46e-02 -7.09e-02 -7.82e-02 -8.65e-02 -9.60e-02 -1.06e-01 -1.17e-01 -1.29e-01 -1.39e-01 -1.48e-01 -1.54e-01 -1.56e-01 -1.54e-01 -1.48e-01 -1.39e-01 -1.29e-01 -1.17e-01 -1.06e-01 -9.60e-02 -8.65e-02 -7.82e-02 -7.09e-02 -6.46e-02 -5.93e-02 -5.49e-02 -5.14e-02 -4.89e-02 -4.75e-02 -4.75e-02 -4.90e-02 -5.19e-02 -5.57e-02 -5.94e-02 -6.14e-02 -6.03e-02 -5.55e-02 -4.75e-02 -3.73e-02 -2.62e-02 -1.53e-02 -5.01e-03 5.01e-03 
2.33e-02 -2.33e-02 -2.55e-02 -3.17e-02 -4.07e-02 -5.07e-02 -5.98e-02 -6.61e-02 -6.86e-02 -6.76e-02 -6.42e-02 -5.99e-02 -5.61e-02 -5.38e-02 -5.29e-02 -5.36e-02 -5.56e-02 -5.86e-02 -6.25e-02 -6.74e-02 -7.30e-02 -7.95e-02 -8.68e-02 -9.49e-02 -1.03e-01 -1.12e-01 -1.21e-01 -1.29e-01 -1.36e-01 -1.40e-01 -1.41e-01 -1.40e-01 -1.36e-01 -1.29e-01 -1.21e-01 -1.12e-01 -1.03e-01 -9.49e-02 -8.68e-02 -7.95e-02 -7.30e-02 -6.74e-02 -6.25e-02 -5.86e-02 -5.56e-02 -5.36e-02 -5.29e-02 -5.38e-02 -5.61e-02 -5.99e-02 -6.42e-02 -6.76e-02 -6.86e-02 -6.59e-02 -5.93e-02 -4.96e-02 -3.80e-02 -2.62e-02 -1.51e-02 -4.91e-03 4.91e-03 
2.14e-02 -2.14e-02 -2.37e-02 -3.02e-02 -3.99e-02 -5.12e-02 -6.21e-02 -7.05e-02 -7.51e-02 -7.56e-02 -7.29e-02 -6.86e-02 -6.41e-02 -6.06e-02 -5.88e-02 -5.86e-02 -5.97e-02 -6.22e-02 -6.55e-02 -6.97e-02 -7.47e-02 -8.03e-02 -8.66e-02 -9.34e-02 -1.00e-01 -1.08e-01 -1.15e-01 -1.21e-01 -1.26e-01 -1.29e-01 -1.30e-01 -1.29e-01 -1.26e-01 -1.21e-01 -1.15e-01 -1.08e-01 -1.00e-01 -9.34e-02 -8.66e-02 -8.03e-02 -7.47e-02 -6.97e-02 -6.55e-02 -6.22e-02 -5.97e-02 -5.86e-02 -5.88e-02 -6.06e-02 -6.41e-02 -6.86e-02 -7.29e-02 -7.56e-02 -7.51e-02 -7.04e-02 -6.17e-02 -5.02e-02 -3.77e-02 -2.54e-02 -1.44e-02 -4.65e-03 4.65e-03 
1.90e-02 -1.90e-02 -2.13e-02 -2.78e-02 -3.79e-02 -5.02e-02 -6.27e-02 -7.33e-02 -8.04e-02 -8.30e-02 -8.17e-02 -7.78e-02 -7.30e-02 -6.86e-02 -6.55e-02 -6.41e-02 -6.43e-02 -6.58e-02 -6.84e-02 -7.19e-02 -7.61e-02 -8.09e-02 -8.62e-02 -9.19e-02 -9.77e-02 -1.04e-01 -1.09e-01 -1.14e-01 -1.17e-01 -1.20e-01 -1.21e-01 -1.20e-01 -1.17e-01 -1.14e-01 -1.09e-01 -1.04e-01 -9.77e-02 -9.19e-02 -8.62e-02 -8.09e-02 -7.61e-02 -7.19e-02 -6.84e-02 -6.58e-02 -6.43e-02 -6.41e-02 -6.55e-02 -6.86e-02 -7.30e-02 -7.78e-02 -8.17e-02 -8.30e-02 -8.04e-02 -7.32e-02 -6.24e-02 -4.94e-02 -3.61e-02 -2.38e-02 -1.33e-02 -4.24e-03 4.24e-03 
1.62e-02 -1.62e-02 -1.84e-02 -2.47e-02 -3.48e-02 -4.76e-02 -6.14e-02 -7.42e-02 -8.39e-02 -8.92e-02 -9.01e-02 -8.74e-02 -8.27e-02 -7.77e-02 -7.35e-02 -7.07e-02 -6.96e-02 -7.00e-02 -7.16e-02 -7.42e-02 -7.75e-02 -8.15e-02 -8.59e-02 -9.05e-02 -9.53e-02 -9.99e-02 -1.04e-01 -1.08e-01 -1.11e-01 -1.13e-01 -1.13e-01 -1.13e-01 -1.11e-01 -1.08e-01 -1.04e-01 -9.99e-02 -9.53e-02 -9.05e-02 -8.59e-02 -8.15e-02 -7.75e-02 -7.42e-02 -7.16e-02 -7.00e-02 -6.96e-02 -7.07e-02 -7.35e-02 -7.77e-02 -8.27e-02 -8.74e-02 -9.01e-02 -8.92e-02 -8.39e-02 -7.41e-02 -6.12e-02 -4.71e-02 -3.34e-02 -2.15e-02 -1.18e-02 -3.74e-03 3.74e-03 
1.33e-02 -1.33e-02 -1.53e-02 -2.12e-02 -3.09e-02 -4.37e-02 -5.83e-02 -7.28e-02 -8.51e-02 -9.35e-02 -9.72e-02 -9.67e-02 -9.30e-02 -8.78e-02 -8.28e-02 -7.87e-02 -7.61e-02 -7.51e-02 -7.55e-02 -7.70e-02 -7.94e-02 -8.24e-02 -8.59e-02 -8.96e-02 -9.34e-02 -9.71e-02 -1.01e-01 -1.03e-01 -1.06e-01 -1.07e-01 -1.08e-01 -1.07e-01 -1.06e-01 -1.03e-01 -1.01e-01 -9.71e-02 -9.34e-02 -8.96e-02 -8.59e-02 -8.24e-02 -7.94e-02 -7.70e-02 -7.55e-02 -7.51e-02 -7.61e-02 -7.87e-02 -8.28e-02 -8.78e-02 -9.30e-02 -9.67e-02 -9.72e-02 -9.35e-02 -8.51e-02 -7.28e-02 -5.82e-02 -4.33e-02 -2.99e-02 -1.88e-02 -1.01e-02 -3.17e-03 3.17e-03 
1.05e-02 -1.05e-02 -1.22e-02 -1.75e-02 -2.64e-02 -3.87e-02 -5.34e-02 -6.91e-02 -8.37e-02 -9.52e-02 -1.02e-01 -1.05e-01 -1.03e-01 -9.89e-02 -9.35e-02 -8.84e-02 -8.44e-02 -8.18e-02 -8.07e-02 -8.09e-02 -8.20e-02 -8.40e-02 -8.65e-02 -8.93e-02 -9.23e-02 -9.51e-02 -9.78e-02 -1.00e-01 -1.02e-01 -1.03e-01 -1.03e-01 -1.03e-01 -1.02e-01 -1.00e-01 -9.78e-02 -9.51e-02 -9.23e-02 -8.93e-02 -8.65e-02 -8.40e-02 -8.20e-02 -8.09e-02 -8.07e-02 -8.18e-02 -8.44e-02 -8.84e-02 -9.35e-02 -9.89e-02 -1.03e-01 -1.05e-01 -1.02e-01 -9.52e-02 -8.36e-02 -6.90e-02 -5.33e-02 -3.84e-02 -2.57e-02 -1.57e-02 -8.32e-03 -2.58e-03 2.58e-03 
7.90e-03 -7.90e-03 -9.36e-03 -1.39e-02 -2.17e-02 -3.29e-02 -4.71e-02 -6.31e-02 -7.93e-02 -9.37e-02 -1.04e-01 -1.10e-01 -1.12e-01 -1.10e-01 -1.05e-01 -9.98e-02 -9.47e-02 -9.07e-02 -8.79e-02 -8.65e-02 -8.62e-02 -8.69e-02 -8.83e-02 -9.00e-02 -9.21e-02 -9.42e-02 -9.62e-02 -9.79e-02 -9.92e-02 -1.00e-01 -1.00e-01 -1.00e-01 -9.92e-02 -9.79e-02 -9.62e-02 -9.42e-02 -9.21e-02 -9.00e-02 -8.83e-02 -8.69e-02 -8.62e-02 -8.65e-02 -8.79e-02 -9.07e-02 -9.47e-02 -9.98e-02 -1.05e-01 -1.10e-01 -1.12e-01 -1.10e-01 -1.04e-01 -9.37e-02 -7.93e-02 -6.31e-02 -4.71e-02 -3.27e-02 -2.12e-02 -1.27e-02 -6.57e-03 -2.02e-03 2.02e-03 
5.65e-03 -5.65e-03 -6.84e-03 -1.05e-02 -1.71e-02 -2.68e-02 -3.98e-02 -5.54e-02 -7.23e-02 -8.87e-02 -1.03e-01 -1.13e-01 -1.18e-01 -1.19e-01 -1.17e-01 -1.12e-01 -1.07e-01 -1.02e-01 -9.75e-02 -9.44e-02 -9.26e-02 -9.18e-02 -9.18e-02 -9.25e-02 -9.35e-02 -9.48e-02 -9.60e-02 -9.72e-02 -9.80e-02 -9.87e-02 -9.88e-02 -9.87e-02 -9.80e-02 -9.72e-02 -9.60e-02 -9.48e-02 -9.35e-02 -9.25e-02 -9.18e-02 -9.18e-02 -9.26e-02 -9.44e-02 -9.75e-02 -1.02e-01 -1.07e-01 -1.12e-01 -1.17e-01 -1.19e-01 -1.18e-01 -1.13e-01 -1.03e-01 -8.87e-02 -7.23e-02 -5.54e-02 -3.98e-02 -2.67e-02 -1.68e-02 -9.76e-03 -4.96e-03 -1.51e-03 1.51e-03 
3.82e-03 -3.82e-03 -4.74e-03 -7.63e-03 -1.29e-02 -2.09e-02 -3.22e-02 -4.65e-02 -6.31e-02 -8.05e-02 -9.69e-02 -1.11e-01 -1.20e-01 -1.25e-01 -1.26e-01 -1.24e-01 -1.20e-01 -1.15e-01 -1.10e-01 -1.05e-01 -1.02e-01 -9.95e-02 -9.80e-02 -9.74e-02 -9.72e-02 -9.75e-02 -9.80e-02 -9.85e-02 -9.89e-02 -9.92e-02 -9.94e-02 -9.92e-02 -9.89e-02 -9.85e-02 -9.80e-02 -9.75e-02 -9.72e-02 -9.74e-02 -9.80e-02 -9.95e-02 -1.02e-01 -1.05e-01 -1.10e-01 -1.15e-01 -1.20e-01 -1.24e-01 -1.26e-01 -1.25e-01 -1.20e-01 -1.11e-01 -9.69e-02 -8.05e-02 -6.31e-02 -4.65e-02 -3.22e-02 -2.09e-02 -1.27e-02 -7.19e-03 -3.57e-03 -1.07e-03 1.07e-03 
2.42e-03 -2.42e-03 -3.11e-03 -5.27e-03 -9.25e-03 -1.56e-02 -2.48e-02 -3.73e-02 -5.25e-02 -6.96e-02 -8.73e-02 -1.04e-01 -1.17e-01 -1.27e-01 -1.32e-01 -1.34e-01 -1.32e-01 -1.29e-01 -1.24e-01 -1.19e-01 -1.15e-01 -1.11e-01 -1.08e-01 -1.06e-01 -1.04e-01 -1.03e-01 -1.03e-01 -1.03e-01 -1.03e-01 -1.03e-01 -1.03e-01 -1.03e-01 -1.03e-01 -1.03e-01 -1.03e-01 -1.03e-01 -1.04e-01 -1.06e-01 -1.08e-01 -1.11e-01 -1.15e-01 -1.19e-01 -1.24e-01 -1.29e-01 -1.32e-01 -1.34e-01 -1.32e-01 -1.27e-01 -1.17e-01 -1.04e-01 -8.73e-02 -6.96e-02 -5.25e-02 -3.73e-02 -2.48e-02 -1.56e-02 -9.17e-03 -5.03e-03 -2.42e-03 -7.09e-04 7.09e-04 
1.41e-03 -1.41e-03 -1.90e-03 -3.45e-03 -6.34e-03 -1.10e-02 -1.82e-02 -2.83e-02 -4.15e-02 -5.73e-02 -7.47e-02 -9.25e-02 -1.09e-01 -1.23e-01 -1.33e-01 -1.39e-01 -1.41e-01 -1.40e-01 -1.38e-01 -1.34e-01 -1.30e-01 -1.25e-01 -1.21e-01 -1.18e-01 -1.16e-01 -1.14e-01 -1.12e-01 -1.11e-01 -1.11e-01 -1.10e-01 -1.10e-01 -1.10e-01 -1.11e-01 -1.11e-01 -1.12e-01 -1.14e-01 -1.16e-01 -1.18e-01 -1.21e-01 -1.25e-01 -1.30e-01 -1.34e-01 -1.38e-01 -1.40e-01 -1.41e-01 -1.39e-01 -1.33e-01 -1.23e-01 -1.09e-01 -9.25e-02 -7.47e-02 -5.73e-02 -4.15e-02 -2.83e-02 -1.82e-02 -1.10e-02 -6.30e-03 -3.33e-03 -1.54e-03 -4.36e-04 4.36e-04 
7.46e-04 -7.46e-04 -1.06e-03 -2.11e-03 -4.11e-03 -7.45e-03 -1.27e-02 -2.04e-02 -3.11e-02 -4.47e-02 -6.06e-02 -7.81e-02 -9.58e-02 -1.12e-01 -1.26e-01 -1.37e-01 -1.44e-01 -1.48e-01 -1.49e-01 -1.47e-01 -1.45e-01 -1.41e-01 -1.38e-01 -1.34e-01 -1.31e-01 -1.28e-01 -1.26e-01 -1.25e-01 -1.24e-01 -1.23e-01 -1.23e-01 -1.23e-01 -1.24e-01 -1.25e-01 -1.26e-01 -1.28e-01 -1.31e-01 -1.34e-01 -1.38e-01 -1.41e-01 -1.45e-01 -1.47e-01 -1.49e-01 -1.48e-01 -1.44e-01 -1.37e-01 -1.26e-01 -1.12e-01 -9.58e-02 -7.81e-02 -6.06e-02 -4.47e-02 -3.11e-02 -2.04e-02 -1.27e-02 -7.45e-03 -4.10e-03 -2.06e-03 -8.95e-04 -2.43e-04 2.43e-04 
3.52e-04 -3.52e-04 -5.41e-04 -1.18e-03 -2.49e-03 -4.76e-03 -8.39e-03 -1.39e-02 -2.20e-02 -3.29e-02 -4.65e-02 -6.22e-02 -7.94e-02 -9.68e-02 -1.13e-01 -1.28e-01 -1.39e-01 -1.48e-01 -1.53e-01 -1.56e-01 -1.56e-01 -1.55e-01 -1.53e-01 -1.51e-01 -1.48e-01 -1.46e-01 -1.44e-01 -1.42e-01 -1.41e-01 -1.40e-01 -1.40e-01 -1.40e-01 -1.41e-01 -1.42e-01 -1.44e-01 -1.46e-01 -1.48e-01 -1.51e-01 -1.53e-01 -1.55e-01 -1.56e-01 -1.56e-01 -1.53e-01 -1.48e-01 -1.39e-01 -1.28e-01 -1.13e-01 -9.68e-02 -7.94e-02 -6.22e-02 -4.65e-02 -3.29e-02 -2.20e-02 -1.39e-02 -8.39e-03 -4.76e-03 -2.48e-03 -1.16e-03 -4.70e-04 -1.20e-04 1.20e-04 
1.47e-04 -1.47e-04 -2.45e-04 -5.98e-04 -1.38e-03 -2.83e-03 -5.26e-03 -9.05e-03 -1.47e-02 -2.28e-02 -3.35e-02 -4.66e-02 -6.19e-02 -7.84e-02 -9.53e-02 -1.11e-01 -1.26e-01 -1.38e-01 -1.48e-01 -1.55e-01 -1.60e-01 -1.63e-01 -1.64e-01 -1.64e-01 -1.63e-01 -1.62e-01 -1.61e-01 -1.59e-01 -1.59e-01 -1.58e-01 -1.58e-01 -1.58e-01 -1.59e-01 -1.59e-01 -1.61e-01 -1.62e-01 -1.63e-01 -1.64e-01 -1.64e-01 -1.63e-01 -1.60e-01 -1.55e-01 -1.48e-01 -1.38e-01 -1.26e-01 -1.11e-01 -9.53e-02 -7.84e-02 -6.19e-02 -4.66e-02 -3.35e-02 -2.28e-02 -1.47e-02 -9.05e-03 -5.26e-03 -2.83e-03 -1.37e-03 -5.91e-04 -2.18e-04 -5.25e-05 5.25e-05 
5.36e-05 -5.36e-05 -9.75e-05 -2.68e-04 -6.82e-04 -1.53e-03 -3.06e-03 -5.54e-03 -9.33e-03 -1.49e-02 -2.26e-02 -3.28e-02 -4.52e-02 -5.95e-02 -7.51e-02 -9.12e-02 -1.07e-01 -1.21e-01 -1.34e-01 -1.45e-01 -1.54e-01 -1.60e-01 -1.65e-01 -1.68e-01 -1.70e-01 -1.72e-01 -1.72e-01 -1.72e-01 -1.72e-01 -1.72e-01 -1.72e-01 -1.72e-01 -1.72e-01 -1.72e-01 -1.72e-01 -1.72e-01 -1.70e-01 -1.68e-01 -1.65e-01 -1.60e-01 -1.54e-01 -1.45e-01 -1.34e-01 -1.21e-01 -1.07e-01 -9.12e-02 -7.51e-02 -5.95e-02 -4.52e-02 -3.28e-02 -2.26e-02 -1.49e-02 -9.33e-03 -5.54e-03 -3.06e-03 -1.53e-03 -6.81e-04 -2.66e-04 -8.91e-05 -1.99e-05 1.99e-05 
1.70e-05 -1.70e-05 -3.40e-05 -1.05e-04 -2.98e-04 -7.38e-04 -1.61e-03 -3.14e-03 -5.56e-03 -9.20e-03 -1.44e-02 -2.16e-02 -3.09e-02 -4.22e-02 -5.52e-02 -6.96e-02 -8.45e-02 -9.93e-02 -1.13e-01 -1.26e-01 -1.38e-01 -1.48e-01 -1.56e-01 -1.62e-01 -1.67e-01 -1.71e-01 -1.74e-01 -1.76e-01 -1.77e-01 -1.78e-01 -1.78e-01 -1.78e-01 -1.77e-01 -1.76e-01 -1.74e-01 -1.71e-01 -1.67e-01 -1.62e-01 -1.56e-01 -1.48e-01 -1.38e-01 -1.26e-01 -1.13e-01 -9.93e-02 -8.45e-02 -6.96e-02 -5.52e-02 -4.22e-02 -3.09e-02 -2.16e-02 -1.44e-02 -9.20e-03 -5.56e-03 -3.14e-03 -1.61e-03 -7.38e-04 -2.98e-04 -1.05e-04 -3.17e-05 -6.55e-06 6.55e-06 
4.69e-06 -4.69e-06 -1.03e-05 -3.59e-05 -1.13e-04 -3.12e-04 -7.53e-04 -1.60e-03 -3.05e-03 -5.33e-03 -8.68e-03 -1.34e-02 -1.98e-02 -2.80e-02 -3.79e-02 -4.95e-02 -6.22e-02 -7.56e-02 -8.93e-02 -1.03e-01 -1.15e-01 -1.27e-01 -1.37e-01 -1.46e-01 -1.53e-01 -1.59e-01 -1.64e-01 -1.68e-01 -1.70e-01 -1.72e-01 -1.72e-01 -1.72e-01 -1.70e-01 -1.68e-01 -1.64e-01 -1.59e-01 -1.53e-01 -1.46e-01 -1.37e-01 -1.27e-01 -1.15e-01 -1.03e-01 -8.93e-02 -7.56e-02 -6.22e-02 -4.95e-02 -3.79e-02 -2.80e-02 -1.98e-02 -1.34e-02 -8.68e-03 -5.33e-03 -3.05e-03 -1.60e-03 -7.53e-04 -3.12e-04 -1.13e-04 -3.58e-05 -9.75e-06 -1.86e-06 1.86e-06 
1.12e-06 -1.12e-06 -2.72e-06 -1.07e-05 -3.75e-05 -1.15e-04 -3.08e-04 -7.23e-04 -1.51e-03 -2.83e-03 -4.87e-03 -7.84e-03 -1.20e-02 -1.75e-02 -2.45e-02 -3.31e-02 -4.30e-02 -5.41e-02 -6.60e-02 -7.82e-02 -9.05e-02 -1.02e-01 -1.13e-01 -1.23e-01 -1.32e-01 -1.40e-01 -1.46e-01 -1.51e-01 -1.55e-01 -1.57e-01 -1.57e-01 -1.57e-01 -1.55e-01 -1.51e-01 -1.46e-01 -1.40e-01 -1.32e-01 -1.23e-01 -1.13e-01 -1.02e-01 -9.05e-02 -7.82e-02 -6.60e-02 -5.41e-02 -4.30e-02 -3.31e-02 -2.45e-02 -1.75e-02 -1.20e-02 -7.84e-03 -4.87e-03 -2.83e-03 -1.51e-03 -7.23e-04 -3.08e-04 -1.15e-04 -3.75e-05 -1.06e-05 -2.60e-06 -4.56e-07 4.56e-07 
2.31e-07 -2.31e-07 -6.23e-07 -2.74e-06 -1.08e-05 -3.68e-05 -1.10e-04 -2.87e-04 -6.60e-04 -1.35e-03 -2.52e-03 -4.31e-03 -6.92e-03 -1.05e-02 -1.53e-02 -2.14e-02 -2.88e-02 -3.75e-02 -4.72e-02 -5.78e-02 -6.88e-02 -7.99e-02 -9.07e-02 -1.01e-01 -1.10e-01 -1.19e-01 -1.26e-01 -1.32e-01 -1.36e-01 -1.38e-01 -1.39e-01 -1.38e-01 -1.36e-01 -1.32e-01 -1.26e-01 -1.19e-01 -1.10e-01 -1.01e-01 -9.07e-02 -7.99e-02 -6.88e-02 -5.78e-02 -4.72e-02 -3.75e-02 -2.88e-02 -2.14e-02 -1.53e-02 -1.05e-02 -6.92e-03 -4.31e-03 -2.52e-03 -1.35e-03 -6.60e-04 -2.87e-04 -1.10e-04 -3.68e-05 -1.08e-05 -2.74e-06 -6.01e-07 -9.63e-08 9.63e-08 
4.20e-08 -4.20e-08 -1.26e-07 -6.28e-07 -2.77e-06 -1.07e-05 -3.58e-05 -1.05e-04 -2.71e-04 -6.20e-04 -1.27e-03 -2.37e-03 -4.09e-03 -6.59e-03 -1.00e-02 -1.46e-02 -2.03e-02 -2.73e-02 -3.54e-02 -4.44e-02 -5.42e-02 -6.44e-02 -7.47e-02 -8.48e-02 -9.42e-02 -1.03e-01 -1.10e-01 -1.16e-01 -1.20e-01 -1.23e-01 -1.24e-01 -1.23e-01 -1.20e-01 -1.16e-01 -1.10e-01 -1.03e-01 -9.42e-02 -8.48e-02 -7.47e-02 -6.44e-02 -5.42e-02 -4.44e-02 -3.54e-02 -2.73e-02 -2.03e-02 -1.46e-02 -1.00e-02 -6.59e-03 -4.09e-03 -2.37e-03 -1.27e-03 -6.20e-04 -2.71e-04 -1.05e-04 -3.58e-05 -1.07e-05 -2.77e-06 -6.27e-07 -1.23e-07 -1.79e-08 1.79e-08 
1.26e-08 -1.26e-08 -4.22e-08 -2.34e-07 -1.15e-06 -4.87e-06 -1.80e-05 -5.78e-05 -1.63e-04 -4.04e-04 -8.89e-04 -1.76e-03 -3.18e-03 -5.31e-03 -8.33e-03 -1.24e-02 -1.75e-02 -2.39e-02 -3.13e-02 -3.98e-02 -4.91e-02 -5.89e-02 -6.90e-02 -7.88e-02 -8.82e-02 -9.67e-02 -1.04e-01 -1.10e-01 -1.14e-01 -1.17e-01 -1.18e-01 -1.17e-01 -1.14e-01 -1.10e-01 -1.04e-01 -9.67e-02 -8.82e-02 -7.88e-02 -6.90e-02 -5.89e-02 -4.91e-02 -3.98e-02 -3.13e-02 -2.39e-02 -1.75e-02 -1.24e-02 -8.33e-03 -5.31e-03 -3.18e-03 -1.76e-03 -8.89e-04 -4.04e-04 -1.63e-04 -5.78e-05 -1.80e-05 -4.87e-06 -1.15e-06 -2.34e-07 -4.13e-08 -5.49e-09 5.49e-09 
-1.26e-08 1.26e-08 4.22e-08 2.34e-07 1.15e-06 4.87e-06 1.80e-05 5.78e-05 1.63e-04 4.04e-04 8.89e-04 1.76e-03 3.18e-03 5.31e-03 8.33e-03 1.24e-02 1.75e-02 2.39e-02 3.13e-02 3.98e-02 4.91e-02 5.89e-02 6.90e-02 7.88e-02 8.82e-02 9.67e-02 1.04e-01 1.10e-01 1.14e-01 1.17e-01 1.18e-01 1.17e-01 1.14e-01 1.10e-01 1.04e-01 9.67e-02 8.82e-02 7.88e-02 6.90e-02 5.89e-02 4.91e-02 3.98e-02 3.13e-02 2.39e-02 1.75e-02 1.24e-02 8.33e-03 5.31e-03 3.18e-03 1.76e-03 8.89e-04 4.04e-04 1.63e-04 5.78e-05 1.80e-05 4.87e-06 1.15e-06 2.34e-07 4.13e-08 5.49e-09 -5.49e-09 
