0.00e+00 -0.00e+00 -0.00e+00 -0.00e+00 -0.00e+00 -0.00e+00 -0.00e+00 -0.00e+00 -0.00e+00 -0.00e+00 -0.00e+00 -0.00e+00 -0.00e+00 -0.00e+00 -0.00e+00 -0.00e+00 -0.00e+00 -0.00e+00 -0.00e+00 -0.00e+00 -2.08e-17 -8.54e-16 -1.53e-14 -1.58e-13 -1.05e-12 -4.74e-12 -1.52e-11 -3.57e-11 -6.37e-11 -8.91e-11 -9.94e-11 -8.91e-11 -6.37e-11 -3.57e-11 -1.52e-11 -4.74e-12 -1.05e-12 -1.58e-13 -1.53e-14 -8.54e-16 -2.08e-17 -0.00e+00 -0.00e+00 -0.00e+00 -0.00e+00 -0.00e+00 -0.00e+00 -0.00e+00 -0.00e+00 -0.00e+00 -0.00e+00 -0.00e+00 -0.00e+00 -0.00e+00 -0.00e+00 -0.00e+00 -0.00e+00 -0.00e+00 -0.00e+00 -0.00e+00 0.00e+00 
-0.00e+00 0.00e+00 0.00e+00 0.00e+00 0.00e+00 0.00e+00 0.00e+00 0.00e+00 0.00e+00 0.00e+00 0.00e+00 0.00e+00 0.00e+00 0.00e+00 0.00e+00 0.00e+00 0.00e+00 0.00e+00 0.00e+00 0.00e+00 2.08e-17 8.54e-16 1.53e-14 1.58e-13 1.05e-12 4.74e-12 1.52e-11 3.57e-11 6.37e-11 8.91e-11 9.94e-11 8.91e-11 6.37e-11 3.57e-11 1.52e-11 4.74e-12 1.05e-12 1.58e-13 1.53e-14 8.54e-16 2.08e-17 0.00e+00 0.00e+00 0.00e+00 0.00e+00 0.00e+00 0.00e+00 0.00e+00 0.00e+00 0.00e+00 0.00e+00 0.00e+00 0.00e+00 0.00e+00 0.00e+00 0.00e+00 0.00e+00 0.00e+00 0.00e+00 0.00e+00 -0.00e+00 
-0.00e+00 0.00e+00 0.00e+00 0.00e+00 0.00e+00 0.00e+00 0.00e+00 0.00e+00 0.00e+00 0.00e+00 0.00e+00 0.00e+00 0.00e+00 0.00e+00 0.00e+00 0.00e+00 0.00e+00 0.00e+00 0.00e+00 5.29e-17 2.41e-15 4.84e-14 5.65e-13 4.29e-12 2.25e-11 8.40e-11 2.32e-10 4.90e-10 8.15e-10 1.10e-09 1.21e-09 1.10e-09 8.15e-10 4.90e-10 2.32e-10 8.40e-11 2.25e-11 4.29e-12 5.65e-13 4.84e-14 2.41e-15 5.29e-17 0.00e+00 0.00e+00 0.00e+00 0.00e+00 0.00e+00 0.00e+00 0.00e+00 0.00e+00 0.00e+00 0.00e+00 0.00e+00 0.00e+00 0.00e+00 0.00e+00 0.00e+00 0.00e+00 0.00e+00 0.00e+00 -0.00e+00 
-0.00e+00 0.00e+00 0.00e+00 0.00e+00 0.00e+00 0.00e+00 0.00e+00 0.00e+00 0.00e+00 0.00e+00 0.00e+00 0.00e+00 0.00e+00 0.00e+00 0.00e+00 0.00e+00 0.00e+00 0.00e+00 1.19e-16 5.91e-15 1.30e-13 1.69e-12 1.43e-11 8.44e-11 3.59e-10 1.14e-09 2.75e-09 5.27e-09 8.21e-09 1.06e-08 1.16e-08 1.06e-08 8.21e-09 5.27e-09 2.75e-09 1.14e-09 3.59e-10 8.44e-11 1.43e-11 1.69e-12 1.30e-13 5.91e-15 1.19e-16 0.00e+00 0.00e+00 0.00e+00 0.00e+00 0.00e+00 0.00e+00 0.00e+00 0.00e+00 0.00e+00 0.00e+00 0.00e+00 0.00e+00 0.00e+00 0.00e+00 0.00e+00 0.00e+00 0.00e+00 -0.00e+00 
-0.00e+00 0.00e+00 0.00e+00 0.00e+00 0.00e+00 0.00e+00 0.00e+00 0.00e+00 0.00e+00 0.00e+00 0.00e+00 0.00e+00 0.00e+00 0.00e+00 0.00e+00 0.00e+00 0.00e+00 2.38e-16 1.28e-14 3.08e-13 4.37e-12 4.10e-11 2.69e-10 1.28e-09 4.56e-09 1.25e-08 2.70e-08 4.76e-08 7.03e-08 8.81e-08 9.50e-08 8.81e-08 7.03e-08 4.76e-08 2.70e-08 1.25e-08 4.56e-09 1.28e-09 2.69e-10 4.10e-11 4.37e-12 3.08e-13 1.28e-14 2.38e-16 0.00e+00 0.00e+00 0.00e+00 0.00e+00 0.00e+00 0.00e+00 0.00e+00 0.00e+00 0.00e+00 0.00e+00 0.00e+00 0.00e+00 0.00e+00 0.00e+00 0.00e+00 0.00e+00 -0.00e+00 
-0.00e+00 0.00e+00 0.00e+00 0.00e+00 0.00e+00 0.00e+00 0.00e+00 0.00e+00 0.00e+00 0.00e+00 0.00e+00 0.00e+00 0.00e+00 0.00e+00 0.00e+00 0.00e+00 4.25e-16 2.46e-14 6.40e-13 9.90e-12 1.02e-10 7.35e-10 3.88e-09 1.54e-08 4.68e-08 1.13e-07 2.21e-07 3.64e-07 5.12e-07 6.24e-07 6.67e-07 6.24e-07 5.12e-07 3.64e-07 2.21e-07 1.13e-07 4.68e-08 1.54e-08 3.88e-09 7.35e-10 1.02e-10 9.90e-12 6.40e-13 2.46e-14 4.25e-16 0.00e+00 0.00e+00 0.00e+00 0.00e+00 0.00e+00 0.00e+00 0.00e+00 0.00e+00 0.00e+00 0.00e+00 0.00e+00 0.00e+00 0.00e+00 0.00e+00 0.00e+00 -0.00e+00 
-0.00e+00 0.00e+00 0.00e+00 0.00e+00 0.00e+00 0.00e+00 0.00e+00 0.00e+00 0.00e+00 0.00e+00 0.00e+00 0.00e+00 0.00e+00 0.00e+00 0.00e+00 6.80e-16 4.22e-14 1.18e-12 1.97e-11 2.20e-10 1.74e-09 1.01e-08 4.40e-08 1.48e-07 3.92e-07 8.45e-07 1.52e-06 2.35e-06 3.17e-06 3.78e-06 4.01e-06 3.78e-06 3.17e-06 2.35e-06 1.52e-06 8.45e-07 3.92e-07 1.48e-07 4.40e-08 1.01e-08 1.74e-09 2.20e-10 1.97e-11 1.18e-12 4.22e-14 6.80e-16 0.00e+00 0.00e+00 0.00e+00 0.00e+00 0.00e+00 0.00e+00 0.00e+00 0.00e+00 0.00e+00 0.00e+00 0.00e+00 0.00e+00 0.00e+00 0.00e+00 -0.00e+00 
-0.00e+00 0.00e+00 0.00e+00 0.00e+00 0.00e+00 0.00e+00 0.00e+00 0.00e+00 0.00e+00 0.00e+00 0.00e+00 0.00e+00 0.00e+00 0.00e+00 9.78e-16 6.47e-14 1.94e-12 3.48e-11 4.20e-10 3.60e-09 2.27e-08 1.08e-07 3.98e-07 1.15e-06 2.70e-06 5.27e-06 8.82e-06 1.29e-05 1.68e-05 1.96e-05 2.06e-05 1.96e-05 1.68e-05 1.29e-05 8.82e-06 5.27e-06 2.70e-06 1.15e-06 3.98e-07 1.08e-07 2.27e-08 3.60e-09 4.20e-10 3.48e-11 1.94e-12 6.47e-14 9.78e-16 0.00e+00 0.00e+00 0.00e+00 0.00e+00 0.00e+00 0.00e+00 0.00e+00 0.00e+00 0.00e+00 0.00e+00 0.00e+00 0.00e+00 0.00e+00 -0.00e+00 
-0.00e+00 0.00e+00 0.00e+00 0.00e+00 0.00e+00 0.00e+00 0.00e+00 0.00e+00 0.00e+00 0.00e+00 0.00e+00 0.00e+00 0.00e+00 1.27e-15 8.89e-14 2.84e-12 5.46e-11 7.07e-10 6.53e-09 4.46e-08 2.31e-07 9.22e-07 2.90e-06 7.33e-06 1.54e-05 2.75e-05 4.31e-05 6.01e-05 7.56e-05 8.65e-05 9.04e-05 8.65e-05 7.56e-05 6.01e-05 4.31e-05 2.75e-05 1.54e-05 7.33e-06 2.90e-06 9.22e-07 2.31e-07 4.46e-08 6.53e-09 7.07e-10 5.46e-11 2.84e-12 8.89e-14 1.27e-15 0.00e+00 0.00e+00 0.00e+00 0.00e+00 0.00e+00 0.00e+00 0.00e+00 0.00e+00 0.00e+00 0.00e+00 0.00e+00 0.00e+00 -0.00e+00 
-0.00e+00 0.00e+00 0.00e+00 0.00e+00 0.00e+00 0.00e+00 0.00e+00 0.00e+00 0.00e+00 0.00e+00 0.00e+00 0.00e+00 1.48e-15 1.10e-13 3.72e-12 7.62e-11 1.05e-09 1.05e-08 7.70e-08 4.30e-07 1.85e-06 6.28e-06 1.71e-05 3.82e-05 7.25e-05 1.20e-04 1.77e-04 2.37e-04 2.90e-04 3.27e-04 3.40e-04 3.27e-04 2.90e-04 2.37e-04 1.77e-04 1.20e-04 7.25e-05 3.82e-05 1.71e-05 6.28e-06 1.85e-06 4.30e-07 7.70e-08 1.05e-08 1.05e-09 7.62e-11 3.72e-12 1.10e-13 1.48e-15 0.00e+00 0.00e+00 0.00e+00 0.00e+00 0.00e+00 0.00e+00 0.00e+00 0.00e+00 0.00e+00 0.00e+00 0.00e+00 -0.00e+00 
-0.00e+00 0.00e+00 0.00e+00 0.00e+00 0.00e+00 0.00e+00 0.00e+00 0.00e+00 0.00e+00 0.00e+00 0.00e+00 1.55e-15 1.22e-13 4.37e-12 9.50e-11 1.40e-09 1.48e-08 1.17e-07 7.01e-07 3.25e-06 1.18e-05 3.44e-05 8.17e-05 1.64e-04 2.84e-04 4.40e-04 6.18e-04 7.97e-04 9.51e-04 1.05e-03 1.09e-03 1.05e-03 9.51e-04 7.97e-04 6.18e-04 4.40e-04 2.84e-04 1.64e-04 8.17e-05 3.44e-05 1.18e-05 3.25e-06 7.01e-07 1.17e-07 1.48e-08 1.40e-09 9.50e-11 4.37e-12 1.22e-13 1.55e-15 0.00e+00 0.00e+00 0.00e+00 0.00e+00 0.00e+00 0.00e+00 0.00e+00 0.00e+00 0.00e+00 0.00e+00 -0.00e+00 
-0.00e+00 0.00e+00 0.00e+00 0.00e+00 0.00e+00 0.00e+00 0.00e+00 0.00e+00 0.00e+00 0.00e+00 1.48e-15 1.22e-13 4.61e-12 1.06e-10 1.66e-09 1.87e-08 1.57e-07 1.01e-06 5.00e-06 1.95e-05 6.03e-05 1.52e-04 3.19e-04 5.78e-04 9.31e-04 1.36e-03 1.83e-03 2.29e-03 2.68e-03 2.93e-03 3.02e-03 2.93e-03 2.68e-03 2.29e-03 1.83e-03 1.36e-03 9.31e-04 5.78e-04 3.19e-04 1.52e-04 6.03e-05 1.95e-05 5.00e-06 1.01e-06 1.57e-07 1.87e-08 1.66e-09 1.06e-10 4.61e-12 1.22e-13 1.48e-15 0.00e+00 0.00e+00 0.00e+00 0.00e+00 0.00e+00 0.00e+00 0.00e+00 0.00e+00 0.00e+00 -0.00e+00 
-0.00e+00 0.00e+00 0.00e+00 0.00e+00 0.00e+00 0.00e+00 0.00e+00 0.00e+00 0.00e+00 1.27e-15 1.10e-13 4.36e-12 1.06e-10 1.75e-09 2.09e-08 1.87e-07 1.28e-06 6.77e-06 2.81e-05 9.26e-05 2.46e-04 5.42e-04 1.02e-03 1.70e-03 2.57e-03 3.59e-03 4.67e-03 5.70e-03 6.55e-03 7.11e-03 7.31e-03 7.11e-03 6.55e-03 5.70e-03 4.67e-03 3.59e-03 2.57e-03 1.70e-03 1.02e-03 5.42e-04 2.46e-04 9.26e-05 2.81e-05 6.77e-06 1.28e-06 1.87e-07 2.09e-08 1.75e-09 1.06e-10 4.36e-12 1.10e-13 1.27e-15 0.00e+00 0.00e+00 0.00e+00 0.00e+00 0.00e+00 0.00e+00 0.00e+00 0.00e+00 -0.00e+00 
-0.00e+00 0.00e+00 0.00e+00 0.00e+00 0.00e+00 0.00e+00 0.00e+00 0.00e+00 9.78e-16 8.86e-14 3.70e-12 9.43e-11 1.65e-09 2.08e-08 1.97e-07 1.43e-06 8.07e-06 3.57e-05 1.25e-04 3.50e-04 8.07e-04 1.57e-03 2.70e-03 4.22e-03 6.09e-03 8.22e-03 1.04e-02 1.25e-02 1.42e-02 1.53e-02 1.57e-02 1.53e-02 1.42e-02 1.25e-02 1.04e-02 8.22e-03 6.09e-03 4.22e-03 2.70e-03 1.57e-03 8.07e-04 3.50e-04 1.25e-04 3.57e-05 8.07e-06 1.43e-06 1.97e-07 2.08e-08 1.65e-09 9.43e-11 3.70e-12 8.86e-14 9.78e-16 0.00e+00 0.00e+00 0.00e+00 0.00e+00 0.00e+00 0.00e+00 0.00e+00 -0.00e+00 
-0.00e+00 0.00e+00 0.00e+00 0.00e+00 0.00e+00 0.00e+00 0.00e+00 6.80e-16 6.44e-14 2.81e-12 7.53e-11 1.38e-09 1.84e-08 1.84e-07 1.42e-06 8.49e-06 3.98e-05 1.48e-04 4.39e-04 1.06e-03 2.14e-03 3.79e-03 6.09e-03 9.09e-03 1.27e-02 1.68e-02 2.09e-02 2.48e-02 2.79e-02 3.00e-02 3.07e-02 3.00e-02 2.79e-02 2.48e-02 2.09e-02 1.68e-02 1.27e-02 9.09e-03 6.09e-03 3.79e-03 2.14e-03 1.06e-03 4.39e-04 1.48e-04 3.98e-05 8.49e-06 1.42e-06 1.84e-07 1.84e-08 1.38e-09 7.53e-11 2.81e-12 6.44e-14 6.80e-16 0.00e+00 0.00e+00 0.00e+00 0.00e+00 0.00e+00 0.00e+00 -0.00e+00 
-0.00e+00 0.00e+00 0.00e+00 0.00e+00 0.00e+00 0.00e+00 4.25e-16 4.19e-14 1.91e-12 5.36e-11 1.03e-09 1.45e-08 1.53e-07 1.24e-06 7.88e-06 3.92e-05 1.54e-04 4.84e-04 1.23e-03 2.58e-03 4.72e-03 7.82e-03 1.21e-02 1.76e-02 2.41e-02 3.13e-02 3.85e-02 4.52e-02 5.05e-02 5.40e-02 5.52e-02 5.40e-02 5.05e-02 4.52e-02 3.85e-02 3.13e-02 2.41e-02 1.76e-02 1.21e-02 7.82e-03 4.72e-03 2.58e-03 1.23e-03 4.84e-04 1.54e-04 3.92e-05 7.88e-06 1.24e-06 1.53e-07 1.45e-08 1.03e-09 5.36e-11 1.91e-12 4.19e-14 4.25e-16 0.00e+00 0.00e+00 0.00e+00 0.00e+00 0.00e+00 -0.00e+00 
-0.00e+00 0.00e+00 0.00e+00 0.00e+00 0.00e+00 2.38e-16 2.44e-14 1.16e-12 3.40e-11 6.86e-10 1.01e-08 1.12e-07 9.63e-07 6.45e-06 3.40e-05 1.42e-04 4.72e-04 1.26e-03 2.78e-03 5.26e-03 9.02e-03 1.45e-02 2.20e-02 3.13e-02 4.22e-02 5.40e-02 6.56e-02 7.61e-02 8.43e-02 8.97e-02 9.15e-02 8.97e-02 8.43e-02 7.61e-02 6.56e-02 5.40e-02 4.22e-02 3.13e-02 2.20e-02 1.45e-02 9.02e-03 5.26e-03 2.78e-03 1.26e-03 4.72e-04 1.42e-04 3.40e-05 6.45e-06 9.63e-07 1.12e-07 1.01e-08 6.86e-10 3.40e-11 1.16e-12 2.44e-14 2.38e-16 0.00e+00 0.00e+00 0.00e+00 0.00e+00 -0.00e+00 
-0.00e+00 0.00e+00 0.00e+00 0.00e+00 1.19e-16 1.27e-14 6.28e-13 1.92e-11 4.04e-10 6.23e-09 7.28e-08 6.57e-07 4.65e-06 2.60e-05 1.15e-04 4.06e-04 1.15e-03 2.67e-03 5.27e-03 9.40e-03 1.57e-02 2.49e-02 3.70e-02 5.18e-02 6.85e-02 8.59e-02 1.03e-01 1.18e-01 1.29e-01 1.37e-01 1.39e-01 1.37e-01 1.29e-01 1.18e-01 1.03e-01 8.59e-02 6.85e-02 5.18e-02 3.70e-02 2.49e-02 1.57e-02 9.40e-03 5.27e-03 2.67e-03 1.15e-03 4.06e-04 1.15e-04 2.60e-05 4.65e-06 6.57e-07 7.28e-08 6.23e-09 4.04e-10 1.92e-11 6.28e-13 1.27e-14 1.19e-16 0.00e+00 0.00e+00 0.00e+00 -0.00e+00 
-0.00e+00 0.00e+00 0.00e+00 5.29e-17 5.85e-15 3.01e-13 9.56e-12 2.10e-10 3.39e-09 4.15e-08 3.94e-07 2.94e-06 1.74e-05 8.19e-05 3.07e-04 9.27e-04 2.28e-03 4.77e-03 8.89e-03 1.56e-02 2.57e-02 3.98e-02 5.77e-02 7.89e-02 1.02e-01 1.26e-01 1.48e-01 1.67e-01 1.82e-01 1.91e-01 1.94e-01 1.91e-01 1.82e-01 1.67e-01 1.48e-01 1.26e-01 1.02e-01 7.89e-02 5.77e-02 3.98e-02 2.57e-02 1.56e-02 8.89e-03 4.77e-03 2.28e-03 9.27e-04 3.07e-04 8.19e-05 1.74e-05 2.94e-06 3.94e-07 4.15e-08 3.39e-09 2.10e-10 9.56e-12 3.01e-13 5.85e-15 5.29e-17 0.00e+00 0.00e+00 -0.00e+00 
-0.00e+00 0.00e+00 2.08e-17 2.38e-15 1.27e-13 4.19e-12 9.59e-11 1.62e-09 2.07e-08 2.07e-07 1.63e-06 1.02e-05 5.11e-05 2.05e-04 6.61e-04 1.74e-03 3.88e-03 7.64e-03 1.40e-02 2.42e-02 3.90e-02 5.86e-02 8.28e-02 1.11e-01 1.40e-01 1.69e-01 1.96e-01 2.18e-01 2.35e-01 2.46e-01 2.49e-01 2.46e-01 2.35e-01 2.18e-01 1.96e-01 1.69e-01 1.40e-01 1.11e-01 8.28e-02 5.86e-02 3.90e-02 2.42e-02 1.40e-02 7.64e-03 3.88e-03 1.74e-03 6.61e-04 2.05e-04 5.11e-05 1.02e-05 1.63e-06 2.07e-07 2.07e-08 1.62e-09 9.59e-11 4.19e-12 1.27e-13 2.38e-15 2.08e-17 0.00e+00 -0.00e+00 
-1.43e-17 1.43e-17 8.47e-16 4.68e-14 1.60e-12 3.82e-11 6.71e-10 9.02e-09 9.46e-08 7.86e-07 5.21e-06 2.78e-05 1.19e-04 4.15e-04 1.18e-03 2.83e-03 5.93e-03 1.14e-02 2.06e-02 3.47e-02 5.42e-02 7.96e-02 1.10e-01 1.43e-01 1.78e-01 2.10e-01 2.39e-01 2.64e-01 2.81e-01 2.93e-01 2.96e-01 2.93e-01 2.81e-01 2.64e-01 2.39e-01 2.10e-01 1.78e-01 1.43e-01 1.10e-01 7.96e-02 5.42e-02 3.47e-02 2.06e-02 1.14e-02 5.93e-03 2.83e-03 1.18e-03 4.15e-04 1.19e-04 2.78e-05 5.21e-06 7.86e-07 9.46e-08 9.02e-09 6.71e-10 3.82e-11 1.60e-12 4.68e-14 8.47e-16 7.17e-18 -7.17e-18 
-5.24e-16 5.24e-16 1.50e-14 5.32e-13 1.32e-11 2.41e-10 3.39e-09 3.73e-08 3.27e-07 2.30e-06 1.31e-05 6.04e-05 2.27e-04 7.05e-04 1.84e-03 4.14e-03 8.41e-03 1.59e-02 2.80e-02 4.58e-02 7.01e-02 1.01e-01 1.35e-01 1.72e-01 2.09e-01 2.43e-01 2.72e-01 2.96e-01 3.14e-01 3.25e-01 3.29e-01 3.25e-01 3.14e-01 2.96e-01 2.72e-01 2.43e-01 2.09e-01 1.72e-01 1.35e-01 1.01e-01 7.01e-02 4.58e-02 2.80e-02 1.59e-02 8.41e-03 4.14e-03 1.84e-03 7.05e-04 2.27e-04 6.04e-05 1.31e-05 2.30e-06 3.27e-07 3.73e-08 3.39e-09 2.41e-10 1.32e-11 5.32e-13 1.50e-14 2.60e-16 -2.60e-16 
-8.21e-15 8.21e-15 1.51e-13 3.88e-12 7.40e-11 1.09e-09 1.26e-08 1.16e-07 8.71e-07 5.30e-06 2.64e-05 1.08e-04 3.67e-04 1.05e-03 2.56e-03 5.56e-03 1.10e-02 2.04e-02 3.52e-02 5.64e-02 8.42e-02 1.18e-01 1.54e-01 1.92e-01 2.28e-01 2.61e-01 2.90e-01 3.13e-01 3.32e-01 3.43e-01 3.47e-01 3.43e-01 3.32e-01 3.13e-01 2.90e-01 2.61e-01 2.28e-01 1.92e-01 1.54e-01 1.18e-01 8.42e-02 5.64e-02 3.52e-02 2.04e-02 1.10e-02 5.56e-03 2.56e-03 1.05e-03 3.67e-04 1.08e-04 2.64e-05 5.30e-06 8.71e-07 1.16e-07 1.26e-08 1.09e-09 7.40e-11 3.88e-12 1.51e-13 4.04e-15 -4.04e-15 
-7.23e-14 7.23e-14 9.64e-13 1.91e-11 2.94e-10 3.57e-09 3.50e-08 2.79e-07 1.83e-06 9.87e-06 4.42e-05 1.65e-04 5.18e-04 1.39e-03 3.26e-03 6.88e-03 1.34e-02 2.43e-02 4.10e-02 6.42e-02 9.37e-02 1.28e-01 1.65e-01 2.01e-01 2.34e-01 2.65e-01 2.93e-01 3.18e-01 3.38e-01 3.53e-01 3.59e-01 3.53e-01 3.38e-01 3.18e-01 2.93e-01 2.65e-01 2.34e-01 2.01e-01 1.65e-01 1.28e-01 9.37e-02 6.42e-02 4.10e-02 2.43e-02 1.34e-02 6.88e-03 3.26e-03 1.39e-03 5.18e-04 1.65e-04 4.42e-05 9.87e-06 1.83e-06 2.79e-07 3.50e-08 3.57e-09 2.94e-10 1.91e-11 9.63e-13 3.52e-14 -3.52e-14 
-3.95e-13 3.95e-13 4.09e-12 6.57e-11 8.42e-10 8.76e-09 7.47e-08 5.28e-07 3.10e-06 1.52e-05 6.29e-05 2.19e-04 6.49e-04 1.67e-03 3.79e-03 7.84e-03 1.50e-02 2.68e-02 4.42e-02 6.78e-02 9.70e-02 1.30e-01 1.63e-01 1.96e-01 2.27e-01 2.56e-01 2.85e-01 3.14e-01 3.42e-01 3.65e-01 3.74e-01 3.65e-01 3.42e-01 3.14e-01 2.85e-01 2.56e-01 2.27e-01 1.96e-01 1.63e-01 1.30e-01 9.70e-02 6.78e-02 4.42e-02 2.68e-02 1.50e-02 7.84e-03 3.79e-03 1.67e-03 6.49e-04 2.19e-04 6.29e-05 1.52e-05 3.10e-06 5.28e-07 7.47e-08 8.76e-09 8.42e-10 6.57e-11 4.08e-12 1.90e-13 -1.90e-13 
-1.40e-12 1.40e-12 1.18e-11 1.60e-10 1.78e-09 1.63e-08 1.25e-07 8.03e-07 4.35e-06 1.99e-05 7.72e-05 2.55e-04 7.26e-04 1.80e-03 4.02e-03 8.18e-03 1.54e-02 2.70e-02 4.39e-02 6.62e-02 9.28e-02 1.22e-01 1.51e-01 1.80e-01 2.07e-01 2.36e-01 2.69e-01 3.08e-01 3.52e-01 3.91e-01 4.09e-01 3.91e-01 3.52e-01 3.08e-01 2.69e-01 2.36e-01 2.07e-01 1.80e-01 1.51e-01 1.22e-01 9.28e-02 6.62e-02 4.39e-02 2.70e-02 1.54e-02 8.18e-03 4.02e-03 1.80e-03 7.26e-04 2.55e-04 7.72e-05 1.99e-05 4.35e-06 8.03e-07 1.25e-07 1.63e-08 1.78e-09 1.60e-10 1.18e-11 6.67e-13 -6.67e-13 
-3.28e-12 3.28e-12 2.38e-11 2.82e-10 2.80e-09 2.34e-08 1.66e-07 9.96e-07 5.09e-06 2.21e-05 8.19e-05 2.61e-04 7.19e-04 1.75e-03 3.82e-03 7.68e-03 1.43e-02 2.48e-02 3.97e-02 5.88e-02 8.13e-02 1.05e-01 1.29e-01 1.53e-01 1.78e-01 2.07e-01 2.46e-01 2.99e-01 3.69e-01 4.44e-01 4.87e-01 4.44e-01 3.69e-01 2.99e-01 2.46e-01 2.07e-01 1.78e-01 1.53e-01 1.29e-01 1.05e-01 8.13e-02 5.88e-02 3.97e-02 2.48e-02 1.43e-02 7.68e-03 3.82e-03 1.75e-03 7.19e-04 2.61e-04 8.19e-05 2.21e-05 5.09e-06 9.96e-07 1.66e-07 2.34e-08 2.80e-09 2.82e-10 2.37e-11 1.55e-12 -1.55e-12 
-5.11e-12 5.11e-12 3.31e-11 3.58e-10 3.30e-09 2.59e-08 1.74e-07 9.95e-07 4.87e-06 2.04e-05 7.32e-05 2.27e-04 6.12e-04 1.46e-03 3.17e-03 6.31e-03 1.17e-02 1.99e-02 3.15e-02 4.63e-02 6.33e-02 8.11e-02 9.90e-02 1.17e-01 1.38e-01 1.66e-01 2.10e-01 2.79e-01 3.88e-01 5.36e-01 6.60e-01 5.36e-01 3.88e-01 2.79e-01 2.10e-01 1.66e-01 1.38e-01 1.17e-01 9.90e-02 8.11e-02 6.33e-02 4.63e-02 3.15e-02 1.99e-02 1.17e-02 6.31e-03 3.17e-03 1.46e-03 6.12e-04 2.27e-04 7.32e-05 2.04e-05 4.87e-06 9.95e-07 1.74e-07 2.59e-08 3.30e-09 3.58e-10 3.29e-11 2.39e-12 -2.39e-12 
-5.01e-12 5.01e-12 3.04e-11 3.11e-10 2.73e-09 2.06e-08 1.33e-07 7.41e-07 3.53e-06 1.44e-05 5.08e-05 1.55e-04 4.13e-04 9.77e-04 2.10e-03 4.15e-03 7.61e-03 1.29e-02 2.03e-02 2.95e-02 4.01e-02 5.12e-02 6.23e-02 7.41e-02 8.88e-02 1.11e-01 1.50e-01 2.25e-01 3.74e-01 6.61e-01 1.09e+00 6.61e-01 3.74e-01 2.25e-01 1.50e-01 1.11e-01 8.88e-02 7.41e-02 6.23e-02 5.12e-02 4.01e-02 2.95e-02 2.03e-02 1.29e-02 7.61e-03 4.15e-03 2.10e-03 9.77e-04 4.13e-04 1.55e-04 5.08e-05 1.44e-05 3.53e-06 7.41e-07 1.33e-07 2.06e-08 2.73e-09 3.11e-10 3.02e-11 2.33e-12 -2.33e-12 
-2.12e-12 2.12e-12 1.25e-11 1.24e-10 1.07e-09 7.89e-09 5.02e-08 2.75e-07 1.29e-06 5.22e-06 1.82e-05 5.50e-05 1.46e-04 3.43e-04 7.34e-04 1.45e-03 2.65e-03 4.47e-03 6.99e-03 1.02e-02 1.38e-02 1.74e-02 2.12e-02 2.54e-02 3.08e-02 4.00e-02 5.82e-02 1.01e-01 2.25e-01 6.51e-01 2.37e+00 6.51e-01 2.25e-01 1.01e-01 5.82e-02 4.00e-02 3.08e-02 2.54e-02 2.12e-02 1.74e-02 1.38e-02 1.02e-02 6.99e-03 4.47e-03 2.65e-03 1.45e-03 7.34e-04 3.43e-04 1.46e-04 5.50e-05 1.82e-05 5.22e-06 1.29e-06 2.75e-07 5.02e-08 7.89e-09 1.07e-09 1.24e-10 1.24e-11 9.83e-13 -9.83e-13 
2.12e-12 -2.12e-12 -1.25e-11 -1.24e-10 -1.07e-09 -7.89e-09 -5.02e-08 -2.75e-07 -1.29e-06 -5.22e-06 -1.82e-05 -5.50e-05 -1.46e-04 -3.43e-04 -7.34e-04 -1.45e-03 -2.65e-03 -4.47e-03 -6.99e-03 -1.02e-02 -1.38e-02 -1.74e-02 -2.12e-02 -2.54e-02 -3.08e-02 -4.00e-02 -5.82e-02 -1.01e-01 -2.25e-01 -6.51e-01 -2.37e+00 -6.51e-01 -2.25e-01 -1.01e-01 -5.82e-02 -4.00e-02 -3.08e-02 -2.54e-02 -2.12e-02 -1.74e-02 -1.38e-02 -1.02e-02 -6.99e-03 -4.47e-03 -2.65e-03 -1.45e-03 -7.34e-04 -3.43e-04 -1.46e-04 -5.50e-05 -1.82e-05 -5.22e-06 -1.29e-06 -2.75e-07 -5.02e-08 -7.89e-09 -1.07e-09 -1.24e-10 -1.24e-11 -9.83e-13 9.83e-13 
5.01e-12 -5.01e-12 -3.04e-11 -3.11e-10 -2.73e-09 -2.06e-08 -1.33e-07 -7.41e-07 -3.53e-06 -1.44e-05 -5.08e-05 -1.55e-04 -4.13e-04 -9.77e-04 -2.10e-03 -4.15e-03 -7.61e-03 -1.29e-02 -2.03e-02 -2.95e-02 -4.01e-02 -5.12e-02 -6.23e-02 -7.41e-02 -8.88e-02 -1.11e-01 -1.50e-01 -2.25e-01 -3.74e-01 -6.61e-01 -1.09e+00 -6.61e-01 -3.74e-01 -2.25e-01 -1.50e-01 -1.11e-01 -8.88e-02 -7.41e-02 -6.23e-02 -5.12e-02 -4.01e-02 -2.95e-02 -2.03e-02 -1.29e-02 -7.61e-03 -4.15e-03 -2.10e-03 -9.77e-04 -4.13e-04 -1.55e-04 -5.08e-05 -1.44e-05 -3.53e-06 -7.41e-07 -1.33e-07 -2.06e-08 -2.73e-09 -3.11e-10 -3.02e-11 -2.33e-12 2.33e-12 
5.11e-12 -5.11e-12 -3.31e-11 -3.58e-10 -3.30e-09 -2.59e-08 -1.74e-07 -9.95e-07 -4.87e-06 -2.04e-05 -7.32e-05 -2.27e-04 -6.12e-04 -1.46e-03 -3.17e-03 -6.31e-03 -1.17e-02 -1.99e-02 -3.15e-02 -4.63e-02 -6.33e-02 -8.11e-02 -9.90e-02 -1.17e-01 -1.38e-01 -1.66e-01 -2.10e-01 -2.79e-01 -3.88e-01 -5.36e-01 -6.60e-01 -5.36e-01 -3.88e-01 -2.79e-01 -2.10e-01 -1.66e-01 -1.38e-01 -1.17e-01 -9.90e-02 -8.11e-02 -6.33e-02 -4.63e-02 -3.15e-02 -1.99e-02 -1.17e-02 -6.31e-03 -3.17e-03 -1.46e-03 -6.12e-04 -2.27e-04 -7.32e-05 -2.04e-05 -4.87e-06 -9.95e-07 -1.74e-07 -2.59e-08 -3.30e-09 -3.58e-10 -3.29e-11 -2.39e-12 2.39e-12 
3.28e-12 -3.28e-12 -2.38e-11 -2.82e-10 -2.80e-09 -2.34e-08 -1.66e-07 -9.96e-07 -5.09e-06 -2.21e-05 -8.19e-05 -2.61e-04 -7.19e-04 -1.75e-03 -3.82e-03 -7.68e-03 -1.43e-02 -2.48e-02 -3.97e-02 -5.88e-02 -8.13e-02 -1.05e-01 -1.29e-01 -1.53e-01 -1.78e-01 -2.07e-01 -2.46e-01 -2.99e-01 -3.69e-01 -4.44e-01 -4.87e-01 -4.44e-01 -3.69e-01 -2.99e-01 -2.46e-01 -2.07e-01 -1.78e-01 -1.53e-01 -1.29e-01 -1.05e-01 -8.13e-02 -5.88e-02 -3.97e-02 -2.48e-02 -1.43e-02 -7.68e-03 -3.82e-03 -1.75e-03 -7.19e-04 -2.61e-04 -8.19e-05 -2.21e-05 -5.09e-06 -9.96e-07 -1.66e-07 -2.34e-08 -2.80e-09 -2.82e-10 -2.37e-11 -1.55e-12 1.55e-12 
1.40e-12 -1.40e-12 -1.18e-11 -1.60e-10 -1.78e-09 -1.63e-08 -1.25e-07 -8.03e-07 -4.35e-06 -1.99e-05 -7.72e-05 -2.55e-04 -7.26e-04 -1.80e-03 -4.02e-03 -8.18e-03 -1.54e-02 -2.70e-02 -4.39e-02 -6.62e-02 -9.28e-02 -1.22e-01 -1.51e-01 -1.80e-01 -2.07e-01 -2.36e-01 -2.69e-01 -3.08e-01 -3.52e-01 -3.91e-01 -4.09e-01 -3.91e-01 -3.52e-01 -3.08e-01 -2.69e-01 -2.36e-01 -2.07e-01 -1.80e-01 -1.51e-01 -1.22e-01 -9.28e-02 -6.62e-02 -4.39e-02 -2.70e-02 -1.54e-02 -8.18e-03 -4.02e-03 -1.80e-03 -7.26e-04 -2.55e-04 -7.72e-05 -1.99e-05 -4.35e-06 -8.03e-07 -1.25e-07 -1.63e-08 -1.78e-09 -1.60e-10 -1.18e-11 -6.67e-13 6.67e-13 
3.95e-13 -3.95e-13 -4.09e-12 -6.57e-11 -8.42e-10 -8.76e-09 -7.47e-08 -5.28e-07 -3.10e-06 -1.52e-05 -6.29e-05 -2.19e-04 -6.49e-04 -1.67e-03 -3.79e-03 -7.84e-03 -1.50e-02 -2.68e-02 -4.42e-02 -6.78e-02 -9.70e-02 -1.30e-01 -1.63e-01 -1.96e-01 -2.27e-01 -2.56e-01 -2.85e-01 -3.14e-01 -3.42e-01 -3.65e-01 -3.74e-01 -3.65e-01 -3.42e-01 -3.14e-01 -2.85e-01 -2.56e-01 -2.27e-01 -1.96e-01 -1.63e-01 -1.30e-01 -9.70e-02 -6.78e-02 -4.42e-02 -2.68e-02 -1.50e-02 -7.84e-03 -3.79e-03 -1.67e-03 -6.49e-04 -2.19e-04 -6.29e-05 -1.52e-05 -3.10e-06 -5.28e-07 -7.47e-08 -8.76e-09 -8.42e-10 -6.57e-11 -4.08e-12 -1.90e-13 1.90e-13 
7.23e-14 -7.23e-14 -9.64e-13 -1.91e-11 -2.94e-10 -3.57e-09 -3.50e-08 -2.79e-07 -1.83e-06 -9.87e-06 -4.42e-05 -1.65e-04 -5.18e-04 -1.39e-03 -3.26e-03 -6.88e-03 -1.34e-02 -2.43e-02 -4.10e-02 -6.42e-02 -9.37e-02 -1.28e-01 -1.65e-01 -2.01e-01 -2.34e-01 -2.65e-01 -2.93e-01 -3.18e-01 -3.38e-01 -3.53e-01 -3.59e-01 -3.53e-01 -3.38e-01 -3.18e-01 -2.93e-01 -2.65e-01 -2.34e-01 -2.01e-01 -1.65e-01 -1.28e-01 -9.37e-02 -6.42e-02 -4.10e-02 -2.43e-02 -1.34e-02 -6.88e-03 -3.26e-03 -1.39e-03 -5.18e-04 -1.65e-04 -4.42e-05 -9.87e-06 -1.83e-06 -2.79e-07 -3.50e-08 -3.57e-09 -2.94e-10 -1.91e-11 -9.63e-13 -3.52e-14 3.52e-14 
8.21e-15 -8.21e-15 -1.51e-13 -3.88e-12 -7.40e-11 -1.09e-09 -1.26e-08 -1.16e-07 -8.71e-07 -5.30e-06 -2.64e-05 -1.08e-04 -3.67e-04 -1.05e-03 -2.56e-03 -5.56e-03 -1.10e-02 -2.04e-02 -3.52e-02 -5.64e-02 -8.42e-02 -1.18e-01 -1.54e-01 -1.92e-01 -2.28e-01 -2.61e-01 -2.90e-01 -3.13e-01 -3.32e-01 -3.43e-01 -3.47e-01 -3.43e-01 -3.32e-01 -3.13e-01 -2.90e-01 -2.61e-01 -2.28e-01 -1.92e-01 -1.54e-01 -1.18e-01 -8.42e-02 -5.64e-02 -3.52e-02 -2.04e-02 -1.10e-02 -5.56e-03 -2.56e-03 -1.05e-03 -3.67e-04 -1.08e-04 -2.64e-05 -5.30e-06 -8.71e-07 -1.16e-07 -1.26e-08 -1.09e-09 -7.40e-11 -3.88e-12 -1.51e-13 -4.04e-15 4.04e-15 
5.24e-16 -5.24e-16 -1.50e-14 -5.32e-13 -1.32e-11 -2.41e-10 -3.39e-09 -3.73e-08 -3.27e-07 -2.30e-06 -1.31e-05 -6.04e-05 -2.27e-04 -7.05e-04 -1.84e-03 -4.14e-03 -8.41e-03 -1.59e-02 -2.80e-02 -4.58e-02 -7.01e-02 -1.01e-01 -1.35e-01 -1.72e-01 -2.09e-01 -2.43e-01 -2.72e-01 -2.96e-01 -3.14e-01 -3.25e-01 -3.29e-01 -3.25e-01 -3.14e-01 -2.96e-01 -2.72e-01 -2.43e-01 -2.09e-01 -1.72e-01 -1.35e-01 -1.01e-01 -7.01e-02 -4.58e-02 -2.80e-02 -1.59e-02 -8.41e-03 -4.14e-03 -1.84e-03 -7.05e-04 -2.27e-04 -6.04e-05 -1.31e-05 -2.30e-06 -3.27e-07 -3.73e-08 -3.39e-09 -2.41e-10 -1.32e-11 -5.32e-13 -1.50e-14 -2.60e-16 2.60e-16 
1.43e-17 -1.43e-17 -8.47e-16 -4.68e-14 -1.60e-12 -3.82e-11 -6.71e-10 -9.02e-09 -9.46e-08 -7.86e-07 -5.21e-06 -2.78e-05 -1.19e-04 -4.15e-04 -1.18e-03 -2.83e-03 -5.93e-03 -1.14e-02 -2.06e-02 -3.47e-02 -5.42e-02 -7.96e-02 -1.10e-01 -1.43e-01 -1.78e-01 -2.10e-01 -2.39e-01 -2.64e-01 -2.81e-01 -2.93e-01 -2.96e-01 -2.93e-01 -2.81e-01 -2.64e-01 -2.39e-01 -2.10e-01 -1.78e-01 -1.43e-01 -1.10e-01 -7.96e-02 -5.42e-02 -3.47e-02 -2.06e-02 -1.14e-02 -5.93e-03 -2.83e-03 -1.18e-03 -4.15e-04 -1.19e-04 -2.78e-05 -5.21e-06 -7.86e-07 -9.46e-08 -9.02e-09 -6.71e-10 -3.82e-11 -1.60e-12 -4.68e-14 -8.47e-16 -7.17e-18 7.17e-18 
-0.00e+00 0.00e+00 -2.08e-17 -2.38e-15 -1.27e-13 -4.19e-12 -9.59e-11 -1.62e-09 -2.07e-08 -2.07e-07 -1.63e-06 -1.02e-05 -5.11e-05 -2.05e-04 -6.61e-04 -1.74e-03 -3.88e-03 -7.64e-03 -1.40e-02 -2.42e-02 -3.90e-02 -5.86e-02 -8.28e-02 -1.11e-01 -1.40e-01 -1.69e-01 -1.96e-01 -2.18e-01 -2.35e-01 -2.46e-01 -2.49e-01 -2.46e-01 -2.35e-01 -2.18e-01 -1.96e-01 -1.69e-01 -1.40e-01 -1.11e-01 -8.28e-02 -5.86e-02 -3.90e-02 -2.42e-02 -1.40e-02 -7.64e-03 -3.88e-03 -1.74e-03 -6.61e-04 -2.05e-04 -5.11e-05 -1.02e-05 -1.63e-06 -2.07e-07 -2.07e-08 -1.62e-09 -9.59e-11 -4.19e-12 -1.27e-13 -2.38e-15 -2.08e-17 0.00e+00 -0.00e+00 
-0.00e+00 0.00e+00 0.00e+00 -5.29e-17 -5.85e-15 -3.01e-13 -9.56e-12 -2.10e-10 -3.39e-09 -4.15e-08 -3.94e-07 -2.94e-06 -1.74e-05 -8.19e-05 -3.07e-04 -9.27e-04 -2.28e-03 -4.77e-03 -8.89e-03 -1.56e-02 -2.57e-02 -3.98e-02 -5.77e-02 -7.89e-02 -1.02e-01 -1.26e-01 -1.48e-01 -1.67e-01 -1.82e-01 -1.91e-01 -1.94e-01 -1.91e-01 -1.82e-01 -1.67e-01 -1.48e-01 -1.26e-01 -1.02e-01 -7.89e-02 -5.77e-02 -3.98e-02 -2.57e-02 -1.56e-02 -8.89e-03 -4.77e-03 -2.28e-03 -9.27e-04 -3.07e-04 -8.19e-05 -1.74e-05 -2.94e-06 -3.94e-07 -4.15e-08 -3.39e-09 -2.10e-10 -9.56e-12 -3.01e-13 -5.85e-15 -5.29e-17 0.00e+00 0.00e+00 -0.00e+00 
-0.00e+00 0.00e+00 0.00e+00 0.00e+00 -1.19e-16 -1.27e-14 -6.28e-13 -1.92e-11 -4.04e-10 -6.23e-09 -7.28e-08 -6.57e-07 -4.65e-06 -2.60e-05 -1.15e-04 -4.06e-04 -1.15e-03 -2.67e-03 -5.27e-03 -9.40e-03 -1.57e-02 -2.49e-02 -3.70e-02 -5.18e-02 -6.85e-02 -8.59e-02 -1.03e-01 -1.18e-01 -1.29e-01 -1.37e-01 -1.39e-01 -1.37e-01 -1.29e-01 -1.18e-01 -1.03e-01 -8.59e-02 -6.85e-02 -5.18e-02 -3.70e-02 -2.49e-02 -1.57e-02 -9.40e-03 -5.27e-03 -2.67e-03 -1.15e-03 -4.06e-04 -1.15e-04 -2.60e-05 -4.65e-06 -6.57e-07 -7.28e-08 -6.23e-09 -4.04e-10 -1.92e-11 -6.28e-13 -1.27e-14 -1.19e-16 0.00e+00 0.00e+00 0.00e+00 -0.00e+00 
-0.00e+00 0.00e+00 0.00e+00 0.00e+00 0.00e+00 -2.38e-16 -2.44e-14 -1.16e-12 -3.40e-11 -6.86e-10 -1.01e-08 -1.12e-07 -9.63e-07 -6.45e-06 -3.40e-05 -1.42e-04 -4.72e-04 -1.26e-03 -2.78e-03 -5.26e-03 -9.02e-03 -1.45e-02 -2.20e-02 -3.13e-02 -4.22e-02 -5.40e-02 -6.56e-02 -7.61e-02 -8.43e-02 -8.97e-02 -9.15e-02 -8.97e-02 -8.43e-02 -7.61e-02 -6.56e-02 -5.40e-02 -4.22e-02 -3.13e-02 -2.20e-02 -1.45e-02 -9.02e-03 -5.26e-03 -2.78e-03 -1.26e-03 -4.72e-04 -1.42e-04 -3.40e-05 -6.45e-06 -9.63e-07 -1.12e-07 -1.01e-08 -6.86e-10 -3.40e-11 -1.16e-12 -2.44e-14 -2.38e-16 0.00e+00 0.00e+00 0.00e+00 0.00e+00 -0.00e+00 
-0.00e+00 0.00e+00 0.00e+00 0.00e+00 0.00e+00 0.00e+00 -4.25e-16 -4.19e-14 -1.91e-12 -5.36e-11 -1.03e-09 -1.45e-08 -1.53e-07 -1.24e-06 -7.88e-06 -3.92e-05 -1.54e-04 -4.84e-04 -1.23e-03 -2.58e-03 -4.72e-03 -7.82e-03 -1.21e-02 -1.76e-02 -2.41e-02 -3.13e-02 -3.85e-02 -4.52e-02 -5.05e-02 -5.40e-02 -5.52e-02 -5.40e-02 -5.05e-02 -4.52e-02 -3.85e-02 -3.13e-02 -2.41e-02 -1.76e-02 -1.21e-02 -7.82e-03 -4.72e-03 -2.58e-03 -1.23e-03 -4.84e-04 -1.54e-04 -3.92e-05 -7.88e-06 -1.24e-06 -1.53e-07 -1.45e-08 -1.03e-09 -5.36e-11 -1.91e-12 -4.19e-14 -4.25e-16 0.00e+00 0.00e+00 0.00e+00 0.00e+00 0.00e+00 -0.00e+00 
-0.00e+00 0.00e+00 0.00e+00 0.00e+00 0.00e+00 0.00e+00 0.00e+00 -6.80e-16 -6.44e-14 -2.81e-12 -7.53e-11 -1.38e-09 -1.84e-08 -1.84e-07 -1.42e-06 -8.49e-06 -3.98e-05 -1.48e-04 -4.39e-04 -1.06e-03 -2.14e-03 -3.79e-03 -6.09e-03 -9.09e-03 -1.27e-02 -1.68e-02 -2.09e-02 -2.48e-02 -2.79e-02 -3.00e-02 -3.07e-02 -3.00e-02 -2.79e-02 -2.48e-02 -2.09e-02 -1.68e-02 -1.27e-02 -9.09e-03 -6.09e-03 -3.79e-03 -2.14e-03 -1.06e-03 -4.39e-04 -1.48e-04 -3.98e-05 -8.49e-06 -1.42e-06 -1.84e-07 -1.84e-08 -1.38e-09 -7.53e-11 -2.81e-12 -6.44e-14 -6.80e-16 0.00e+00 0.00e+00 0.00e+00 0.00e+00 0.00e+00 0.00e+00 -0.00e+00 
-0.00e+00 0.00e+00 0.00e+00 0.00e+00 0.00e+00 0.00e+00 0.00e+00 0.00e+00 -9.78e-16 -8.86e-14 -3.70e-12 -9.43e-11 -1.65e-09 -2.08e-08 -1.97e-07 -1.43e-06 -8.07e-06 -3.57e-05 -1.25e-04 -3.50e-04 -8.07e-04 -1.57e-03 -2.70e-03 -4.22e-03 -6.09e-03 -8.22e-03 -1.04e-02 -1.25e-02 -1.42e-02 -1.53e-02 -1.57e-02 -1.53e-02 -1.42e-02 -1.25e-02 -1.04e-02 -8.22e-03 -6.09e-03 -4.22e-03 -2.70e-03 -1.57e-03 -8.07e-04 -3.50e-04 -1.25e-04 -3.57e-05 -8.07e-06 -1.43e-06 -1.97e-07 -2.08e-08 -1.65e-09 -9.43e-11 -3.70e-12 -8.86e-14 -9.78e-16 0.00e+00 0.00e+00 0.00e+00 0.00e+00 0.00e+00 0.00e+00 0.00e+00 -0.00e+00 
-0.00e+00 0.00e+00 0.00e+00 0.00e+00 0.00e+00 0.00e+00 0.00e+00 0.00e+00 0.00e+00 -1.27e-15 -1.10e-13 -4.36e-12 -1.06e-10 -1.75e-09 -2.09e-08 -1.87e-07 -1.28e-06 -6.77e-06 -2.81e-05 -9.26e-05 -2.46e-04 -5.42e-04 -1.02e-03 -1.70e-03 -2.57e-03 -3.59e-03 -4.67e-03 -5.70e-03 -6.55e-03 -7.11e-03 -7.31e-03 -7.11e-03 -6.55e-03 -5.70e-03 -4.67e-03 -3.59e-03 -2.57e-03 -1.70e-03 -1.02e-03 -5.42e-04 -2.46e-04 -9.26e-05 -2.81e-05 -6.77e-06 -1.28e-06 -1.87e-07 -2.09e-08 -1.75e-09 -1.06e-10 -4.36e-12 -1.10e-13 -1.27e-15 0.00e+00 0.00e+00 0.00e+00 0.00e+00 0.00e+00 0.00e+00 0.00e+00 0.00e+00 -0.00e+00 
-0.00e+00 0.00e+00 0.00e+00 0.00e+00 0.00e+00 0.00e+00 0.00e+00 0.00e+00 0.00e+00 0.00e+00 -1.48e-15 -1.22e-13 -4.61e-12 -1.06e-10 -1.66e-09 -1.87e-08 -1.57e-07 -1.01e-06 -5.00e-06 -1.95e-05 -6.03e-05 -1.52e-04 -3.19e-04 -5.78e-04 -9.31e-04 -1.36e-03 -1.83e-03 -2.29e-03 -2.68e-03 -2.93e-03 -3.02e-03 -2.93e-03 -2.68e-03 -2.29e-03 -1.83e-03 -1.36e-03 -9.31e-04 -5.78e-04 -3.19e-04 -1.52e-04 -6.03e-05 -1.95e-05 -5.00e-06 -1.01e-06 -1.57e-07 -1.87e-08 -1.66e-09 -1.06e-10 -4.61e-12 -1.22e-13 -1.48e-15 0.00e+00 0.00e+00 0.00e+00 0.00e+00 0.00e+00 0.00e+00 0.00e+00 0.00e+00 0.00e+00 -0.00e+00 
-0.00e+00 0.00e+00 0.00e+00 0.00e+00 0.00e+00 0.00e+00 0.00e+00 0.00e+00 0.00e+00 0.00e+00 0.00e+00 -1.55e-15 -1.22e-13 -4.37e-12 -9.50e-11 -1.40e-09 -1.48e-08 -1.17e-07 -7.01e-07 -3.25e-06 -1.18e-05 -3.44e-05 -8.17e-05 -1.64e-04 -2.84e-04 -4.40e-04 -6.18e-04 -7.97e-04 -9.51e-04 -1.05e-03 -1.09e-03 -1.05e-03 -9.51e-04 -7.97e-04 -6.18e-04 -4.40e-04 -2.84e-04 -1.64e-04 -8.17e-05 -3.44e-05 -1.18e-05 -3.25e-06 -7.01e-07 -1.17e-07 -1.48e-08 -1.40e-09 -9.50e-11 -4.37e-12 -1.22e-13 -1.55e-15 0.00e+00 0.00e+00 0.00e+00 0.00e+00 0.00e+00 0.00e+00 0.00e+00 0.00e+00 0.00e+00 0.00e+00 -0.00e+00 
-0.00e+00 0.00e+00 0.00e+00 0.00e+00 0.00e+00 0.00e+00 0.00e+00 0.00e+00 0.00e+00 0.00e+00 0.00e+00 0.00e+00 -1.48e-15 -1.10e-13 -3.72e-12 -7.62e-11 -1.05e-09 -1.05e-08 -7.70e-08 -4.30e-07 -1.85e-06 -6.28e-06 -1.71e-05 -3.82e-05 -7.25e-05 -1.20e-04 -1.77e-04 -2.37e-04 -2.90e-04 -3.27e-04 -3.40e-04 -3.27e-04 -2.90e-04 -2.37e-04 -1.77e-04 -1.20e-04 -7.25e-05 -3.82e-05 -1.71e-05 -6.28e-06 -1.85e-06 -4.30e-07 -7.70e-08 -1.05e-08 -1.05e-09 -7.62e-11 -3.72e-12 -1.10e-13 -1.48e-15 0.00e+00 0.00e+00 0.00e+00 0.00e+00 0.00e+00 0.00e+00 0.00e+00 0.00e+00 0.00e+00 0.00e+00 0.00e+00 -0.00e+00 
-0.00e+00 0.00e+00 0.00e+00 0.00e+00 0.00e+00 0.00e+00 0.00e+00 0.00e+00 0.00e+00 0.00e+00 0.00e+00 0.00e+00 0.00e+00 -1.27e-15 -8.89e-14 -2.84e-12 -5.46e-11 -7.07e-10 -6.53e-09 -4.46e-08 -2.31e-07 -9.22e-07 -2.90e-06 -7.33e-06 -1.54e-05 -2.75e-05 -4.31e-05 -6.01e-05 -7.56e-05 -8.65e-05 -9.04e-05 -8.65e-05 -7.56e-05 -6.01e-05 -4.31e-05 -2.75e-05 -1.54e-05 -7.33e-06 -2.90e-06 -9.22e-07 -2.31e-07 -4.46e-08 -6.53e-09 -7.07e-10 -5.46e-11 -2.84e-12 -8.89e-14 -1.27e-15 0.00e+00 0.00e+00 0.00e+00 0.00e+00 0.00e+00 0.00e+00 0.00e+00 0.00e+00 0.00e+00 0.00e+00 0.00e+00 0.00e+00 -0.00e+00 
-0.00e+00 0.00e+00 0.00e+00 0.00e+00 0.00e+00 0.00e+00 0.00e+00 0.00e+00 0.00e+00 0.00e+00 0.00e+00 0.00e+00 0.00e+00 0.00e+00 -9.78e-16 -6.47e-14 -1.94e-12 -3.48e-11 -4.20e-10 -3.60e-09 -2.27e-08 -1.08e-07 -3.98e-07 -1.15e-06 -2.70e-06 -5.27e-06 -8.82e-06 -1.29e-05 -1.68e-05 -1.96e-05 -2.06e-05 -1.96e-05 -1.68e-05 -1.29e-05 -8.82e-06 -5.27e-06 -2.70e-06 -1.15e-06 -3.98e-07 -1.08e-07 -2.27e-08 -3.60e-09 -4.20e-10 -3.48e-11 -1.94e-12 -6.47e-14 -9.78e-16 0.00e+00 0.00e+00 0.00e+00 0.00e+00 0.00e+00 0.00e+00 0.00e+00 0.00e+00 0.00e+00 0.00e+00 0.00e+00 0.00e+00 0.00e+00 -0.00e+00 
-0.00e+00 0.00e+00 0.00e+00 0.00e+00 0.00e+00 0.00e+00 0.00e+00 0.00e+00 0.00e+00 0.00e+00 0.00e+00 0.00e+00 0.00e+00 0.00e+00 0.00e+00 -6.80e-16 -4.22e-14 -1.18e-12 -1.97e-11 -2.20e-10 -1.74e-09 -1.01e-08 -4.40e-08 -1.48e-07 -3.92e-07 -8.45e-07 -1.52e-06 -2.35e-06 -3.17e-06 -3.78e-06 -4.01e-06 -3.78e-06 -3.17e-06 -2.35e-06 -1.52e-06 -8.45e-07 -3.92e-07 -1.48e-07 -4.40e-08 -1.01e-08 -1.74e-09 -2.20e-10 -1.97e-11 -1.18e-12 -4.22e-14 -6.80e-16 0.00e+00 0.00e+00 0.00e+00 0.00e+00 0.00e+00 0.00e+00 0.00e+00 0.00e+00 0.00e+00 0.00e+00 0.00e+00 0.00e+00 0.00e+00 0.00e+00 -0.00e+00 
-0.00e+00 0.00e+00 0.00e+00 0.00e+00 0.00e+00 0.00e+00 0.00e+00 0.00e+00 0.00e+00 0.00e+00 0.00e+00 0.00e+00 0.00e+00 0.00e+00 0.00e+00 0.00e+00 -4.25e-16 -2.46e-14 -6.40e-13 -9.90e-12 -1.02e-10 -7.35e-10 -3.88e-09 -1.54e-08 -4.68e-08 -1.13e-07 -2.21e-07 -3.64e-07 -5.12e-07 -6.24e-07 -6.67e-07 -6.24e-07 -5.12e-07 -3.64e-07 -2.21e-07 -1.13e-07 -4.68e-08 -1.54e-08 -3.88e-09 -7.35e-10 -1.02e-10 -9.90e-12 -6.40e-13 -2.46e-14 -4.25e-16 0.00e+00 0.00e+00 0.00e+00 0.00e+00 0.00e+00 0.00e+00 0.00e+00 0.00e+00 0.00e+00 0.00e+00 0.00e+00 0.00e+00 0.00e+00 0.00e+00 0.00e+00 -0.00e+00 
-0.00e+00 0.00e+00 0.00e+00 0.00e+00 0.00e+00 0.00e+00 0.00e+00 0.00e+00 0.00e+00 0.00e+00 0.00e+00 0.00e+00 0.00e+00 0.00e+00 0.00e+00 0.00e+00 0.00e+00 -2.38e-16 -1.28e-14 -3.08e-13 -4.37e-12 -4.10e-11 -2.69e-10 -1.28e-09 -4.56e-09 -1.25e-08 -2.70e-08 -4.76e-08 -7.03e-08 -8.81e-08 -9.50e-08 -8.81e-08 -7.03e-08 -4.76e-08 -2.70e-08 -1.25e-08 -4.56e-09 -1.28e-09 -2.69e-10 -4.10e-11 -4.37e-12 -3.08e-13 -1.28e-14 -2.38e-16 0.00e+00 0.00e+00 0.00e+00 0.00e+00 0.00e+00 0.00e+00 0.00e+00 0.00e+00 0.00e+00 0.00e+00 0.00e+00 0.00e+00 0.00e+00 0.00e+00 0.00e+00 0.00e+00 -0.00e+00 
-0.00e+00 0.00e+00 0.00e+00 0.00e+00 0.00e+00 0.00e+00 0.00e+00 0.00e+00 0.00e+00 0.00e+00 0.00e+00 0.00e+00 0.00e+00 0.00e+00 0.00e+00 0.00e+00 0.00e+00 0.00e+00 -1.19e-16 -5.91e-15 -1.30e-13 -1.69e-12 -1.43e-11 -8.44e-11 -3.59e-10 -1.14e-09 -2.75e-09 -5.27e-09 -8.21e-09 -1.06e-08 -1.16e-08 -1.06e-08 -8.21e-09 -5.27e-09 -2.75e-09 -1.14e-09 -3.59e-10 -8.44e-11 -1.43e-11 -1.69e-12 -1.30e-13 -5.91e-15 -1.19e-16 0.00e+00 0.00e+00 0.00e+00 0.00e+00 0.00e+00 0.00e+00 0.00e+00 0.00e+00 0.00e+00 0.00e+00 0.00e+00 0.00e+00 0.00e+00 0.00e+00 0.00e+00 0.00e+00 0.00e+00 -0.00e+00 
-0.00e+00 0.00e+00 0.00e+00 0.00e+00 0.00e+00 0.00e+00 0.00e+00 0.00e+00 0.00e+00 0.00e+00 0.00e+00 0.00e+00 0.00e+00 0.00e+00 0.00e+00 0.00e+00 0.00e+00 0.00e+00 0.00e+00 -5.29e-17 -2.41e-15 -4.84e-14 -5.65e-13 -4.29e-12 -2.25e-11 -8.40e-11 -2.32e-10 -4.90e-10 -8.16e-10 -1.10e-09 -1.21e-09 -1.10e-09 -8.16e-10 -4.90e-10 -2.32e-10 -8.40e-11 -2.25e-11 -4.29e-12 -5.65e-13 -4.84e-14 -2.41e-15 -5.29e-17 0.00e+00 0.00e+00 0.00e+00 0.00e+00 0.00e+00 0.00e+00 0.00e+00 0.00e+00 0.00e+00 0.00e+00 0.00e+00 0.00e+00 0.00e+00 0.00e+00 0.00e+00 0.00e+00 0.00e+00 0.00e+00 -0.00e+00 
-0.00e+00 0.00e+00 0.00e+00 0.00e+00 0.00e+00 0.00e+00 0.00e+00 0.00e+00 0.00e+00 0.00e+00 0.00e+00 0.00e+00 0.00e+00 0.00e+00 0.00e+00 0.00e+00 0.00e+00 0.00e+00 0.00e+00 0.00e+00 -2.08e-17 -8.61e-16 -1.56e-14 -1.63e-13 -1.09e-12 -4.98e-12 -1.61e-11 -3.82e-11 -6.88e-11 -9.67e-11 -1.08e-10 -9.67e-11 -6.88e-11 -3.82e-11 -1.61e-11 -4.98e-12 -1.09e-12 -1.63e-13 -1.56e-14 -8.61e-16 -2.08e-17 0.00e+00 0.00e+00 0.00e+00 0.00e+00 0.00e+00 0.00e+00 0.00e+00 0.00e+00 0.00e+00 0.00e+00 0.00e+00 0.00e+00 0.00e+00 0.00e+00 0.00e+00 0.00e+00 0.00e+00 0.00e+00 0.00e+00 -0.00e+00 
-0.00e+00 0.00e+00 0.00e+00 0.00e+00 0.00e+00 0.00e+00 0.00e+00 0.00e+00 0.00e+00 0.00e+00 0.00e+00 0.00e+00 0.00e+00 0.00e+00 0.00e+00 0.00e+00 0.00e+00 0.00e+00 0.00e+00 0.00e+00 0.00e+00 -1.43e-17 -5.35e-16 -8.61e-15 -7.90e-14 -4.59e-13 -1.79e-12 -4.89e-12 -9.67e-12 -1.43e-11 -1.63e-11 -1.43e-11 -9.67e-12 -4.89e-12 -1.79e-12 -4.59e-13 -7.90e-14 -8.61e-15 -5.35e-16 -1.43e-17 0.00e+00 0.00e+00 0.00e+00 0.00e+00 0.00e+00 0.00e+00 0.00e+00 0.00e+00 0.00e+00 0.00e+00 0.00e+00 0.00e+00 0.00e+00 0.00e+00 0.00e+00 0.00e+00 0.00e+00 0.00e+00 0.00e+00 0.00e+00 -0.00e+00 
0.00e+00 -0.00e+00 -0.00e+00 -0.00e+00 -0.00e+00 -0.00e+00 -0.00e+00 -0.00e+00 -0.00e+00 -0.00e+00 -0.00e+00 -0.00e+00 -0.00e+00 -0.00e+00 -0.00e+00 -0.00e+00 -0.00e+00 -0.00e+00 -0.00e+00 -0.00e+00 -0.00e+00 1.43e-17 5.35e-16 8.61e-15 7.90e-14 4.59e-13 1.79e-12 4.89e-12 9.67e-12 1.43e-11 1.63e-11 1.43e-11 9.67e-12 4.89e-12 1.79e-12 4.59e-13 7.90e-14 8.61e-15 5.35e-16 1.43e-17 -0.00e+00 -0.00e+00 -0.00e+00 -0.00e+00 -0.00e+00 -0.00e+00 -0.00e+00 -0.00e+00 -0.00e+00 -0.00e+00 -0.00e+00 -0.00e+00 -0.00e+00 -0.00e+00 -0.00e+00 -0.00e+00 -0.00e+00 -0.00e+00 -0.00e+00 -0.00e+00 0.00e+00 
