0.00e+00 -0.00e+00 -0.00e+00 -0.00e+00 -0.00e+00 -0.00e+00 -0.00e+00 -0.00e+00 -0.00e+00 -0.00e+00 -2.41e-10 -4.80e-09 -3.57e-08 -1.27e-07 -2.41e-07 -2.87e-07 -2.41e-07 -1.27e-07 -3.57e-08 -4.80e-09 -2.41e-10 -0.00e+00 -0.00e+00 -0.00e+00 -0.00e+00 -0.00e+00 -0.00e+00 -0.00e+00 -0.00e+00 -0.00e+00 0.00e+00 
-0.00e+00 0.00e+00 0.00e+00 0.00e+00 0.00e+00 0.00e+00 0.00e+00 0.00e+00 0.00e+00 0.00e+00 2.41e-10 4.80e-09 3.57e-08 1.27e-07 2.41e-07 2.87e-07 2.41e-07 1.27e-07 3.57e-08 4.80e-09 2.41e-10 0.00e+00 0.00e+00 0.00e+00 0.00e+00 0.00e+00 0.00e+00 0.00e+00 0.00e+00 0.00e+00 -0.00e+00 
-0.00e+00 0.00e+00 0.00e+00 0.00e+00 0.00e+00 0.00e+00 0.00e+00 0.00e+00 0.00e+00 5.22e-10 1.27e-08 1.20e-07 5.62e-07 1.46e-06 2.32e-06 2.68e-06 2.32e-06 1.46e-06 5.62e-07 1.20e-07 1.27e-08 5.22e-10 0.00e+00 0.00e+00 0.00e+00 0.00e+00 0.00e+00 0.00e+00 0.00e+00 0.00e+00 -0.00e+00 
-0.00e+00 0.00e+00 0.00e+00 0.00e+00 0.00e+00 0.00e+00 0.00e+00 0.00e+00 8.95e-10 2.53e-08 2.85e-07 1.64e-06 5.34e-06 1.06e-05 1.47e-05 1.65e-05 1.47e-05 1.06e-05 5.34e-06 1.64e-06 2.85e-07 2.53e-08 8.95e-10 0.00e+00 0.00e+00 0.00e+00 0.00e+00 0.00e+00 0.00e+00 0.00e+00 -0.00e+00 
-0.00e+00 0.00e+00 0.00e+00 0.00e+00 0.00e+00 0.00e+00 0.00e+00 1.23e-09 3.97e-08 5.19e-07 3.55e-06 1.39e-05 3.28e-05 5.22e-05 6.64e-05 7.18e-05 6.64e-05 5.22e-05 3.28e-05 1.39e-05 3.55e-06 5.19e-07 3.97e-08 1.23e-09 0.00e+00 0.00e+00 0.00e+00 0.00e+00 0.00e+00 0.00e+00 -0.00e+00 
-0.00e+00 0.00e+00 0.00e+00 0.00e+00 0.00e+00 0.00e+00 1.37e-09 4.96e-08 7.37e-07 5.82e-06 2.66e-05 7.34e-05 1.30e-04 1.73e-04 2.04e-04 2.12e-04 2.04e-04 1.73e-04 1.30e-04 7.34e-05 2.66e-05 5.82e-06 7.37e-07 4.96e-08 1.37e-09 0.00e+00 0.00e+00 0.00e+00 0.00e+00 0.00e+00 -0.00e+00 
-0.00e+00 0.00e+00 0.00e+00 0.00e+00 0.00e+00 1.23e-09 4.94e-08 8.23e-07 7.38e-06 3.87e-05 1.22e-04 2.37e-04 3.14e-04 3.65e-04 3.96e-04 3.99e-04 3.96e-04 3.65e-04 3.14e-04 2.37e-04 1.22e-04 3.87e-05 7.38e-06 8.23e-07 4.94e-08 1.23e-09 0.00e+00 0.00e+00 0.00e+00 0.00e+00 -0.00e+00 
-0.00e+00 0.00e+00 0.00e+00 0.00e+00 8.95e-10 3.94e-08 7.27e-07 7.29e-06 4.32e-05 1.54e-04 3.27e-04 4.24e-04 4.22e-04 4.39e-04 4.09e-04 4.18e-04 4.09e-04 4.39e-04 4.22e-04 4.24e-04 3.27e-04 1.54e-04 4.32e-05 7.29e-06 7.27e-07 3.94e-08 8.95e-10 0.00e+00 0.00e+00 0.00e+00 -0.00e+00 
-0.00e+00 0.00e+00 0.00e+00 5.22e-10 2.50e-08 5.04e-07 5.59e-06 3.69e-05 1.48e-04 3.46e-04 4.44e-04 3.20e-04 2.57e-04 2.19e-04 1.54e-04 1.87e-04 1.54e-04 2.19e-04 2.57e-04 3.20e-04 4.44e-04 3.46e-04 1.48e-04 3.69e-05 5.59e-06 5.04e-07 2.50e-08 5.22e-10 0.00e+00 0.00e+00 -0.00e+00 
-0.00e+00 0.00e+00 2.41e-10 1.24e-08 2.72e-07 3.30e-06 2.41e-05 1.07e-04 2.81e-04 3.79e-04 1.86e-04 3.80e-05 1.22e-04 3.51e-05 1.35e-04 7.98e-05 1.35e-04 3.51e-05 1.22e-04 3.80e-05 1.86e-04 3.79e-04 2.81e-04 1.07e-04 2.41e-05 3.30e-06 2.72e-07 1.24e-08 2.41e-10 0.00e+00 -0.00e+00 
-1.72e-10 1.72e-10 4.73e-09 1.12e-07 1.47e-06 1.18e-05 5.85e-05 1.73e-04 2.70e-04 1.46e-04 -1.82e-06 1.81e-04 1.89e-04 2.08e-04 3.29e-04 2.36e-04 3.29e-04 2.08e-04 1.89e-04 1.81e-04 -1.82e-06 1.46e-04 2.70e-04 1.73e-04 5.85e-05 1.18e-05 1.47e-06 1.12e-07 4.73e-09 8.61e-11 -8.61e-11 
-2.67e-09 2.67e-09 3.36e-08 4.76e-07 4.17e-06 2.31e-05 7.93e-05 1.57e-04 1.55e-04 9.24e-05 1.77e-04 1.85e-04 9.58e-05 2.66e-04 1.55e-04 2.96e-04 1.55e-04 2.66e-04 9.58e-05 1.85e-04 1.77e-04 9.24e-05 1.55e-04 1.57e-04 7.93e-05 2.31e-05 4.17e-06 4.76e-07 3.35e-08 1.31e-09 -1.31e-09 
-1.38e-08 1.38e-08 1.05e-07 9.99e-07 6.23e-06 2.56e-05 6.87e-05 1.19e-04 1.36e-04 9.75e-05 1.02e-05 2.85e-05 1.99e-04 1.78e-04 2.97e-04 3.70e-04 2.97e-04 1.78e-04 1.99e-04 2.85e-05 1.02e-05 9.75e-05 1.36e-04 1.19e-04 6.87e-05 2.56e-05 6.23e-06 9.99e-07 1.05e-07 6.65e-09 -6.65e-09 
-2.70e-08 2.70e-08 1.41e-07 1.01e-06 5.18e-06 1.94e-05 5.07e-05 8.18e-05 5.20e-05 -1.28e-05 8.69e-05 2.09e-04 9.69e-05 2.16e-04 3.89e-04 6.41e-04 3.89e-04 2.16e-04 9.69e-05 2.09e-04 8.69e-05 -1.28e-05 5.20e-05 8.18e-05 5.07e-05 1.94e-05 5.18e-06 1.01e-06 1.40e-07 1.27e-08 -1.27e-08 
-1.33e-08 1.33e-08 5.92e-08 4.17e-07 2.19e-06 7.68e-06 1.59e-05 1.88e-05 2.85e-05 6.10e-05 5.90e-06 -8.75e-05 5.37e-05 1.27e-04 3.79e-04 1.35e-03 3.79e-04 1.27e-04 5.37e-05 -8.75e-05 5.90e-06 6.10e-05 2.85e-05 1.88e-05 1.59e-05 7.68e-06 2.19e-06 4.16e-07 5.86e-08 6.04e-09 -6.04e-09 
1.33e-08 -1.33e-08 -5.92e-08 -4.17e-07 -2.19e-06 -7.68e-06 -1.59e-05 -1.88e-05 -2.85e-05 -6.10e-05 -5.90e-06 8.75e-05 -5.37e-05 -1.27e-04 -3.79e-04 -1.35e-03 -3.79e-04 -1.27e-04 -5.37e-05 8.75e-05 -5.90e-06 -6.10e-05 -2.85e-05 -1.88e-05 -1.59e-05 -7.68e-06 -2.19e-06 -4.16e-07 -5.86e-08 -6.04e-09 6.04e-09 
2.70e-08 -2.70e-08 -1.41e-07 -1.01e-06 -5.18e-06 -1.94e-05 -5.07e-05 -8.18e-05 -5.20e-05 1.28e-05 -8.69e-05 -2.09e-04 -9.69e-05 -2.16e-04 -3.89e-04 -6.41e-04 -3.89e-04 -2.16e-04 -9.69e-05 -2.09e-04 -8.69e-05 1.28e-05 -5.20e-05 -8.18e-05 -5.07e-05 -1.94e-05 -5.18e-06 -1.01e-06 -1.40e-07 -1.27e-08 1.27e-08 
1.38e-08 -1.38e-08 -1.05e-07 -9.99e-07 -6.23e-06 -2.56e-05 -6.87e-05 -1.19e-04 -1.36e-04 -9.75e-05 -1.02e-05 -2.85e-05 -1.99e-04 -1.78e-04 -2.97e-04 -3.70e-04 -2.97e-04 -1.78e-04 -1.99e-04 -2.85e-05 -1.02e-05 -9.75e-05 -1.36e-04 -1.19e-04 -6.87e-05 -2.56e-05 -6.23e-06 -9.99e-07 -1.05e-07 -6.65e-09 6.65e-09 
2.67e-09 -2.67e-09 -3.36e-08 -4.76e-07 -4.17e-06 -2.31e-05 -7.93e-05 -1.57e-04 -1.55e-04 -9.24e-05 -1.77e-04 -1.85e-04 -9.58e-05 -2.66e-04 -1.55e-04 -2.96e-04 -1.55e-04 -2.66e-04 -9.58e-05 -1.85e-04 -1.77e-04 -9.24e-05 -1.55e-04 -1.57e-04 -7.93e-05 -2.31e-05 -4.17e-06 -4.76e-07 -3.35e-08 -1.31e-09 1.31e-09 
1.72e-10 -1.72e-10 -4.73e-09 -1.12e-07 -1.47e-06 -1.18e-05 -5.85e-05 -1.73e-04 -2.70e-04 -1.46e-04 1.82e-06 -1.81e-04 -1.89e-04 -2.08e-04 -3.29e-04 -2.36e-04 -3.29e-04 -2.08e-04 -1.89e-04 -1.81e-04 1.82e-06 -1.46e-04 -2.70e-04 -1.73e-04 -5.85e-05 -1.18e-05 -1.47e-06 -1.12e-07 -4.73e-09 -8.61e-11 8.61e-11 
-0.00e+00 0.00e+00 -2.41e-10 -1.24e-08 -2.72e-07 -3.30e-06 -2.41e-05 -1.07e-04 -2.81e-04 -3.79e-04 -1.86e-04 -3.80e-05 -1.22e-04 -3.51e-05 -1.35e-04 -7.98e-05 -1.35e-04 -3.51e-05 -1.22e-04 -3.80e-05 -1.86e-04 -3.79e-04 -2.81e-04 -1.07e-04 -2.41e-05 -3.30e-06 -2.72e-07 -1.24e-08 -2.41e-10 0.00e+00 -0.00e+00 
-0.00e+00 0.00e+00 0.00e+00 -5.22e-10 -2.50e-08 -5.04e-07 -5.59e-06 -3.69e-05 -1.48e-04 -3.46e-04 -4.44e-04 -3.20e-04 -2.57e-04 -2.19e-04 -1.54e-04 -1.87e-04 -1.54e-04 -2.19e-04 -2.57e-04 -3.20e-04 -4.44e-04 -3.46e-04 -1.48e-04 -3.69e-05 -5.59e-06 -5.04e-07 -2.50e-08 -5.22e-10 0.00e+00 0.00e+00 -0.00e+00 
-0.00e+00 0.00e+00 0.00e+00 0.00e+00 -8.95e-10 -3.94e-08 -7.27e-07 -7.29e-06 -4.32e-05 -1.54e-04 -3.27e-04 -4.24e-04 -4.22e-04 -4.39e-04 -4.09e-04 -4.18e-04 -4.09e-04 -4.39e-04 -4.22e-04 -4.24e-04 -3.27e-04 -1.54e-04 -4.32e-05 -7.29e-06 -7.27e-07 -3.94e-08 -8.95e-10 0.00e+00 0.00e+00 0.00e+00 -0.00e+00 
-0.00e+00 0.00e+00 0.00e+00 0.00e+00 0.00e+00 -1.23e-09 -4.94e-08 -8.23e-07 -7.38e-06 -3.87e-05 -1.22e-04 -2.37e-04 -3.14e-04 -3.65e-04 -3.96e-04 -3.99e-04 -3.96e-04 -3.65e-04 -3.14e-04 -2.37e-04 -1.22e-04 -3.87e-05 -7.38e-06 -8.23e-07 -4.94e-08 -1.23e-09 0.00e+00 0.00e+00 0.00e+00 0.00e+00 -0.00e+00 
-0.00e+00 0.00e+00 0.00e+00 0.00e+00 0.00e+00 0.00e+00 -1.37e-09 -4.96e-08 -7.37e-07 -5.82e-06 -2.66e-05 -7.34e-05 -1.30e-04 -1.73e-04 -2.04e-04 -2.12e-04 -2.04e-04 -1.73e-04 -1.30e-04 -7.34e-05 -2.66e-05 -5.82e-06 -7.37e-07 -4.96e-08 -1.37e-09 0.00e+00 0.00e+00 0.00e+00 0.00e+00 0.00e+00 -0.00e+00 
-0.00e+00 0.00e+00 0.00e+00 0.00e+00 0.00e+00 0.00e+00 0.00e+00 -1.23e-09 -3.97e-08 -5.19e-07 -3.55e-06 -1.39e-05 -3.28e-05 -5.22e-05 -6.64e-05 -7.18e-05 -6.64e-05 -5.22e-05 -3.28e-05 -1.39e-05 -3.55e-06 -5.19e-07 -3.97e-08 -1.23e-09 0.00e+00 0.00e+00 0.00e+00 0.00e+00 0.00e+00 0.00e+00 -0.00e+00 
-0.00e+00 0.00e+00 0.00e+00 0.00e+00 0.00e+00 0.00e+00 0.00e+00 0.00e+00 -8.95e-10 -2.53e-08 -2.85e-07 -1.64e-06 -5.34e-06 -1.06e-05 -1.47e-05 -1.65e-05 -1.47e-05 -1.06e-05 -5.34e-06 -1.64e-06 -2.85e-07 -2.53e-08 -8.95e-10 0.00e+00 0.00e+00 0.00e+00 0.00e+00 0.00e+00 0.00e+00 0.00e+00 -0.00e+00 
-0.00e+00 0.00e+00 0.00e+00 0.00e+00 0.00e+00 0.00e+00 0.00e+00 0.00e+00 0.00e+00 -5.22e-10 -1.27e-08 -1.20e-07 -5.62e-07 -1.46e-06 -2.32e-06 -2.68e-06 -2.32e-06 -1.46e-06 -5.62e-07 -1.20e-07 -1.27e-08 -5.22e-10 0.00e+00 0.00e+00 0.00e+00 0.00e+00 0.00e+00 0.00e+00 0.00e+00 0.00e+00 -0.00e+00 
-0.00e+00 0.00e+00 0.00e+00 0.00e+00 0.00e+00 0.00e+00 0.00e+00 0.00e+00 0.00e+00 0.00e+00 -2.41e-10 -4.89e-09 -3.71e-08 -1.35e-07 -2.63e-07 -3.15e-07 -2.63e-07 -1.35e-07 -3.71e-08 -4.89e-09 -2.41e-10 0.00e+00 0.00e+00 0.00e+00 0.00e+00 0.00e+00 0.00e+00 0.00e+00 0.00e+00 0.00e+00 -0.00e+00 
-0.00e+00 0.00e+00 0.00e+00 0.00e+00 0.00e+00 0.00e+00 0.00e+00 0.00e+00 0.00e+00 0.00e+00 0.00e+00 -1.72e-10 -2.79e-09 -1.61e-08 -4.14e-08 -5.35e-08 -4.14e-08 -1.61e-08 -2.79e-09 -1.72e-10 0.00e+00 0.00e+00 0.00e+00 0.00e+00 0.00e+00 0.00e+00 0.00e+00 0.00e+00 0.00e+00 0.00e+00 -0.00e+00 
0.00e+00 -0.00e+00 -0.00e+00 -0.00e+00 -0.00e+00 -0.00e+00 -0.00e+00 -0.00e+00 -0.00e+00 -0.00e+00 -0.00e+00 1.72e-10 2.79e-09 1.61e-08 4.14e-08 5.35e-08 4.14e-08 1.61e-08 2.79e-09 1.72e-10 -0.00e+00 -0.00e+00 -0.00e+00 -0.00e+00 -0.00e+00 -0.00e+00 -0.00e+00 -0.00e+00 -0.00e+00 -0.00e+00 0.00e+00 
