1.58e-16 -1.58e-16 -2.15e-15 -4.38e-14 -6.98e-13 -8.90e-12 -9.23e-11 -7.89e-10 -5.61e-09 -3.34e-08 -1.68e-07 -7.11e-07 -2.57e-06 -7.92e-06 -2.11e-05 -4.90e-05 -1.01e-04 -1.86e-04 -3.14e-04 -4.91e-04 -7.20e-04 -9.99e-04 -1.32e-03 -1.67e-03 -2.04e-03 -2.39e-03 -2.72e-03 -3.01e-03 -3.22e-03 -3.36e-03 -3.41e-03 -3.36e-03 -3.22e-03 -3.01e-03 -2.72e-03 -2.39e-03 -2.04e-03 -1.67e-03 -1.32e-03 -9.99e-04 -7.20e-04 -4.91e-04 -3.14e-04 -1.86e-04 -1.01e-04 -4.90e-05 -2.11e-05 -7.92e-06 -2.57e-06 -7.11e-07 -1.68e-07 -3.34e-08 -5.61e-09 -7.89e-10 -9.23e-11 -8.90e-12 -6.98e-13 -4.38e-14 -2.15e-15 -7.70e-17 7.70e-17 
-1.58e-16 1.58e-16 2.15e-15 4.38e-14 6.98e-13 8.90e-12 9.23e-11 7.89e-10 5.61e-09 3.34e-08 1.68e-07 7.11e-07 2.57e-06 7.92e-06 2.11e-05 4.90e-05 1.01e-04 1.86e-04 3.14e-04 4.91e-04 7.20e-04 9.99e-04 1.32e-03 1.67e-03 2.04e-03 2.39e-03 2.72e-03 3.01e-03 3.22e-03 3.36e-03 3.41e-03 3.36e-03 3.22e-03 3.01e-03 2.72e-03 2.39e-03 2.04e-03 1.67e-03 1.32e-03 9.99e-04 7.20e-04 4.91e-04 3.14e-04 1.86e-04 1.01e-04 4.90e-05 2.11e-05 7.92e-06 2.57e-06 7.11e-07 1.68e-07 3.34e-08 5.61e-09 7.89e-10 9.23e-11 8.90e-12 6.98e-13 4.38e-14 2.15e-15 7.70e-17 -7.70e-17 
-4.30e-15 4.30e-15 4.60e-14 7.67e-13 1.03e-11 1.12e-10 1.01e-09 7.60e-09 4.80e-08 2.55e-07 1.15e-06 4.43e-06 1.45e-05 4.11e-05 1.01e-04 2.19e-04 4.25e-04 7.47e-04 1.21e-03 1.84e-03 2.63e-03 3.58e-03 4.65e-03 5.82e-03 7.02e-03 8.19e-03 9.26e-03 1.02e-02 1.09e-02 1.13e-02 1.15e-02 1.13e-02 1.09e-02 1.02e-02 9.26e-03 8.19e-03 7.02e-03 5.82e-03 4.65e-03 3.58e-03 2.63e-03 1.84e-03 1.21e-03 7.47e-04 4.25e-04 2.19e-04 1.01e-04 4.11e-05 1.45e-05 4.43e-06 1.15e-06 2.55e-07 4.80e-08 7.60e-09 1.01e-09 1.12e-10 1.03e-11 7.67e-13 4.59e-14 2.07e-15 -2.07e-15 
-8.54e-14 8.54e-14 7.40e-13 1.02e-11 1.16e-10 1.09e-09 8.50e-09 5.58e-08 3.09e-07 1.45e-06 5.80e-06 1.98e-05 5.81e-05 1.48e-04 3.29e-04 6.51e-04 1.17e-03 1.93e-03 2.97e-03 4.33e-03 5.99e-03 7.93e-03 1.01e-02 1.24e-02 1.47e-02 1.70e-02 1.90e-02 2.08e-02 2.21e-02 2.29e-02 2.32e-02 2.29e-02 2.21e-02 2.08e-02 1.90e-02 1.70e-02 1.47e-02 1.24e-02 1.01e-02 7.93e-03 5.99e-03 4.33e-03 2.97e-03 1.93e-03 1.17e-03 6.51e-04 3.29e-04 1.48e-04 5.81e-05 1.98e-05 5.80e-06 1.45e-06 3.09e-07 5.58e-08 8.50e-09 1.09e-09 1.16e-10 1.02e-11 7.38e-13 4.08e-14 -4.08e-14 
-1.32e-12 1.32e-12 9.52e-12 1.11e-10 1.08e-09 8.78e-09 5.99e-08 3.45e-07 1.69e-06 6.99e-06 2.48e-05 7.51e-05 1.97e-04 4.49e-04 9.06e-04 1.65e-03 2.75e-03 4.30e-03 6.32e-03 8.86e-03 1.19e-02 1.53e-02 1.91e-02 2.31e-02 2.70e-02 3.07e-02 3.41e-02 3.69e-02 3.90e-02 4.03e-02 4.07e-02 4.03e-02 3.90e-02 3.69e-02 3.41e-02 3.07e-02 2.70e-02 2.31e-02 1.91e-02 1.53e-02 1.19e-02 8.86e-03 6.32e-03 4.30e-03 2.75e-03 1.65e-03 9.06e-04 4.49e-04 1.97e-04 7.51e-05 2.48e-05 6.99e-06 1.69e-06 3.45e-07 5.99e-08 8.78e-09 1.08e-09 1.11e-10 9.48e-12 6.23e-13 -6.23e-13 
-1.63e-11 1.63e-11 9.97e-11 9.99e-10 8.41e-09 5.95e-08 3.56e-07 1.81e-06 7.79e-06 2.86e-05 8.98e-05 2.42e-04 5.67e-04 1.17e-03 2.16e-03 3.65e-03 5.75e-03 8.56e-03 1.21e-02 1.65e-02 2.16e-02 2.72e-02 3.32e-02 3.93e-02 4.53e-02 5.09e-02 5.58e-02 5.99e-02 6.29e-02 6.48e-02 6.54e-02 6.48e-02 6.29e-02 5.99e-02 5.58e-02 5.09e-02 4.53e-02 3.93e-02 3.32e-02 2.72e-02 2.16e-02 1.65e-02 1.21e-02 8.56e-03 5.75e-03 3.65e-03 2.16e-03 1.17e-03 5.67e-04 2.42e-04 8.98e-05 2.86e-05 7.79e-06 1.81e-06 3.56e-07 5.95e-08 8.41e-09 9.99e-10 9.91e-11 7.61e-12 -7.61e-12 
-1.64e-10 1.64e-10 8.61e-10 7.45e-09 5.47e-08 3.40e-07 1.79e-06 8.01e-06 3.05e-05 9.93e-05 2.76e-04 6.65e-04 1.40e-03 2.63e-03 4.50e-03 7.18e-03 1.08e-02 1.56e-02 2.15e-02 2.84e-02 3.63e-02 4.47e-02 5.35e-02 6.22e-02 7.05e-02 7.80e-02 8.45e-02 8.97e-02 9.36e-02 9.60e-02 9.68e-02 9.60e-02 9.36e-02 8.97e-02 8.45e-02 7.80e-02 7.05e-02 6.22e-02 5.35e-02 4.47e-02 3.63e-02 2.84e-02 2.15e-02 1.56e-02 1.08e-02 7.18e-03 4.50e-03 2.63e-03 1.40e-03 6.65e-04 2.76e-04 9.93e-05 3.05e-05 8.01e-06 1.79e-06 3.40e-07 5.47e-08 7.45e-09 8.54e-10 7.54e-11 -7.54e-11 
-1.35e-09 1.35e-09 6.18e-09 4.66e-08 3.00e-07 1.64e-06 7.62e-06 3.01e-05 1.02e-04 2.93e-04 7.25e-04 1.56e-03 2.99e-03 5.20e-03 8.43e-03 1.29e-02 1.89e-02 2.64e-02 3.53e-02 4.56e-02 5.67e-02 6.83e-02 7.98e-02 9.09e-02 1.01e-01 1.10e-01 1.18e-01 1.24e-01 1.28e-01 1.31e-01 1.32e-01 1.31e-01 1.28e-01 1.24e-01 1.18e-01 1.10e-01 1.01e-01 9.09e-02 7.98e-02 6.83e-02 5.67e-02 4.56e-02 3.53e-02 2.64e-02 1.89e-02 1.29e-02 8.43e-03 5.20e-03 2.99e-03 1.56e-03 7.25e-04 2.93e-04 1.02e-04 3.01e-05 7.62e-06 1.64e-06 3.00e-07 4.65e-08 6.11e-09 6.14e-10 -6.14e-10 
-9.28e-09 9.28e-09 3.71e-08 2.45e-07 1.39e-06 6.70e-06 2.75e-05 9.62e-05 2.87e-04 7.36e-04 1.63e-03 3.19e-03 5.66e-03 9.32e-03 1.45e-02 2.16e-02 3.07e-02 4.16e-02 5.42e-02 6.79e-02 8.21e-02 9.63e-02 1.10e-01 1.22e-01 1.33e-01 1.43e-01 1.51e-01 1.57e-01 1.61e-01 1.63e-01 1.64e-01 1.63e-01 1.61e-01 1.57e-01 1.51e-01 1.43e-01 1.33e-01 1.22e-01 1.10e-01 9.63e-02 8.21e-02 6.79e-02 5.42e-02 4.16e-02 3.07e-02 2.16e-02 1.45e-02 9.32e-03 5.66e-03 3.19e-03 1.63e-03 7.36e-04 2.87e-04 9.62e-05 2.75e-05 6.70e-06 1.39e-06 2.45e-07 3.65e-08 4.14e-09 -4.14e-09 
-5.31e-08 5.31e-08 1.87e-07 1.08e-06 5.43e-06 2.32e-05 8.44e-05 2.62e-04 6.94e-04 1.59e-03 3.20e-03 5.80e-03 9.74e-03 1.55e-02 2.35e-02 3.39e-02 4.66e-02 6.13e-02 7.72e-02 9.37e-02 1.10e-01 1.26e-01 1.40e-01 1.52e-01 1.62e-01 1.71e-01 1.77e-01 1.82e-01 1.86e-01 1.87e-01 1.88e-01 1.87e-01 1.86e-01 1.82e-01 1.77e-01 1.71e-01 1.62e-01 1.52e-01 1.40e-01 1.26e-01 1.10e-01 9.37e-02 7.72e-02 6.13e-02 4.66e-02 3.39e-02 2.35e-02 1.55e-02 9.74e-03 5.80e-03 3.20e-03 1.59e-03 6.94e-04 2.62e-04 8.44e-05 2.32e-05 5.43e-06 1.08e-06 1.84e-07 2.33e-08 -2.33e-08 
-2.56e-07 2.56e-07 7.99e-07 4.07e-06 1.81e-05 6.84e-05 2.21e-04 6.09e-04 1.45e-03 3.01e-03 5.61e-03 9.66e-03 1.57e-02 2.43e-02 3.58e-02 4.98e-02 6.61e-02 8.38e-02 1.02e-01 1.20e-01 1.37e-01 1.51e-01 1.64e-01 1.74e-01 1.82e-01 1.88e-01 1.93e-01 1.96e-01 1.98e-01 1.99e-01 1.99e-01 1.99e-01 1.98e-01 1.96e-01 1.93e-01 1.88e-01 1.82e-01 1.74e-01 1.64e-01 1.51e-01 1.37e-01 1.20e-01 1.02e-01 8.38e-02 6.61e-02 4.98e-02 3.58e-02 2.43e-02 1.57e-02 9.66e-03 5.61e-03 3.01e-03 1.45e-03 6.09e-04 2.21e-04 6.84e-05 1.81e-05 4.07e-06 7.79e-07 1.10e-07 -1.10e-07 
-1.04e-06 1.04e-06 2.89e-06 1.30e-05 5.13e-05 1.73e-04 4.97e-04 1.23e-03 2.66e-03 5.12e-03 9.07e-03 1.51e-02 2.40e-02 3.59e-02 5.08e-02 6.81e-02 8.71e-02 1.07e-01 1.25e-01 1.43e-01 1.57e-01 1.69e-01 1.78e-01 1.85e-01 1.90e-01 1.93e-01 1.94e-01 1.95e-01 1.96e-01 1.96e-01 1.96e-01 1.96e-01 1.96e-01 1.95e-01 1.94e-01 1.93e-01 1.90e-01 1.85e-01 1.78e-01 1.69e-01 1.57e-01 1.43e-01 1.25e-01 1.07e-01 8.71e-02 6.81e-02 5.08e-02 3.59e-02 2.40e-02 1.51e-02 9.07e-03 5.12e-03 2.66e-03 1.23e-03 4.97e-04 1.73e-04 5.13e-05 1.30e-05 2.80e-06 4.37e-07 -4.37e-07 
-3.58e-06 3.58e-06 8.93e-06 3.55e-05 1.25e-04 3.77e-04 9.78e-04 2.21e-03 4.42e-03 8.08e-03 1.38e-02 2.25e-02 3.44e-02 4.96e-02 6.74e-02 8.72e-02 1.08e-01 1.27e-01 1.44e-01 1.58e-01 1.69e-01 1.77e-01 1.81e-01 1.84e-01 1.85e-01 1.85e-01 1.85e-01 1.84e-01 1.83e-01 1.83e-01 1.83e-01 1.83e-01 1.83e-01 1.84e-01 1.85e-01 1.85e-01 1.85e-01 1.84e-01 1.81e-01 1.77e-01 1.69e-01 1.58e-01 1.44e-01 1.27e-01 1.08e-01 8.72e-02 6.74e-02 4.96e-02 3.44e-02 2.25e-02 1.38e-02 8.08e-03 4.42e-03 2.21e-03 9.78e-04 3.77e-04 1.25e-04 3.55e-05 8.57e-06 1.47e-06 -1.47e-06 
-1.05e-05 1.05e-05 2.37e-05 8.38e-05 2.65e-04 7.22e-04 1.71e-03 3.58e-03 6.80e-03 1.20e-02 2.00e-02 3.14e-02 4.63e-02 6.42e-02 8.42e-02 1.05e-01 1.24e-01 1.41e-01 1.55e-01 1.64e-01 1.70e-01 1.73e-01 1.74e-01 1.73e-01 1.72e-01 1.70e-01 1.68e-01 1.67e-01 1.66e-01 1.65e-01 1.65e-01 1.65e-01 1.66e-01 1.67e-01 1.68e-01 1.70e-01 1.72e-01 1.73e-01 1.74e-01 1.73e-01 1.70e-01 1.64e-01 1.55e-01 1.41e-01 1.24e-01 1.05e-01 8.42e-02 6.42e-02 4.63e-02 3.14e-02 2.00e-02 1.20e-02 6.80e-03 3.58e-03 1.71e-03 7.22e-04 2.65e-04 8.36e-05 2.25e-05 4.21e-06 -4.21e-06 
-2.66e-05 2.66e-05 5.45e-05 1.73e-04 4.95e-04 1.24e-03 2.73e-03 5.41e-03 9.89e-03 1.70e-02 2.74e-02 4.14e-02 5.88e-02 7.86e-02 9.93e-02 1.19e-01 1.36e-01 1.49e-01 1.57e-01 1.62e-01 1.63e-01 1.62e-01 1.60e-01 1.58e-01 1.55e-01 1.53e-01 1.52e-01 1.50e-01 1.50e-01 1.49e-01 1.49e-01 1.49e-01 1.50e-01 1.50e-01 1.52e-01 1.53e-01 1.55e-01 1.58e-01 1.60e-01 1.62e-01 1.63e-01 1.62e-01 1.57e-01 1.49e-01 1.36e-01 1.19e-01 9.93e-02 7.86e-02 5.88e-02 4.14e-02 2.74e-02 1.70e-02 9.89e-03 5.41e-03 2.73e-03 1.24e-03 4.95e-04 1.72e-04 5.10e-05 1.03e-05 -1.03e-05 
-5.85e-05 5.85e-05 1.10e-04 3.15e-04 8.32e-04 1.94e-03 4.04e-03 7.69e-03 1.36e-02 2.27e-02 3.54e-02 5.17e-02 7.07e-02 9.10e-02 1.10e-01 1.27e-01 1.40e-01 1.48e-01 1.52e-01 1.52e-01 1.50e-01 1.48e-01 1.45e-01 1.42e-01 1.40e-01 1.38e-01 1.38e-01 1.38e-01 1.38e-01 1.38e-01 1.38e-01 1.38e-01 1.38e-01 1.38e-01 1.38e-01 1.38e-01 1.40e-01 1.42e-01 1.45e-01 1.48e-01 1.50e-01 1.52e-01 1.52e-01 1.48e-01 1.40e-01 1.27e-01 1.10e-01 9.10e-02 7.07e-02 5.17e-02 3.54e-02 2.27e-02 1.36e-02 7.69e-03 4.04e-03 1.94e-03 8.32e-04 3.14e-04 1.01e-04 2.21e-05 -2.21e-05 
-1.13e-04 1.13e-04 1.99e-04 5.21e-04 1.28e-03 2.82e-03 5.63e-03 1.04e-02 1.79e-02 2.88e-02 4.35e-02 6.12e-02 8.07e-02 1.00e-01 1.17e-01 1.30e-01 1.38e-01 1.42e-01 1.41e-01 1.39e-01 1.36e-01 1.32e-01 1.30e-01 1.28e-01 1.28e-01 1.28e-01 1.29e-01 1.30e-01 1.31e-01 1.32e-01 1.32e-01 1.32e-01 1.31e-01 1.30e-01 1.29e-01 1.28e-01 1.28e-01 1.28e-01 1.30e-01 1.32e-01 1.36e-01 1.39e-01 1.41e-01 1.42e-01 1.38e-01 1.30e-01 1.17e-01 1.00e-01 8.07e-02 6.12e-02 4.35e-02 2.88e-02 1.79e-02 1.04e-02 5.63e-03 2.82e-03 1.28e-03 5.17e-04 1.80e-04 4.15e-05 -4.15e-05 
-1.97e-04 1.97e-04 3.25e-04 7.90e-04 1.84e-03 3.86e-03 7.44e-03 1.33e-02 2.23e-02 3.49e-02 5.08e-02 6.91e-02 8.79e-02 1.05e-01 1.19e-01 1.27e-01 1.31e-01 1.31e-01 1.28e-01 1.25e-01 1.22e-01 1.19e-01 1.18e-01 1.19e-01 1.20e-01 1.23e-01 1.25e-01 1.28e-01 1.30e-01 1.31e-01 1.32e-01 1.31e-01 1.30e-01 1.28e-01 1.25e-01 1.23e-01 1.20e-01 1.19e-01 1.18e-01 1.19e-01 1.22e-01 1.25e-01 1.28e-01 1.31e-01 1.31e-01 1.27e-01 1.19e-01 1.05e-01 8.79e-02 6.91e-02 5.08e-02 3.49e-02 2.23e-02 1.33e-02 7.44e-03 3.86e-03 1.83e-03 7.82e-04 2.89e-04 7.00e-05 -7.00e-05 
-3.11e-04 3.11e-04 4.88e-04 1.11e-03 2.47e-03 5.00e-03 9.36e-03 1.63e-02 2.65e-02 4.02e-02 5.68e-02 7.46e-02 9.18e-02 1.06e-01 1.15e-01 1.20e-01 1.21e-01 1.18e-01 1.15e-01 1.11e-01 1.09e-01 1.09e-01 1.10e-01 1.13e-01 1.16e-01 1.21e-01 1.25e-01 1.29e-01 1.32e-01 1.35e-01 1.35e-01 1.35e-01 1.32e-01 1.29e-01 1.25e-01 1.21e-01 1.16e-01 1.13e-01 1.10e-01 1.09e-01 1.09e-01 1.11e-01 1.15e-01 1.18e-01 1.21e-01 1.20e-01 1.15e-01 1.06e-01 9.18e-02 7.46e-02 5.68e-02 4.02e-02 2.65e-02 1.63e-02 9.36e-03 5.00e-03 2.46e-03 1.10e-03 4.27e-04 1.07e-04 -1.07e-04 
-4.52e-04 4.52e-04 6.81e-04 1.47e-03 3.13e-03 6.16e-03 1.12e-02 1.91e-02 3.02e-02 4.44e-02 6.08e-02 7.74e-02 9.21e-02 1.03e-01 1.09e-01 1.10e-01 1.08e-01 1.05e-01 1.02e-01 9.98e-02 9.96e-02 1.01e-01 1.05e-01 1.09e-01 1.15e-01 1.21e-01 1.28e-01 1.34e-01 1.38e-01 1.41e-01 1.42e-01 1.41e-01 1.38e-01 1.34e-01 1.28e-01 1.21e-01 1.15e-01 1.09e-01 1.05e-01 1.01e-01 9.96e-02 9.98e-02 1.02e-01 1.05e-01 1.08e-01 1.10e-01 1.09e-01 1.03e-01 9.21e-02 7.74e-02 6.08e-02 4.44e-02 3.02e-02 1.91e-02 1.12e-02 6.16e-03 3.12e-03 1.44e-03 5.85e-04 1.52e-04 -1.52e-04 
-6.09e-04 6.09e-04 8.87e-04 1.83e-03 3.77e-03 7.23e-03 1.29e-02 2.13e-02 3.29e-02 4.71e-02 6.25e-02 7.73e-02 8.92e-02 9.68e-02 9.97e-02 9.89e-02 9.60e-02 9.28e-02 9.06e-02 9.02e-02 9.18e-02 9.54e-02 1.01e-01 1.08e-01 1.15e-01 1.24e-01 1.32e-01 1.40e-01 1.47e-01 1.51e-01 1.53e-01 1.51e-01 1.47e-01 1.40e-01 1.32e-01 1.24e-01 1.15e-01 1.08e-01 1.01e-01 9.54e-02 9.18e-02 9.02e-02 9.06e-02 9.28e-02 9.60e-02 9.89e-02 9.97e-02 9.68e-02 8.92e-02 7.73e-02 6.25e-02 4.71e-02 3.29e-02 2.13e-02 1.29e-02 7.23e-03 3.76e-03 1.79e-03 7.50e-04 1.99e-04 -1.99e-04 
-7.66e-04 7.66e-04 1.09e-03 2.16e-03 4.33e-03 8.10e-03 1.41e-02 2.29e-02 3.44e-02 4.80e-02 6.20e-02 7.45e-02 8.37e-02 8.85e-02 8.91e-02 8.71e-02 8.41e-02 8.15e-02 8.07e-02 8.19e-02 8.52e-02 9.06e-02 9.77e-02 1.06e-01 1.16e-01 1.27e-01 1.39e-01 1.49e-01 1.58e-01 1.64e-01 1.67e-01 1.64e-01 1.58e-01 1.49e-01 1.39e-01 1.27e-01 1.16e-01 1.06e-01 9.77e-02 9.06e-02 8.52e-02 8.19e-02 8.07e-02 8.15e-02 8.41e-02 8.71e-02 8.91e-02 8.85e-02 8.37e-02 7.45e-02 6.20e-02 4.80e-02 3.44e-02 2.29e-02 1.41e-02 8.10e-03 4.31e-03 2.11e-03 9.05e-04 2.45e-04 -2.45e-04 
-9.03e-04 9.03e-04 1.25e-03 2.42e-03 4.72e-03 8.66e-03 1.48e-02 2.35e-02 3.46e-02 4.70e-02 5.93e-02 6.95e-02 7.62e-02 7.88e-02 7.81e-02 7.55e-02 7.27e-02 7.13e-02 7.18e-02 7.44e-02 7.92e-02 8.59e-02 9.46e-02 1.05e-01 1.18e-01 1.31e-01 1.46e-01 1.61e-01 1.73e-01 1.82e-01 1.85e-01 1.82e-01 1.73e-01 1.61e-01 1.46e-01 1.31e-01 1.18e-01 1.05e-01 9.46e-02 8.59e-02 7.92e-02 7.44e-02 7.18e-02 7.13e-02 7.27e-02 7.55e-02 7.81e-02 7.88e-02 7.62e-02 6.95e-02 5.93e-02 4.70e-02 3.46e-02 2.35e-02 1.48e-02 8.66e-03 4.70e-03 2.35e-03 1.03e-03 2.83e-04 -2.83e-04 
-1.00e-03 1.00e-03 1.36e-03 2.56e-03 4.90e-03 8.83e-03 1.48e-02 2.31e-02 3.33e-02 4.44e-02 5.47e-02 6.27e-02 6.73e-02 6.83e-02 6.68e-02 6.43e-02 6.24e-02 6.19e-02 6.34e-02 6.70e-02 7.27e-02 8.06e-02 9.06e-02 1.03e-01 1.18e-01 1.35e-01 1.54e-01 1.74e-01 1.92e-01 2.06e-01 2.11e-01 2.06e-01 1.92e-01 1.74e-01 1.54e-01 1.35e-01 1.18e-01 1.03e-01 9.06e-02 8.06e-02 7.27e-02 6.70e-02 6.34e-02 6.19e-02 6.24e-02 6.43e-02 6.68e-02 6.83e-02 6.73e-02 6.27e-02 5.47e-02 4.44e-02 3.33e-02 2.31e-02 1.48e-02 8.83e-03 4.88e-03 2.48e-03 1.11e-03 3.08e-04 -3.08e-04 
-1.04e-03 1.04e-03 1.40e-03 2.57e-03 4.82e-03 8.55e-03 1.41e-02 2.17e-02 3.07e-02 4.01e-02 4.86e-02 5.46e-02 5.75e-02 5.76e-02 5.59e-02 5.37e-02 5.24e-02 5.27e-02 5.50e-02 5.93e-02 6.56e-02 7.40e-02 8.49e-02 9.87e-02 1.16e-01 1.37e-01 1.62e-01 1.89e-01 2.17e-01 2.38e-01 2.47e-01 2.38e-01 2.17e-01 1.89e-01 1.62e-01 1.37e-01 1.16e-01 9.87e-02 8.49e-02 7.40e-02 6.56e-02 5.93e-02 5.50e-02 5.27e-02 5.24e-02 5.37e-02 5.59e-02 5.76e-02 5.75e-02 5.46e-02 4.86e-02 4.01e-02 3.07e-02 2.17e-02 1.41e-02 8.54e-03 4.79e-03 2.47e-03 1.12e-03 3.15e-04 -3.15e-04 
-1.00e-03 1.00e-03 1.33e-03 2.41e-03 4.46e-03 7.81e-03 1.27e-02 1.92e-02 2.68e-02 3.45e-02 4.11e-02 4.55e-02 4.73e-02 4.69e-02 4.52e-02 4.35e-02 4.29e-02 4.38e-02 4.64e-02 5.08e-02 5.71e-02 6.56e-02 7.68e-02 9.14e-02 1.11e-01 1.35e-01 1.67e-01 2.05e-01 2.47e-01 2.84e-01 3.01e-01 2.84e-01 2.47e-01 2.05e-01 1.67e-01 1.35e-01 1.11e-01 9.14e-02 7.68e-02 6.56e-02 5.71e-02 5.08e-02 4.64e-02 4.38e-02 4.29e-02 4.35e-02 4.52e-02 4.69e-02 4.73e-02 4.55e-02 4.11e-02 3.45e-02 2.68e-02 1.92e-02 1.27e-02 7.80e-03 4.43e-03 2.31e-03 1.06e-03 3.00e-04 -3.00e-04 
-8.86e-04 8.86e-04 1.17e-03 2.08e-03 3.81e-03 6.61e-03 1.07e-02 1.59e-02 2.20e-02 2.79e-02 3.28e-02 3.59e-02 3.69e-02 3.62e-02 3.48e-02 3.37e-02 3.34e-02 3.45e-02 3.71e-02 4.12e-02 4.70e-02 5.49e-02 6.55e-02 8.00e-02 9.99e-02 1.27e-01 1.66e-01 2.17e-01 2.82e-01 3.50e-01 3.89e-01 3.50e-01 2.82e-01 2.17e-01 1.66e-01 1.27e-01 9.99e-02 8.00e-02 6.55e-02 5.49e-02 4.70e-02 4.12e-02 3.71e-02 3.45e-02 3.34e-02 3.37e-02 3.48e-02 3.62e-02 3.69e-02 3.59e-02 3.28e-02 2.79e-02 2.20e-02 1.59e-02 1.07e-02 6.60e-03 3.79e-03 2.00e-03 9.23e-04 2.63e-04 -2.63e-04 
-6.97e-04 6.97e-04 9.13e-04 1.61e-03 2.92e-03 5.03e-03 8.05e-03 1.19e-02 1.63e-02 2.05e-02 2.38e-02 2.58e-02 2.63e-02 2.57e-02 2.47e-02 2.39e-02 2.40e-02 2.51e-02 2.72e-02 3.05e-02 3.52e-02 4.16e-02 5.07e-02 6.33e-02 8.17e-02 1.09e-01 1.51e-01 2.16e-01 3.14e-01 4.46e-01 5.55e-01 4.46e-01 3.14e-01 2.16e-01 1.51e-01 1.09e-01 8.17e-02 6.33e-02 5.07e-02 4.16e-02 3.52e-02 3.05e-02 2.72e-02 2.51e-02 2.40e-02 2.39e-02 2.47e-02 2.57e-02 2.63e-02 2.58e-02 2.38e-02 2.05e-02 1.63e-02 1.19e-02 8.04e-03 5.02e-03 2.90e-03 1.54e-03 7.17e-04 2.05e-04 -2.05e-04 
-4.45e-04 4.45e-04 5.81e-04 1.02e-03 1.84e-03 3.14e-03 5.00e-03 7.36e-03 9.99e-03 1.25e-02 1.45e-02 1.56e-02 1.58e-02 1.53e-02 1.48e-02 1.44e-02 1.45e-02 1.51e-02 1.66e-02 1.87e-02 2.18e-02 2.61e-02 3.22e-02 4.11e-02 5.46e-02 7.63e-02 1.13e-01 1.82e-01 3.13e-01 5.65e-01 9.38e-01 5.65e-01 3.13e-01 1.82e-01 1.13e-01 7.63e-02 5.46e-02 4.11e-02 3.22e-02 2.61e-02 2.18e-02 1.87e-02 1.66e-02 1.51e-02 1.45e-02 1.44e-02 1.48e-02 1.53e-02 1.58e-02 1.56e-02 1.45e-02 1.25e-02 9.99e-03 7.36e-03 5.00e-03 3.14e-03 1.82e-03 9.72e-04 4.55e-04 1.30e-04 -1.30e-04 
-1.53e-04 1.53e-04 1.99e-04 3.48e-04 6.27e-04 1.07e-03 1.70e-03 2.49e-03 3.37e-03 4.20e-03 4.84e-03 5.19e-03 5.26e-03 5.14e-03 4.91e-03 4.74e-03 4.81e-03 5.12e-03 5.59e-03 6.35e-03 7.42e-03 8.90e-03 1.11e-02 1.43e-02 1.94e-02 2.81e-02 4.51e-02 8.38e-02 1.92e-01 5.65e-01 2.07e+00 5.65e-01 1.92e-01 8.38e-02 4.51e-02 2.81e-02 1.94e-02 1.43e-02 1.11e-02 8.90e-03 7.42e-03 6.35e-03 5.59e-03 5.12e-03 4.81e-03 4.74e-03 4.91e-03 5.14e-03 5.26e-03 5.19e-03 4.84e-03 4.20e-03 3.37e-03 2.49e-03 1.70e-03 1.07e-03 6.22e-04 3.32e-04 1.56e-04 4.48e-05 -4.48e-05 
1.53e-04 -1.53e-04 -1.99e-04 -3.48e-04 -6.27e-04 -1.07e-03 -1.70e-03 -2.49e-03 -3.37e-03 -4.20e-03 -4.84e-03 -5.19e-03 -5.26e-03 -5.14e-03 -4.91e-03 -4.74e-03 -4.81e-03 -5.12e-03 -5.59e-03 -6.35e-03 -7.42e-03 -8.90e-03 -1.11e-02 -1.43e-02 -1.94e-02 -2.81e-02 -4.51e-02 -8.38e-02 -1.92e-01 -5.65e-01 -2.07e+00 -5.65e-01 -1.92e-01 -8.38e-02 -4.51e-02 -2.81e-02 -1.94e-02 -1.43e-02 -1.11e-02 -8.90e-03 -7.42e-03 -6.35e-03 -5.59e-03 -5.12e-03 -4.81e-03 -4.74e-03 -4.91e-03 -5.14e-03 -5.26e-03 -5.19e-03 -4.84e-03 -4.20e-03 -3.37e-03 -2.49e-03 -1.70e-03 -1.07e-03 -6.22e-04 -3.32e-04 -1.56e-04 -4.48e-05 4.48e-05 
4.45e-04 -4.45e-04 -5.81e-04 -1.02e-03 -1.84e-03 -3.14e-03 -5.00e-03 -7.36e-03 -9.99e-03 -1.25e-02 -1.45e-02 -1.56e-02 -1.58e-02 -1.53e-02 -1.48e-02 -1.44e-02 -1.45e-02 -1.51e-02 -1.66e-02 -1.87e-02 -2.18e-02 -2.61e-02 -3.22e-02 -4.11e-02 -5.46e-02 -7.63e-02 -1.13e-01 -1.82e-01 -3.13e-01 -5.65e-01 -9.38e-01 -5.65e-01 -3.13e-01 -1.82e-01 -1.13e-01 -7.63e-02 -5.46e-02 -4.11e-02 -3.22e-02 -2.61e-02 -2.18e-02 -1.87e-02 -1.66e-02 -1.51e-02 -1.45e-02 -1.44e-02 -1.48e-02 -1.53e-02 -1.58e-02 -1.56e-02 -1.45e-02 -1.25e-02 -9.99e-03 -7.36e-03 -5.00e-03 -3.14e-03 -1.82e-03 -9.72e-04 -4.55e-04 -1.30e-04 1.30e-04 
6.97e-04 -6.97e-04 -9.13e-04 -1.61e-03 -2.92e-03 -5.03e-03 -8.05e-03 -1.19e-02 -1.63e-02 -2.05e-02 -2.38e-02 -2.58e-02 -2.63e-02 -2.57e-02 -2.47e-02 -2.39e-02 -2.40e-02 -2.51e-02 -2.72e-02 -3.05e-02 -3.52e-02 -4.16e-02 -5.07e-02 -6.33e-02 -8.17e-02 -1.09e-01 -1.51e-01 -2.16e-01 -3.14e-01 -4.46e-01 -5.55e-01 -4.46e-01 -3.14e-01 -2.16e-01 -1.51e-01 -1.09e-01 -8.17e-02 -6.33e-02 -5.07e-02 -4.16e-02 -3.52e-02 -3.05e-02 -2.72e-02 -2.51e-02 -2.40e-02 -2.39e-02 -2.47e-02 -2.57e-02 -2.63e-02 -2.58e-02 -2.38e-02 -2.05e-02 -1.63e-02 -1.19e-02 -8.04e-03 -5.02e-03 -2.90e-03 -1.54e-03 -7.17e-04 -2.05e-04 2.05e-04 
8.86e-04 -8.86e-04 -1.17e-03 -2.08e-03 -3.81e-03 -6.61e-03 -1.07e-02 -1.59e-02 -2.20e-02 -2.79e-02 -3.28e-02 -3.59e-02 -3.69e-02 -3.62e-02 -3.48e-02 -3.37e-02 -3.34e-02 -3.45e-02 -3.71e-02 -4.12e-02 -4.70e-02 -5.49e-02 -6.55e-02 -8.00e-02 -9.99e-02 -1.27e-01 -1.66e-01 -2.17e-01 -2.82e-01 -3.50e-01 -3.89e-01 -3.50e-01 -2.82e-01 -2.17e-01 -1.66e-01 -1.27e-01 -9.99e-02 -8.00e-02 -6.55e-02 -5.49e-02 -4.70e-02 -4.12e-02 -3.71e-02 -3.45e-02 -3.34e-02 -3.37e-02 -3.48e-02 -3.62e-02 -3.69e-02 -3.59e-02 -3.28e-02 -2.79e-02 -2.20e-02 -1.59e-02 -1.07e-02 -6.60e-03 -3.79e-03 -2.00e-03 -9.23e-04 -2.63e-04 2.63e-04 
1.00e-03 -1.00e-03 -1.33e-03 -2.41e-03 -4.46e-03 -7.81e-03 -1.27e-02 -1.92e-02 -2.68e-02 -3.45e-02 -4.11e-02 -4.55e-02 -4.73e-02 -4.69e-02 -4.52e-02 -4.35e-02 -4.29e-02 -4.38e-02 -4.64e-02 -5.08e-02 -5.71e-02 -6.56e-02 -7.68e-02 -9.14e-02 -1.11e-01 -1.35e-01 -1.67e-01 -2.05e-01 -2.47e-01 -2.84e-01 -3.01e-01 -2.84e-01 -2.47e-01 -2.05e-01 -1.67e-01 -1.35e-01 -1.11e-01 -9.14e-02 -7.68e-02 -6.56e-02 -5.71e-02 -5.08e-02 -4.64e-02 -4.38e-02 -4.29e-02 -4.35e-02 -4.52e-02 -4.69e-02 -4.73e-02 -4.55e-02 -4.11e-02 -3.45e-02 -2.68e-02 -1.92e-02 -1.27e-02 -7.80e-03 -4.43e-03 -2.31e-03 -1.06e-03 -3.00e-04 3.00e-04 
1.04e-03 -1.04e-03 -1.40e-03 -2.57e-03 -4.82e-03 -8.55e-03 -1.41e-02 -2.17e-02 -3.07e-02 -4.01e-02 -4.86e-02 -5.46e-02 -5.75e-02 -5.76e-02 -5.59e-02 -5.37e-02 -5.24e-02 -5.27e-02 -5.50e-02 -5.93e-02 -6.56e-02 -7.40e-02 -8.49e-02 -9.87e-02 -1.16e-01 -1.37e-01 -1.62e-01 -1.89e-01 -2.17e-01 -2.38e-01 -2.47e-01 -2.38e-01 -2.17e-01 -1.89e-01 -1.62e-01 -1.37e-01 -1.16e-01 -9.87e-02 -8.49e-02 -7.40e-02 -6.56e-02 -5.93e-02 -5.50e-02 -5.27e-02 -5.24e-02 -5.37e-02 -5.59e-02 -5.76e-02 -5.75e-02 -5.46e-02 -4.86e-02 -4.01e-02 -3.07e-02 -2.17e-02 -1.41e-02 -8.54e-03 -4.79e-03 -2.47e-03 -1.12e-03 -3.15e-04 3.15e-04 
1.00e-03 -1.00e-03 -1.36e-03 -2.56e-03 -4.90e-03 -8.83e-03 -1.48e-02 -2.31e-02 -3.33e-02 -4.44e-02 -5.47e-02 -6.27e-02 -6.73e-02 -6.83e-02 -6.68e-02 -6.43e-02 -6.24e-02 -6.19e-02 -6.34e-02 -6.70e-02 -7.27e-02 -8.06e-02 -9.06e-02 -1.03e-01 -1.18e-01 -1.35e-01 -1.54e-01 -1.74e-01 -1.92e-01 -2.06e-01 -2.11e-01 -2.06e-01 -1.92e-01 -1.74e-01 -1.54e-01 -1.35e-01 -1.18e-01 -1.03e-01 -9.06e-02 -8.06e-02 -7.27e-02 -6.70e-02 -6.34e-02 -6.19e-02 -6.24e-02 -6.43e-02 -6.68e-02 -6.83e-02 -6.73e-02 -6.27e-02 -5.47e-02 -4.44e-02 -3.33e-02 -2.31e-02 -1.48e-02 -8.83e-03 -4.88e-03 -2.48e-03 -1.11e-03 -3.08e-04 3.08e-04 
9.03e-04 -9.03e-04 -1.25e-03 -2.42e-03 -4.72e-03 -8.66e-03 -1.48e-02 -2.35e-02 -3.46e-02 -4.70e-02 -5.93e-02 -6.95e-02 -7.62e-02 -7.88e-02 -7.81e-02 -7.55e-02 -7.27e-02 -7.13e-02 -7.18e-02 -7.44e-02 -7.92e-02 -8.59e-02 -9.46e-02 -1.05e-01 -1.18e-01 -1.31e-01 -1.46e-01 -1.61e-01 -1.73e-01 -1.82e-01 -1.85e-01 -1.82e-01 -1.73e-01 -1.61e-01 -1.46e-01 -1.31e-01 -1.18e-01 -1.05e-01 -9.46e-02 -8.59e-02 -7.92e-02 -7.44e-02 -7.18e-02 -7.13e-02 -7.27e-02 -7.55e-02 -7.81e-02 -7.88e-02 -7.62e-02 -6.95e-02 -5.93e-02 -4.70e-02 -3.46e-02 -2.35e-02 -1.48e-02 -8.66e-03 -4.70e-03 -2.35e-03 -1.03e-03 -2.83e-04 2.83e-04 
7.66e-04 -7.66e-04 -1.09e-03 -2.16e-03 -4.33e-03 -8.10e-03 -1.41e-02 -2.29e-02 -3.44e-02 -4.80e-02 -6.20e-02 -7.45e-02 -8.37e-02 -8.85e-02 -8.91e-02 -8.71e-02 -8.41e-02 -8.15e-02 -8.07e-02 -8.19e-02 -8.52e-02 -9.06e-02 -9.77e-02 -1.06e-01 -1.16e-01 -1.27e-01 -1.39e-01 -1.49e-01 -1.58e-01 -1.64e-01 -1.67e-01 -1.64e-01 -1.58e-01 -1.49e-01 -1.39e-01 -1.27e-01 -1.16e-01 -1.06e-01 -9.77e-02 -9.06e-02 -8.52e-02 -8.19e-02 -8.07e-02 -8.15e-02 -8.41e-02 -8.71e-02 -8.91e-02 -8.85e-02 -8.37e-02 -7.45e-02 -6.20e-02 -4.80e-02 -3.44e-02 -2.29e-02 -1.41e-02 -8.10e-03 -4.31e-03 -2.11e-03 -9.05e-04 -2.45e-04 2.45e-04 
6.09e-04 -6.09e-04 -8.87e-04 -1.83e-03 -3.77e-03 -7.23e-03 -1.29e-02 -2.13e-02 -3.29e-02 -4.71e-02 -6.25e-02 -7.73e-02 -8.92e-02 -9.68e-02 -9.97e-02 -9.89e-02 -9.60e-02 -9.28e-02 -9.06e-02 -9.02e-02 -9.18e-02 -9.54e-02 -1.01e-01 -1.08e-01 -1.15e-01 -1.24e-01 -1.32e-01 -1.40e-01 -1.47e-01 -1.51e-01 -1.53e-01 -1.51e-01 -1.47e-01 -1.40e-01 -1.32e-01 -1.24e-01 -1.15e-01 -1.08e-01 -1.01e-01 -9.54e-02 -9.18e-02 -9.02e-02 -9.06e-02 -9.28e-02 -9.60e-02 -9.89e-02 -9.97e-02 -9.68e-02 -8.92e-02 -7.73e-02 -6.25e-02 -4.71e-02 -3.29e-02 -2.13e-02 -1.29e-02 -7.23e-03 -3.76e-03 -1.79e-03 -7.50e-04 -1.99e-04 1.99e-04 
4.52e-04 -4.52e-04 -6.81e-04 -1.47e-03 -3.13e-03 -6.16e-03 -1.12e-02 -1.91e-02 -3.02e-02 -4.44e-02 -6.08e-02 -7.74e-02 -9.21e-02 -1.03e-01 -1.09e-01 -1.10e-01 -1.08e-01 -1.05e-01 -1.02e-01 -9.98e-02 -9.96e-02 -1.01e-01 -1.05e-01 -1.09e-01 -1.15e-01 -1.21e-01 -1.28e-01 -1.34e-01 -1.38e-01 -1.41e-01 -1.42e-01 -1.41e-01 -1.38e-01 -1.34e-01 -1.28e-01 -1.21e-01 -1.15e-01 -1.09e-01 -1.05e-01 -1.01e-01 -9.96e-02 -9.98e-02 -1.02e-01 -1.05e-01 -1.08e-01 -1.10e-01 -1.09e-01 -1.03e-01 -9.21e-02 -7.74e-02 -6.08e-02 -4.44e-02 -3.02e-02 -1.91e-02 -1.12e-02 -6.16e-03 -3.12e-03 -1.44e-03 -5.85e-04 -1.52e-04 1.52e-04 
3.11e-04 -3.11e-04 -4.88e-04 -1.11e-03 -2.47e-03 -5.00e-03 -9.36e-03 -1.63e-02 -2.65e-02 -4.02e-02 -5.68e-02 -7.46e-02 -9.18e-02 -1.06e-01 -1.15e-01 -1.20e-01 -1.21e-01 -1.18e-01 -1.15e-01 -1.11e-01 -1.09e-01 -1.09e-01 -1.10e-01 -1.13e-01 -1.16e-01 -1.21e-01 -1.25e-01 -1.29e-01 -1.32e-01 -1.35e-01 -1.35e-01 -1.35e-01 -1.32e-01 -1.29e-01 -1.25e-01 -1.21e-01 -1.16e-01 -1.13e-01 -1.10e-01 -1.09e-01 -1.09e-01 -1.11e-01 -1.15e-01 -1.18e-01 -1.21e-01 -1.20e-01 -1.15e-01 -1.06e-01 -9.18e-02 -7.46e-02 -5.68e-02 -4.02e-02 -2.65e-02 -1.63e-02 -9.36e-03 -5.00e-03 -2.46e-03 -1.10e-03 -4.27e-04 -1.07e-04 1.07e-04 
1.97e-04 -1.97e-04 -3.25e-04 -7.90e-04 -1.84e-03 -3.86e-03 -7.44e-03 -1.33e-02 -2.23e-02 -3.49e-02 -5.08e-02 -6.91e-02 -8.79e-02 -1.05e-01 -1.19e-01 -1.27e-01 -1.31e-01 -1.31e-01 -1.28e-01 -1.25e-01 -1.22e-01 -1.19e-01 -1.18e-01 -1.19e-01 -1.20e-01 -1.23e-01 -1.25e-01 -1.28e-01 -1.30e-01 -1.31e-01 -1.32e-01 -1.31e-01 -1.30e-01 -1.28e-01 -1.25e-01 -1.23e-01 -1.20e-01 -1.19e-01 -1.18e-01 -1.19e-01 -1.22e-01 -1.25e-01 -1.28e-01 -1.31e-01 -1.31e-01 -1.27e-01 -1.19e-01 -1.05e-01 -8.79e-02 -6.91e-02 -5.08e-02 -3.49e-02 -2.23e-02 -1.33e-02 -7.44e-03 -3.86e-03 -1.83e-03 -7.82e-04 -2.89e-04 -7.00e-05 7.00e-05 
1.13e-04 -1.13e-04 -1.99e-04 -5.21e-04 -1.28e-03 -2.82e-03 -5.63e-03 -1.04e-02 -1.79e-02 -2.88e-02 -4.35e-02 -6.12e-02 -8.07e-02 -1.00e-01 -1.17e-01 -1.30e-01 -1.38e-01 -1.42e-01 -1.41e-01 -1.39e-01 -1.36e-01 -1.32e-01 -1.30e-01 -1.28e-01 -1.28e-01 -1.28e-01 -1.29e-01 -1.30e-01 -1.31e-01 -1.32e-01 -1.32e-01 -1.32e-01 -1.31e-01 -1.30e-01 -1.29e-01 -1.28e-01 -1.28e-01 -1.28e-01 -1.30e-01 -1.32e-01 -1.36e-01 -1.39e-01 -1.41e-01 -1.42e-01 -1.38e-01 -1.30e-01 -1.17e-01 -1.00e-01 -8.07e-02 -6.12e-02 -4.35e-02 -2.88e-02 -1.79e-02 -1.04e-02 -5.63e-03 -2.82e-03 -1.28e-03 -5.17e-04 -1.80e-04 -4.15e-05 4.15e-05 
5.85e-05 -5.85e-05 -1.10e-04 -3.15e-04 -8.32e-04 -1.94e-03 -4.04e-03 -7.69e-03 -1.36e-02 -2.27e-02 -3.54e-02 -5.17e-02 -7.07e-02 -9.10e-02 -1.10e-01 -1.27e-01 -1.40e-01 -1.48e-01 -1.52e-01 -1.52e-01 -1.50e-01 -1.48e-01 -1.45e-01 -1.42e-01 -1.40e-01 -1.38e-01 -1.38e-01 -1.38e-01 -1.38e-01 -1.38e-01 -1.38e-01 -1.38e-01 -1.38e-01 -1.38e-01 -1.38e-01 -1.38e-01 -1.40e-01 -1.42e-01 -1.45e-01 -1.48e-01 -1.50e-01 -1.52e-01 -1.52e-01 -1.48e-01 -1.40e-01 -1.27e-01 -1.10e-01 -9.10e-02 -7.07e-02 -5.17e-02 -3.54e-02 -2.27e-02 -1.36e-02 -7.69e-03 -4.04e-03 -1.94e-03 -8.32e-04 -3.14e-04 -1.01e-04 -2.21e-05 2.21e-05 
2.66e-05 -2.66e-05 -5.45e-05 -1.73e-04 -4.95e-04 -1.24e-03 -2.73e-03 -5.41e-03 -9.89e-03 -1.70e-02 -2.74e-02 -4.14e-02 -5.88e-02 -7.86e-02 -9.93e-02 -1.19e-01 -1.36e-01 -1.49e-01 -1.57e-01 -1.62e-01 -1.63e-01 -1.62e-01 -1.60e-01 -1.58e-01 -1.55e-01 -1.53e-01 -1.52e-01 -1.50e-01 -1.50e-01 -1.49e-01 -1.49e-01 -1.49e-01 -1.50e-01 -1.50e-01 -1.52e-01 -1.53e-01 -1.55e-01 -1.58e-01 -1.60e-01 -1.62e-01 -1.63e-01 -1.62e-01 -1.57e-01 -1.49e-01 -1.36e-01 -1.19e-01 -9.93e-02 -7.86e-02 -5.88e-02 -4.14e-02 -2.74e-02 -1.70e-02 -9.89e-03 -5.41e-03 -2.73e-03 -1.24e-03 -4.95e-04 -1.72e-04 -5.10e-05 -1.03e-05 1.03e-05 
1.05e-05 -1.05e-05 -2.37e-05 -8.38e-05 -2.65e-04 -7.22e-04 -1.71e-03 -3.58e-03 -6.80e-03 -1.20e-02 -2.00e-02 -3.14e-02 -4.63e-02 -6.42e-02 -8.42e-02 -1.05e-01 -1.24e-01 -1.41e-01 -1.55e-01 -1.64e-01 -1.70e-01 -1.73e-01 -1.74e-01 -1.73e-01 -1.72e-01 -1.70e-01 -1.68e-01 -1.67e-01 -1.66e-01 -1.65e-01 -1.65e-01 -1.65e-01 -1.66e-01 -1.67e-01 -1.68e-01 -1.70e-01 -1.72e-01 -1.73e-01 -1.74e-01 -1.73e-01 -1.70e-01 -1.64e-01 -1.55e-01 -1.41e-01 -1.24e-01 -1.05e-01 -8.42e-02 -6.42e-02 -4.63e-02 -3.14e-02 -2.00e-02 -1.20e-02 -6.80e-03 -3.58e-03 -1.71e-03 -7.22e-04 -2.65e-04 -8.36e-05 -2.25e-05 -4.21e-06 4.21e-06 
3.58e-06 -3.58e-06 -8.93e-06 -3.55e-05 -1.25e-04 -3.77e-04 -9.78e-04 -2.21e-03 -4.42e-03 -8.08e-03 -1.38e-02 -2.25e-02 -3.44e-02 -4.96e-02 -6.74e-02 -8.72e-02 -1.08e-01 -1.27e-01 -1.44e-01 -1.58e-01 -1.69e-01 -1.77e-01 -1.81e-01 -1.84e-01 -1.85e-01 -1.85e-01 -1.85e-01 -1.84e-01 -1.83e-01 -1.83e-01 -1.83e-01 -1.83e-01 -1.83e-01 -1.84e-01 -1.85e-01 -1.85e-01 -1.85e-01 -1.84e-01 -1.81e-01 -1.77e-01 -1.69e-01 -1.58e-01 -1.44e-01 -1.27e-01 -1.08e-01 -8.72e-02 -6.74e-02 -4.96e-02 -3.44e-02 -2.25e-02 -1.38e-02 -8.08e-03 -4.42e-03 -2.21e-03 -9.78e-04 -3.77e-04 -1.25e-04 -3.55e-05 -8.57e-06 -1.47e-06 1.47e-06 
1.04e-06 -1.04e-06 -2.89e-06 -1.30e-05 -5.13e-05 -1.73e-04 -4.97e-04 -1.23e-03 -2.66e-03 -5.12e-03 -9.07e-03 -1.51e-02 -2.40e-02 -3.59e-02 -5.08e-02 -6.81e-02 -8.71e-02 -1.07e-01 -1.25e-01 -1.43e-01 -1.57e-01 -1.69e-01 -1.78e-01 -1.85e-01 -1.90e-01 -1.93e-01 -1.94e-01 -1.95e-01 -1.96e-01 -1.96e-01 -1.96e-01 -1.96e-01 -1.96e-01 -1.95e-01 -1.94e-01 -1.93e-01 -1.90e-01 -1.85e-01 -1.78e-01 -1.69e-01 -1.57e-01 -1.43e-01 -1.25e-01 -1.07e-01 -8.71e-02 -6.81e-02 -5.08e-02 -3.59e-02 -2.40e-02 -1.51e-02 -9.07e-03 -5.12e-03 -2.66e-03 -1.23e-03 -4.97e-04 -1.73e-04 -5.13e-05 -1.30e-05 -2.80e-06 -4.37e-07 4.37e-07 
2.56e-07 -2.56e-07 -7.99e-07 -4.07e-06 -1.81e-05 -6.84e-05 -2.21e-04 -6.09e-04 -1.45e-03 -3.01e-03 -5.61e-03 -9.66e-03 -1.57e-02 -2.43e-02 -3.58e-02 -4.98e-02 -6.61e-02 -8.38e-02 -1.02e-01 -1.20e-01 -1.37e-01 -1.51e-01 -1.64e-01 -1.74e-01 -1.82e-01 -1.88e-01 -1.93e-01 -1.96e-01 -1.98e-01 -1.99e-01 -1.99e-01 -1.99e-01 -1.98e-01 -1.96e-01 -1.93e-01 -1.88e-01 -1.82e-01 -1.74e-01 -1.64e-01 -1.51e-01 -1.37e-01 -1.20e-01 -1.02e-01 -8.38e-02 -6.61e-02 -4.98e-02 -3.58e-02 -2.43e-02 -1.57e-02 -9.66e-03 -5.61e-03 -3.01e-03 -1.45e-03 -6.09e-04 -2.21e-04 -6.84e-05 -1.81e-05 -4.07e-06 -7.79e-07 -1.10e-07 1.10e-07 
5.31e-08 -5.31e-08 -1.87e-07 -1.08e-06 -5.43e-06 -2.32e-05 -8.44e-05 -2.62e-04 -6.94e-04 -1.59e-03 -3.20e-03 -5.80e-03 -9.74e-03 -1.55e-02 -2.35e-02 -3.39e-02 -4.66e-02 -6.13e-02 -7.72e-02 -9.37e-02 -1.10e-01 -1.26e-01 -1.40e-01 -1.52e-01 -1.62e-01 -1.71e-01 -1.77e-01 -1.82e-01 -1.86e-01 -1.87e-01 -1.88e-01 -1.87e-01 -1.86e-01 -1.82e-01 -1.77e-01 -1.71e-01 -1.62e-01 -1.52e-01 -1.40e-01 -1.26e-01 -1.10e-01 -9.37e-02 -7.72e-02 -6.13e-02 -4.66e-02 -3.39e-02 -2.35e-02 -1.55e-02 -9.74e-03 -5.80e-03 -3.20e-03 -1.59e-03 -6.94e-04 -2.62e-04 -8.44e-05 -2.32e-05 -5.43e-06 -1.08e-06 -1.84e-07 -2.33e-08 2.33e-08 
9.28e-09 -9.28e-09 -3.71e-08 -2.45e-07 -1.39e-06 -6.70e-06 -2.75e-05 -9.62e-05 -2.87e-04 -7.36e-04 -1.63e-03 -3.19e-03 -5.66e-03 -9.32e-03 -1.45e-02 -2.16e-02 -3.07e-02 -4.16e-02 -5.42e-02 -6.79e-02 -8.21e-02 -9.63e-02 -1.10e-01 -1.22e-01 -1.33e-01 -1.43e-01 -1.51e-01 -1.57e-01 -1.61e-01 -1.63e-01 -1.64e-01 -1.63e-01 -1.61e-01 -1.57e-01 -1.51e-01 -1.43e-01 -1.33e-01 -1.22e-01 -1.10e-01 -9.63e-02 -8.21e-02 -6.79e-02 -5.42e-02 -4.16e-02 -3.07e-02 -2.16e-02 -1.45e-02 -9.32e-03 -5.66e-03 -3.19e-03 -1.63e-03 -7.36e-04 -2.87e-04 -9.62e-05 -2.75e-05 -6.70e-06 -1.39e-06 -2.45e-07 -3.65e-08 -4.14e-09 4.14e-09 
1.35e-09 -1.35e-09 -6.18e-09 -4.66e-08 -3.00e-07 -1.64e-06 -7.62e-06 -3.01e-05 -1.02e-04 -2.93e-04 -7.25e-04 -1.56e-03 -2.99e-03 -5.20e-03 -8.43e-03 -1.29e-02 -1.89e-02 -2.64e-02 -3.53e-02 -4.56e-02 -5.67e-02 -6.83e-02 -7.98e-02 -9.09e-02 -1.01e-01 -1.10e-01 -1.18e-01 -1.24e-01 -1.28e-01 -1.31e-01 -1.32e-01 -1.31e-01 -1.28e-01 -1.24e-01 -1.18e-01 -1.10e-01 -1.01e-01 -9.09e-02 -7.98e-02 -6.83e-02 -5.67e-02 -4.56e-02 -3.53e-02 -2.64e-02 -1.89e-02 -1.29e-02 -8.43e-03 -5.20e-03 -2.99e-03 -1.56e-03 -7.25e-04 -2.93e-04 -1.02e-04 -3.01e-05 -7.62e-06 -1.64e-06 -3.00e-07 -4.65e-08 -6.11e-09 -6.14e-10 6.14e-10 
1.64e-10 -1.64e-10 -8.61e-10 -7.45e-09 -5.47e-08 -3.40e-07 -1.79e-06 -8.01e-06 -3.05e-05 -9.93e-05 -2.76e-04 -6.65e-04 -1.40e-03 -2.63e-03 -4.50e-03 -7.18e-03 -1.08e-02 -1.56e-02 -2.15e-02 -2.84e-02 -3.63e-02 -4.47e-02 -5.35e-02 -6.22e-02 -7.05e-02 -7.80e-02 -8.45e-02 -8.98e-02 -9.36e-02 -9.60e-02 -9.68e-02 -9.60e-02 -9.36e-02 -8.98e-02 -8.45e-02 -7.80e-02 -7.05e-02 -6.22e-02 -5.35e-02 -4.47e-02 -3.63e-02 -2.84e-02 -2.15e-02 -1.56e-02 -1.08e-02 -7.18e-03 -4.50e-03 -2.63e-03 -1.40e-03 -6.65e-04 -2.76e-04 -9.93e-05 -3.05e-05 -8.01e-06 -1.79e-06 -3.40e-07 -5.47e-08 -7.45e-09 -8.54e-10 -7.54e-11 7.54e-11 
1.63e-11 -1.63e-11 -9.97e-11 -9.99e-10 -8.41e-09 -5.95e-08 -3.56e-07 -1.81e-06 -7.79e-06 -2.86e-05 -8.98e-05 -2.42e-04 -5.67e-04 -1.17e-03 -2.16e-03 -3.65e-03 -5.75e-03 -8.56e-03 -1.21e-02 -1.65e-02 -2.16e-02 -2.72e-02 -3.32e-02 -3.94e-02 -4.54e-02 -5.09e-02 -5.59e-02 -5.99e-02 -6.30e-02 -6.48e-02 -6.55e-02 -6.48e-02 -6.30e-02 -5.99e-02 -5.59e-02 -5.09e-02 -4.54e-02 -3.94e-02 -3.32e-02 -2.72e-02 -2.16e-02 -1.65e-02 -1.21e-02 -8.56e-03 -5.75e-03 -3.65e-03 -2.16e-03 -1.17e-03 -5.67e-04 -2.42e-04 -8.98e-05 -2.86e-05 -7.79e-06 -1.81e-06 -3.56e-07 -5.95e-08 -8.41e-09 -9.99e-10 -9.91e-11 -7.61e-12 7.61e-12 
1.32e-12 -1.32e-12 -9.52e-12 -1.11e-10 -1.08e-09 -8.78e-09 -5.99e-08 -3.45e-07 -1.69e-06 -6.99e-06 -2.48e-05 -7.51e-05 -1.97e-04 -4.49e-04 -9.06e-04 -1.65e-03 -2.76e-03 -4.30e-03 -6.33e-03 -8.86e-03 -1.19e-02 -1.54e-02 -1.91e-02 -2.31e-02 -2.70e-02 -3.08e-02 -3.42e-02 -3.70e-02 -3.91e-02 -4.04e-02 -4.09e-02 -4.04e-02 -3.91e-02 -3.70e-02 -3.42e-02 -3.08e-02 -2.70e-02 -2.31e-02 -1.91e-02 -1.54e-02 -1.19e-02 -8.86e-03 -6.33e-03 -4.30e-03 -2.76e-03 -1.65e-03 -9.06e-04 -4.49e-04 -1.97e-04 -7.51e-05 -2.48e-05 -6.99e-06 -1.69e-06 -3.45e-07 -5.99e-08 -8.78e-09 -1.08e-09 -1.11e-10 -9.48e-12 -6.23e-13 6.23e-13 
8.54e-14 -8.54e-14 -7.40e-13 -1.02e-11 -1.16e-10 -1.09e-09 -8.50e-09 -5.58e-08 -3.09e-07 -1.45e-06 -5.80e-06 -1.98e-05 -5.81e-05 -1.48e-04 -3.29e-04 -6.52e-04 -1.17e-03 -1.93e-03 -2.99e-03 -4.35e-03 -6.03e-03 -8.00e-03 -1.02e-02 -1.26e-02 -1.50e-02 -1.73e-02 -1.94e-02 -2.12e-02 -2.25e-02 -2.34e-02 -2.37e-02 -2.34e-02 -2.25e-02 -2.12e-02 -1.94e-02 -1.73e-02 -1.50e-02 -1.26e-02 -1.02e-02 -8.00e-03 -6.03e-03 -4.35e-03 -2.99e-03 -1.93e-03 -1.17e-03 -6.52e-04 -3.29e-04 -1.48e-04 -5.81e-05 -1.98e-05 -5.80e-06 -1.45e-06 -3.09e-07 -5.58e-08 -8.50e-09 -1.09e-09 -1.16e-10 -1.02e-11 -7.38e-13 -4.08e-14 4.08e-14 
4.30e-15 -4.30e-15 -4.60e-14 -7.67e-13 -1.03e-11 -1.12e-10 -1.01e-09 -7.61e-09 -4.80e-08 -2.56e-07 -1.16e-06 -4.45e-06 -1.46e-05 -4.16e-05 -1.03e-04 -2.24e-04 -4.36e-04 -7.73e-04 -1.26e-03 -1.94e-03 -2.80e-03 -3.84e-03 -5.04e-03 -6.36e-03 -7.73e-03 -9.08e-03 -1.03e-02 -1.14e-02 -1.22e-02 -1.27e-02 -1.29e-02 -1.27e-02 -1.22e-02 -1.14e-02 -1.03e-02 -9.08e-03 -7.73e-03 -6.36e-03 -5.04e-03 -3.84e-03 -2.80e-03 -1.94e-03 -1.26e-03 -7.73e-04 -4.36e-04 -2.24e-04 -1.03e-04 -4.16e-05 -1.46e-05 -4.45e-06 -1.16e-06 -2.56e-07 -4.80e-08 -7.61e-09 -1.01e-09 -1.12e-10 -1.03e-11 -7.67e-13 -4.59e-14 -2.07e-15 2.07e-15 
1.62e-16 -1.62e-16 -2.23e-15 -4.61e-14 -7.43e-13 -9.60e-12 -1.01e-10 -8.79e-10 -6.37e-09 -3.88e-08 -1.99e-07 -8.68e-07 -3.23e-06 -1.03e-05 -2.86e-05 -6.92e-05 -1.49e-04 -2.87e-04 -5.07e-04 -8.26e-04 -1.26e-03 -1.81e-03 -2.47e-03 -3.22e-03 -4.02e-03 -4.82e-03 -5.58e-03 -6.24e-03 -6.75e-03 -7.07e-03 -7.19e-03 -7.07e-03 -6.75e-03 -6.24e-03 -5.58e-03 -4.82e-03 -4.02e-03 -3.22e-03 -2.47e-03 -1.81e-03 -1.26e-03 -8.26e-04 -5.07e-04 -2.87e-04 -1.49e-04 -6.92e-05 -2.86e-05 -1.03e-05 -3.23e-06 -8.68e-07 -1.99e-07 -3.88e-08 -6.37e-09 -8.79e-10 -1.01e-10 -9.60e-12 -7.43e-13 -4.61e-14 -2.23e-15 -7.91e-17 7.91e-17 
8.65e-18 -8.65e-18 -1.63e-16 -4.31e-15 -8.58e-14 -1.33e-12 -1.66e-11 -1.67e-10 -1.40e-09 -9.68e-09 -5.63e-08 -2.76e-07 -1.15e-06 -4.09e-06 -1.25e-05 -3.32e-05 -7.73e-05 -1.60e-04 -3.00e-04 -5.15e-04 -8.18e-04 -1.22e-03 -1.71e-03 -2.27e-03 -2.89e-03 -3.52e-03 -4.12e-03 -4.64e-03 -5.05e-03 -5.31e-03 -5.40e-03 -5.31e-03 -5.05e-03 -4.64e-03 -4.12e-03 -3.52e-03 -2.89e-03 -2.27e-03 -1.71e-03 -1.22e-03 -8.18e-04 -5.15e-04 -3.00e-04 -1.60e-04 -7.73e-05 -3.32e-05 -1.25e-05 -4.09e-06 -1.15e-06 -2.76e-07 -5.63e-08 -9.68e-09 -1.40e-09 -1.67e-10 -1.66e-11 -1.33e-12 -8.58e-14 -4.31e-15 -1.62e-16 -4.25e-18 4.25e-18 
-8.65e-18 8.65e-18 1.63e-16 4.31e-15 8.58e-14 1.33e-12 1.66e-11 1.67e-10 1.40e-09 9.68e-09 5.63e-08 2.76e-07 1.15e-06 4.09e-06 1.25e-05 3.32e-05 7.73e-05 1.60e-04 3.00e-04 5.15e-04 8.18e-04 1.22e-03 1.71e-03 2.27e-03 2.89e-03 3.52e-03 4.12e-03 4.64e-03 5.05e-03 5.31e-03 5.40e-03 5.31e-03 5.05e-03 4.64e-03 4.12e-03 3.52e-03 2.89e-03 2.27e-03 1.71e-03 1.22e-03 8.18e-04 5.15e-04 3.00e-04 1.60e-04 7.73e-05 3.32e-05 1.25e-05 4.09e-06 1.15e-06 2.76e-07 5.63e-08 9.68e-09 1.40e-09 1.67e-10 1.66e-11 1.33e-12 8.58e-14 4.31e-15 1.62e-16 4.25e-18 -4.25e-18 
