0.00e+00 -0.00e+00 -0.00e+00 -0.00e+00 -0.00e+00 -0.00e+00 -0.00e+00 -0.00e+00 -0.00e+00 -0.00e+00 -0.00e+00 -0.00e+00 -0.00e+00 -0.00e+00 -0.00e+00 -0.00e+00 -0.00e+00 -0.00e+00 -0.00e+00 -0.00e+00 -0.00e+00 -0.00e+00 -0.00e+00 -0.00e+00 -0.00e+00 -0.00e+00 -0.00e+00 -0.00e+00 -0.00e+00 -0.00e+00 -0.00e+00 -0.00e+00 -0.00e+00 -0.00e+00 -0.00e+00 -0.00e+00 -0.00e+00 -0.00e+00 -0.00e+00 -0.00e+00 -0.00e+00 -0.00e+00 -0.00e+00 -0.00e+00 -0.00e+00 -0.00e+00 -0.00e+00 -0.00e+00 -0.00e+00 -0.00e+00 -0.00e+00 -0.00e+00 -0.00e+00 -0.00e+00 -0.00e+00 -0.00e+00 -0.00e+00 -0.00e+00 -0.00e+00 -0.00e+00 0.00e+00 
-0.00e+00 0.00e+00 0.00e+00 0.00e+00 0.00e+00 0.00e+00 0.00e+00 0.00e+00 0.00e+00 0.00e+00 0.00e+00 0.00e+00 0.00e+00 0.00e+00 0.00e+00 0.00e+00 0.00e+00 0.00e+00 0.00e+00 0.00e+00 0.00e+00 0.00e+00 0.00e+00 0.00e+00 0.00e+00 0.00e+00 0.00e+00 0.00e+00 0.00e+00 0.00e+00 0.00e+00 0.00e+00 0.00e+00 0.00e+00 0.00e+00 0.00e+00 0.00e+00 0.00e+00 0.00e+00 0.00e+00 0.00e+00 0.00e+00 0.00e+00 0.00e+00 0.00e+00 0.00e+00 0.00e+00 0.00e+00 0.00e+00 0.00e+00 0.00e+00 0.00e+00 0.00e+00 0.00e+00 0.00e+00 0.00e+00 0.00e+00 0.00e+00 0.00e+00 0.00e+00 -0.00e+00 
-0.00e+00 0.00e+00 0.00e+00 0.00e+00 0.00e+00 0.00e+00 0.00e+00 0.00e+00 0.00e+00 0.00e+00 0.00e+00 0.00e+00 0.00e+00 0.00e+00 0.00e+00 0.00e+00 0.00e+00 0.00e+00 0.00e+00 0.00e+00 0.00e+00 0.00e+00 0.00e+00 0.00e+00 0.00e+00 0.00e+00 0.00e+00 0.00e+00 0.00e+00 0.00e+00 0.00e+00 0.00e+00 0.00e+00 0.00e+00 0.00e+00 0.00e+00 0.00e+00 0.00e+00 0.00e+00 0.00e+00 0.00e+00 0.00e+00 0.00e+00 0.00e+00 0.00e+00 0.00e+00 0.00e+00 0.00e+00 0.00e+00 0.00e+00 0.00e+00 0.00e+00 0.00e+00 0.00e+00 0.00e+00 0.00e+00 0.00e+00 0.00e+00 0.00e+00 0.00e+00 -0.00e+00 
-0.00e+00 0.00e+00 0.00e+00 0.00e+00 0.00e+00 0.00e+00 0.00e+00 0.00e+00 0.00e+00 0.00e+00 0.00e+00 0.00e+00 0.00e+00 0.00e+00 0.00e+00 0.00e+00 0.00e+00 0.00e+00 0.00e+00 0.00e+00 0.00e+00 0.00e+00 0.00e+00 0.00e+00 0.00e+00 0.00e+00 0.00e+00 0.00e+00 0.00e+00 0.00e+00 0.00e+00 0.00e+00 0.00e+00 0.00e+00 0.00e+00 0.00e+00 0.00e+00 0.00e+00 0.00e+00 0.00e+00 0.00e+00 0.00e+00 0.00e+00 0.00e+00 0.00e+00 0.00e+00 0.00e+00 0.00e+00 0.00e+00 0.00e+00 0.00e+00 0.00e+00 0.00e+00 0.00e+00 0.00e+00 0.00e+00 0.00e+00 0.00e+00 0.00e+00 0.00e+00 -0.00e+00 
-0.00e+00 0.00e+00 0.00e+00 0.00e+00 0.00e+00 0.00e+00 0.00e+00 0.00e+00 0.00e+00 0.00e+00 0.00e+00 0.00e+00 0.00e+00 0.00e+00 0.00e+00 0.00e+00 0.00e+00 0.00e+00 0.00e+00 0.00e+00 0.00e+00 0.00e+00 0.00e+00 0.00e+00 0.00e+00 0.00e+00 0.00e+00 0.00e+00 0.00e+00 0.00e+00 0.00e+00 0.00e+00 0.00e+00 0.00e+00 0.00e+00 0.00e+00 0.00e+00 0.00e+00 0.00e+00 0.00e+00 0.00e+00 0.00e+00 0.00e+00 0.00e+00 0.00e+00 0.00e+00 0.00e+00 0.00e+00 0.00e+00 0.00e+00 0.00e+00 0.00e+00 0.00e+00 0.00e+00 0.00e+00 0.00e+00 0.00e+00 0.00e+00 0.00e+00 0.00e+00 -0.00e+00 
-0.00e+00 0.00e+00 0.00e+00 0.00e+00 0.00e+00 0.00e+00 0.00e+00 0.00e+00 0.00e+00 0.00e+00 0.00e+00 0.00e+00 0.00e+00 0.00e+00 0.00e+00 0.00e+00 0.00e+00 0.00e+00 0.00e+00 0.00e+00 0.00e+00 0.00e+00 0.00e+00 0.00e+00 0.00e+00 0.00e+00 0.00e+00 0.00e+00 0.00e+00 0.00e+00 1.18e-17 0.00e+00 0.00e+00 0.00e+00 0.00e+00 0.00e+00 0.00e+00 0.00e+00 0.00e+00 0.00e+00 0.00e+00 0.00e+00 0.00e+00 0.00e+00 0.00e+00 0.00e+00 0.00e+00 0.00e+00 0.00e+00 0.00e+00 0.00e+00 0.00e+00 0.00e+00 0.00e+00 0.00e+00 0.00e+00 0.00e+00 0.00e+00 0.00e+00 0.00e+00 -0.00e+00 
-0.00e+00 0.00e+00 0.00e+00 0.00e+00 0.00e+00 0.00e+00 0.00e+00 0.00e+00 0.00e+00 0.00e+00 0.00e+00 0.00e+00 0.00e+00 0.00e+00 0.00e+00 0.00e+00 0.00e+00 0.00e+00 0.00e+00 0.00e+00 0.00e+00 0.00e+00 0.00e+00 0.00e+00 0.00e+00 0.00e+00 0.00e+00 0.00e+00 0.00e+00 2.83e-16 1.20e-15 2.83e-16 0.00e+00 0.00e+00 0.00e+00 0.00e+00 0.00e+00 0.00e+00 0.00e+00 0.00e+00 0.00e+00 0.00e+00 0.00e+00 0.00e+00 0.00e+00 0.00e+00 0.00e+00 0.00e+00 0.00e+00 0.00e+00 0.00e+00 0.00e+00 0.00e+00 0.00e+00 0.00e+00 0.00e+00 0.00e+00 0.00e+00 0.00e+00 0.00e+00 -0.00e+00 
-0.00e+00 0.00e+00 0.00e+00 0.00e+00 0.00e+00 0.00e+00 0.00e+00 0.00e+00 0.00e+00 0.00e+00 0.00e+00 0.00e+00 0.00e+00 0.00e+00 0.00e+00 0.00e+00 0.00e+00 0.00e+00 0.00e+00 0.00e+00 0.00e+00 0.00e+00 0.00e+00 0.00e+00 0.00e+00 0.00e+00 0.00e+00 0.00e+00 3.26e-15 2.76e-14 6.13e-14 2.76e-14 3.26e-15 0.00e+00 0.00e+00 0.00e+00 0.00e+00 0.00e+00 0.00e+00 0.00e+00 0.00e+00 0.00e+00 0.00e+00 0.00e+00 0.00e+00 0.00e+00 0.00e+00 0.00e+00 0.00e+00 0.00e+00 0.00e+00 0.00e+00 0.00e+00 0.00e+00 0.00e+00 0.00e+00 0.00e+00 0.00e+00 0.00e+00 0.00e+00 -0.00e+00 
-0.00e+00 0.00e+00 0.00e+00 0.00e+00 0.00e+00 0.00e+00 0.00e+00 0.00e+00 0.00e+00 0.00e+00 0.00e+00 0.00e+00 0.00e+00 0.00e+00 0.00e+00 0.00e+00 0.00e+00 0.00e+00 0.00e+00 0.00e+00 0.00e+00 0.00e+00 0.00e+00 0.00e+00 0.00e+00 0.00e+00 0.00e+00 2.39e-14 3.03e-13 1.28e-12 2.08e-12 1.28e-12 3.03e-13 2.39e-14 0.00e+00 0.00e+00 0.00e+00 0.00e+00 0.00e+00 0.00e+00 0.00e+00 0.00e+00 0.00e+00 0.00e+00 0.00e+00 0.00e+00 0.00e+00 0.00e+00 0.00e+00 0.00e+00 0.00e+00 0.00e+00 0.00e+00 0.00e+00 0.00e+00 0.00e+00 0.00e+00 0.00e+00 0.00e+00 0.00e+00 -0.00e+00 
-0.00e+00 0.00e+00 0.00e+00 0.00e+00 0.00e+00 0.00e+00 0.00e+00 0.00e+00 0.00e+00 0.00e+00 0.00e+00 0.00e+00 0.00e+00 0.00e+00 0.00e+00 0.00e+00 0.00e+00 0.00e+00 0.00e+00 0.00e+00 0.00e+00 0.00e+00 0.00e+00 0.00e+00 0.00e+00 0.00e+00 1.25e-13 2.12e-12 1.31e-11 3.73e-11 5.17e-11 3.73e-11 1.31e-11 2.12e-12 1.25e-13 0.00e+00 0.00e+00 0.00e+00 0.00e+00 0.00e+00 0.00e+00 0.00e+00 0.00e+00 0.00e+00 0.00e+00 0.00e+00 0.00e+00 0.00e+00 0.00e+00 0.00e+00 0.00e+00 0.00e+00 0.00e+00 0.00e+00 0.00e+00 0.00e+00 0.00e+00 0.00e+00 0.00e+00 0.00e+00 -0.00e+00 
-0.00e+00 0.00e+00 0.00e+00 0.00e+00 0.00e+00 0.00e+00 0.00e+00 0.00e+00 0.00e+00 0.00e+00 0.00e+00 0.00e+00 0.00e+00 0.00e+00 0.00e+00 0.00e+00 0.00e+00 0.00e+00 0.00e+00 0.00e+00 0.00e+00 0.00e+00 0.00e+00 0.00e+00 0.00e+00 5.02e-13 1.06e-11 8.66e-11 3.51e-10 7.71e-10 9.80e-10 7.71e-10 3.51e-10 8.66e-11 1.06e-11 5.02e-13 0.00e+00 0.00e+00 0.00e+00 0.00e+00 0.00e+00 0.00e+00 0.00e+00 0.00e+00 0.00e+00 0.00e+00 0.00e+00 0.00e+00 0.00e+00 0.00e+00 0.00e+00 0.00e+00 0.00e+00 0.00e+00 0.00e+00 0.00e+00 0.00e+00 0.00e+00 0.00e+00 0.00e+00 -0.00e+00 
-0.00e+00 0.00e+00 0.00e+00 0.00e+00 0.00e+00 0.00e+00 0.00e+00 0.00e+00 0.00e+00 0.00e+00 0.00e+00 0.00e+00 0.00e+00 0.00e+00 0.00e+00 0.00e+00 0.00e+00 0.00e+00 0.00e+00 0.00e+00 0.00e+00 0.00e+00 0.00e+00 0.00e+00 1.59e-12 4.03e-11 4.09e-10 2.15e-09 6.49e-09 1.20e-08 1.45e-08 1.20e-08 6.49e-09 2.15e-09 4.09e-10 4.03e-11 1.59e-12 0.00e+00 0.00e+00 0.00e+00 0.00e+00 0.00e+00 0.00e+00 0.00e+00 0.00e+00 0.00e+00 0.00e+00 0.00e+00 0.00e+00 0.00e+00 0.00e+00 0.00e+00 0.00e+00 0.00e+00 0.00e+00 0.00e+00 0.00e+00 0.00e+00 0.00e+00 0.00e+00 -0.00e+00 
-0.00e+00 0.00e+00 0.00e+00 0.00e+00 0.00e+00 0.00e+00 0.00e+00 0.00e+00 0.00e+00 0.00e+00 0.00e+00 0.00e+00 0.00e+00 0.00e+00 0.00e+00 0.00e+00 0.00e+00 0.00e+00 0.00e+00 0.00e+00 0.00e+00 0.00e+00 0.00e+00 4.09e-12 1.21e-10 1.46e-09 9.50e-09 3.65e-08 8.82e-08 1.43e-07 1.67e-07 1.43e-07 8.82e-08 3.65e-08 9.50e-09 1.46e-09 1.21e-10 4.09e-12 0.00e+00 0.00e+00 0.00e+00 0.00e+00 0.00e+00 0.00e+00 0.00e+00 0.00e+00 0.00e+00 0.00e+00 0.00e+00 0.00e+00 0.00e+00 0.00e+00 0.00e+00 0.00e+00 0.00e+00 0.00e+00 0.00e+00 0.00e+00 0.00e+00 0.00e+00 -0.00e+00 
-0.00e+00 0.00e+00 0.00e+00 0.00e+00 0.00e+00 0.00e+00 0.00e+00 0.00e+00 0.00e+00 0.00e+00 0.00e+00 0.00e+00 0.00e+00 0.00e+00 0.00e+00 0.00e+00 0.00e+00 0.00e+00 0.00e+00 0.00e+00 0.00e+00 0.00e+00 8.68e-12 2.93e-10 4.13e-09 3.18e-08 1.49e-07 4.46e-07 9.10e-07 1.35e-06 1.54e-06 1.35e-06 9.10e-07 4.46e-07 1.49e-07 3.18e-08 4.13e-09 2.93e-10 8.68e-12 0.00e+00 0.00e+00 0.00e+00 0.00e+00 0.00e+00 0.00e+00 0.00e+00 0.00e+00 0.00e+00 0.00e+00 0.00e+00 0.00e+00 0.00e+00 0.00e+00 0.00e+00 0.00e+00 0.00e+00 0.00e+00 0.00e+00 0.00e+00 0.00e+00 -0.00e+00 
-0.00e+00 0.00e+00 0.00e+00 0.00e+00 0.00e+00 0.00e+00 0.00e+00 0.00e+00 0.00e+00 0.00e+00 0.00e+00 0.00e+00 0.00e+00 0.00e+00 0.00e+00 0.00e+00 0.00e+00 0.00e+00 0.00e+00 0.00e+00 0.00e+00 1.54e-11 5.86e-10 9.41e-09 8.40e-08 4.62e-07 1.66e-06 4.07e-06 7.28e-06 1.01e-05 1.12e-05 1.01e-05 7.28e-06 4.07e-06 1.66e-06 4.62e-07 8.40e-08 9.41e-09 5.86e-10 1.54e-11 0.00e+00 0.00e+00 0.00e+00 0.00e+00 0.00e+00 0.00e+00 0.00e+00 0.00e+00 0.00e+00 0.00e+00 0.00e+00 0.00e+00 0.00e+00 0.00e+00 0.00e+00 0.00e+00 0.00e+00 0.00e+00 0.00e+00 0.00e+00 -0.00e+00 
-0.00e+00 0.00e+00 0.00e+00 0.00e+00 0.00e+00 0.00e+00 0.00e+00 0.00e+00 0.00e+00 0.00e+00 0.00e+00 0.00e+00 0.00e+00 0.00e+00 0.00e+00 0.00e+00 0.00e+00 0.00e+00 0.00e+00 0.00e+00 2.32e-11 9.75e-10 1.76e-08 1.78e-07 1.13e-06 4.72e-06 1.36e-05 2.83e-05 4.57e-05 6.01e-05 6.56e-05 6.01e-05 4.57e-05 2.83e-05 1.36e-05 4.72e-06 1.13e-06 1.78e-07 1.76e-08 9.75e-10 2.32e-11 0.00e+00 0.00e+00 0.00e+00 0.00e+00 0.00e+00 0.00e+00 0.00e+00 0.00e+00 0.00e+00 0.00e+00 0.00e+00 0.00e+00 0.00e+00 0.00e+00 0.00e+00 0.00e+00 0.00e+00 0.00e+00 0.00e+00 -0.00e+00 
-0.00e+00 0.00e+00 0.00e+00 0.00e+00 0.00e+00 0.00e+00 0.00e+00 0.00e+00 0.00e+00 0.00e+00 0.00e+00 0.00e+00 0.00e+00 0.00e+00 0.00e+00 0.00e+00 0.00e+00 0.00e+00 0.00e+00 2.95e-11 1.36e-09 2.73e-08 3.10e-07 2.22e-06 1.06e-05 3.49e-05 8.31e-05 1.52e-04 2.26e-04 2.85e-04 3.07e-04 2.85e-04 2.26e-04 1.52e-04 8.31e-05 3.49e-05 1.06e-05 2.22e-06 3.10e-07 2.73e-08 1.36e-09 2.95e-11 0.00e+00 0.00e+00 0.00e+00 0.00e+00 0.00e+00 0.00e+00 0.00e+00 0.00e+00 0.00e+00 0.00e+00 0.00e+00 0.00e+00 0.00e+00 0.00e+00 0.00e+00 0.00e+00 0.00e+00 0.00e+00 -0.00e+00 
-0.00e+00 0.00e+00 0.00e+00 0.00e+00 0.00e+00 0.00e+00 0.00e+00 0.00e+00 0.00e+00 0.00e+00 0.00e+00 0.00e+00 0.00e+00 0.00e+00 0.00e+00 0.00e+00 0.00e+00 0.00e+00 3.19e-11 1.61e-09 3.53e-08 4.45e-07 3.56e-06 1.91e-05 7.11e-05 1.90e-04 3.86e-04 6.36e-04 8.92e-04 1.08e-03 1.16e-03 1.08e-03 8.92e-04 6.36e-04 3.86e-04 1.90e-04 7.11e-05 1.91e-05 3.56e-06 4.45e-07 3.53e-08 1.61e-09 3.19e-11 0.00e+00 0.00e+00 0.00e+00 0.00e+00 0.00e+00 0.00e+00 0.00e+00 0.00e+00 0.00e+00 0.00e+00 0.00e+00 0.00e+00 0.00e+00 0.00e+00 0.00e+00 0.00e+00 0.00e+00 -0.00e+00 
-0.00e+00 0.00e+00 0.00e+00 0.00e+00 0.00e+00 0.00e+00 0.00e+00 0.00e+00 0.00e+00 0.00e+00 0.00e+00 0.00e+00 0.00e+00 0.00e+00 0.00e+00 0.00e+00 0.00e+00 2.95e-11 1.61e-09 3.84e-08 5.30e-07 4.69e-06 2.80e-05 1.16e-04 3.47e-04 7.74e-04 1.38e-03 2.11e-03 2.83e-03 3.36e-03 3.55e-03 3.36e-03 2.83e-03 2.11e-03 1.38e-03 7.74e-04 3.47e-04 1.16e-04 2.80e-05 4.69e-06 5.30e-07 3.84e-08 1.61e-09 2.95e-11 0.00e+00 0.00e+00 0.00e+00 0.00e+00 0.00e+00 0.00e+00 0.00e+00 0.00e+00 0.00e+00 0.00e+00 0.00e+00 0.00e+00 0.00e+00 0.00e+00 0.00e+00 0.00e+00 -0.00e+00 
-0.00e+00 0.00e+00 0.00e+00 0.00e+00 0.00e+00 0.00e+00 0.00e+00 0.00e+00 0.00e+00 0.00e+00 0.00e+00 0.00e+00 0.00e+00 0.00e+00 0.00e+00 0.00e+00 2.32e-11 1.36e-09 3.51e-08 5.27e-07 5.11e-06 3.36e-05 1.54e-04 5.09e-04 1.24e-03 2.39e-03 3.92e-03 5.70e-03 7.41e-03 8.67e-03 9.14e-03 8.67e-03 7.41e-03 5.70e-03 3.92e-03 2.39e-03 1.24e-03 5.09e-04 1.54e-04 3.36e-05 5.11e-06 5.27e-07 3.51e-08 1.36e-09 2.32e-11 0.00e+00 0.00e+00 0.00e+00 0.00e+00 0.00e+00 0.00e+00 0.00e+00 0.00e+00 0.00e+00 0.00e+00 0.00e+00 0.00e+00 0.00e+00 0.00e+00 0.00e+00 -0.00e+00 
-0.00e+00 0.00e+00 0.00e+00 0.00e+00 0.00e+00 0.00e+00 0.00e+00 0.00e+00 0.00e+00 0.00e+00 0.00e+00 0.00e+00 0.00e+00 0.00e+00 0.00e+00 1.54e-11 9.67e-10 2.69e-08 4.36e-07 4.60e-06 3.31e-05 1.67e-04 6.05e-04 1.61e-03 3.34e-03 5.85e-03 9.17e-03 1.30e-02 1.68e-02 1.95e-02 2.05e-02 1.95e-02 1.68e-02 1.30e-02 9.17e-03 5.85e-03 3.34e-03 1.61e-03 6.05e-04 1.67e-04 3.31e-05 4.60e-06 4.36e-07 2.69e-08 9.67e-10 1.54e-11 0.00e+00 0.00e+00 0.00e+00 0.00e+00 0.00e+00 0.00e+00 0.00e+00 0.00e+00 0.00e+00 0.00e+00 0.00e+00 0.00e+00 0.00e+00 0.00e+00 -0.00e+00 
-0.00e+00 0.00e+00 0.00e+00 0.00e+00 0.00e+00 0.00e+00 0.00e+00 0.00e+00 0.00e+00 0.00e+00 0.00e+00 0.00e+00 0.00e+00 0.00e+00 8.68e-12 5.79e-10 1.72e-08 3.00e-07 3.42e-06 2.67e-05 1.48e-04 5.86e-04 1.71e-03 3.82e-03 7.13e-03 1.21e-02 1.88e-02 2.66e-02 3.43e-02 4.00e-02 4.21e-02 4.00e-02 3.43e-02 2.66e-02 1.88e-02 1.21e-02 7.13e-03 3.82e-03 1.71e-03 5.86e-04 1.48e-04 2.67e-05 3.42e-06 3.00e-07 1.72e-08 5.79e-10 8.68e-12 0.00e+00 0.00e+00 0.00e+00 0.00e+00 0.00e+00 0.00e+00 0.00e+00 0.00e+00 0.00e+00 0.00e+00 0.00e+00 0.00e+00 0.00e+00 -0.00e+00 
-0.00e+00 0.00e+00 0.00e+00 0.00e+00 0.00e+00 0.00e+00 0.00e+00 0.00e+00 0.00e+00 0.00e+00 0.00e+00 0.00e+00 0.00e+00 4.09e-12 2.88e-10 9.11e-09 1.70e-07 2.08e-06 1.76e-05 1.06e-04 4.60e-04 1.47e-03 3.58e-03 7.21e-03 1.32e-02 2.25e-02 3.51e-02 4.99e-02 6.47e-02 7.58e-02 8.01e-02 7.58e-02 6.47e-02 4.99e-02 3.51e-02 2.25e-02 1.32e-02 7.21e-03 3.58e-03 1.47e-03 4.60e-04 1.06e-04 1.76e-05 2.08e-06 1.70e-07 9.11e-09 2.88e-10 4.09e-12 0.00e+00 0.00e+00 0.00e+00 0.00e+00 0.00e+00 0.00e+00 0.00e+00 0.00e+00 0.00e+00 0.00e+00 0.00e+00 0.00e+00 -0.00e+00 
-0.00e+00 0.00e+00 0.00e+00 0.00e+00 0.00e+00 0.00e+00 0.00e+00 0.00e+00 0.00e+00 0.00e+00 0.00e+00 0.00e+00 1.59e-12 1.18e-10 3.96e-09 7.86e-08 1.03e-06 9.40e-06 6.14e-05 2.92e-04 1.03e-03 2.76e-03 6.07e-03 1.20e-02 2.24e-02 3.84e-02 6.01e-02 8.62e-02 1.12e-01 1.33e-01 1.41e-01 1.33e-01 1.12e-01 8.62e-02 6.01e-02 3.84e-02 2.24e-02 1.20e-02 6.07e-03 2.76e-03 1.03e-03 2.92e-04 6.14e-05 9.40e-06 1.03e-06 7.86e-08 3.96e-09 1.18e-10 1.59e-12 0.00e+00 0.00e+00 0.00e+00 0.00e+00 0.00e+00 0.00e+00 0.00e+00 0.00e+00 0.00e+00 0.00e+00 0.00e+00 -0.00e+00 
-0.00e+00 0.00e+00 0.00e+00 0.00e+00 0.00e+00 0.00e+00 0.00e+00 0.00e+00 0.00e+00 0.00e+00 0.00e+00 5.02e-13 3.92e-11 1.38e-09 2.91e-08 4.07e-07 3.99e-06 2.83e-05 1.47e-04 5.75e-04 1.73e-03 4.23e-03 9.16e-03 1.85e-02 3.45e-02 5.90e-02 9.32e-02 1.35e-01 1.79e-01 2.15e-01 2.29e-01 2.15e-01 1.79e-01 1.35e-01 9.32e-02 5.90e-02 3.45e-02 1.85e-02 9.16e-03 4.23e-03 1.73e-03 5.75e-04 1.47e-04 2.83e-05 3.99e-06 4.07e-07 2.91e-08 1.38e-09 3.92e-11 5.02e-13 0.00e+00 0.00e+00 0.00e+00 0.00e+00 0.00e+00 0.00e+00 0.00e+00 0.00e+00 0.00e+00 0.00e+00 -0.00e+00 
-0.00e+00 0.00e+00 0.00e+00 0.00e+00 0.00e+00 0.00e+00 0.00e+00 0.00e+00 0.00e+00 0.00e+00 1.25e-13 1.02e-11 3.79e-10 8.42e-09 1.25e-07 1.32e-06 1.02e-05 5.83e-05 2.54e-04 8.65e-04 2.39e-03 5.72e-03 1.24e-02 2.50e-02 4.67e-02 8.09e-02 1.30e-01 1.93e-01 2.63e-01 3.24e-01 3.51e-01 3.24e-01 2.63e-01 1.93e-01 1.30e-01 8.09e-02 4.67e-02 2.50e-02 1.24e-02 5.72e-03 2.39e-03 8.65e-04 2.54e-04 5.83e-05 1.02e-05 1.32e-06 1.25e-07 8.42e-09 3.79e-10 1.02e-11 1.25e-13 0.00e+00 0.00e+00 0.00e+00 0.00e+00 0.00e+00 0.00e+00 0.00e+00 0.00e+00 0.00e+00 -0.00e+00 
-0.00e+00 0.00e+00 0.00e+00 0.00e+00 0.00e+00 0.00e+00 0.00e+00 0.00e+00 0.00e+00 2.39e-14 2.02e-12 7.81e-11 1.82e-09 2.88e-08 3.26e-07 2.74e-06 1.74e-05 8.61e-05 3.36e-04 1.06e-03 2.84e-03 6.70e-03 1.45e-02 2.93e-02 5.55e-02 9.76e-02 1.60e-01 2.47e-01 3.53e-01 4.60e-01 5.17e-01 4.60e-01 3.53e-01 2.47e-01 1.60e-01 9.76e-02 5.55e-02 2.93e-02 1.45e-02 6.70e-03 2.84e-03 1.06e-03 3.36e-04 8.61e-05 1.74e-05 2.74e-06 3.26e-07 2.88e-08 1.82e-09 7.81e-11 2.02e-12 2.39e-14 0.00e+00 0.00e+00 0.00e+00 0.00e+00 0.00e+00 0.00e+00 0.00e+00 0.00e+00 -0.00e+00 
-0.00e+00 0.00e+00 0.00e+00 0.00e+00 0.00e+00 0.00e+00 0.00e+00 0.00e+00 3.26e-15 2.83e-13 1.13e-11 2.76e-10 4.62e-09 5.63e-08 5.20e-07 3.73e-06 2.11e-05 9.57e-05 3.51e-04 1.07e-03 2.77e-03 6.50e-03 1.42e-02 2.90e-02 5.53e-02 9.92e-02 1.69e-01 2.75e-01 4.28e-01 6.21e-01 7.72e-01 6.21e-01 4.28e-01 2.75e-01 1.69e-01 9.92e-02 5.53e-02 2.90e-02 1.42e-02 6.50e-03 2.77e-03 1.07e-03 3.51e-04 9.57e-05 2.11e-05 3.73e-06 5.20e-07 5.63e-08 4.62e-09 2.76e-10 1.13e-11 2.83e-13 3.26e-15 0.00e+00 0.00e+00 0.00e+00 0.00e+00 0.00e+00 0.00e+00 0.00e+00 -0.00e+00 
-0.00e+00 0.00e+00 0.00e+00 0.00e+00 0.00e+00 0.00e+00 0.00e+00 2.83e-16 2.46e-14 9.97e-13 2.51e-11 4.45e-10 5.90e-09 6.11e-08 5.03e-07 3.33e-06 1.77e-05 7.63e-05 2.69e-04 7.95e-04 2.06e-03 4.84e-03 1.06e-02 2.16e-02 4.20e-02 7.76e-02 1.39e-01 2.45e-01 4.38e-01 7.87e-01 1.28e+00 7.87e-01 4.38e-01 2.45e-01 1.39e-01 7.76e-02 4.20e-02 2.16e-02 1.06e-02 4.84e-03 2.06e-03 7.95e-04 2.69e-04 7.63e-05 1.77e-05 3.33e-06 5.03e-07 6.11e-08 5.90e-09 4.45e-10 2.51e-11 9.97e-13 2.46e-14 2.83e-16 0.00e+00 0.00e+00 0.00e+00 0.00e+00 0.00e+00 0.00e+00 -0.00e+00 
-0.00e+00 0.00e+00 0.00e+00 0.00e+00 0.00e+00 0.00e+00 1.18e-17 9.29e-16 3.46e-14 8.38e-13 1.53e-11 2.25e-10 2.72e-09 2.69e-08 2.13e-07 1.35e-06 6.91e-06 2.90e-05 1.01e-04 2.99e-04 7.63e-04 1.77e-03 3.91e-03 8.18e-03 1.60e-02 3.01e-02 5.72e-02 1.15e-01 2.66e-01 7.61e-01 2.72e+00 7.61e-01 2.66e-01 1.15e-01 5.72e-02 3.01e-02 1.60e-02 8.18e-03 3.91e-03 1.77e-03 7.63e-04 2.99e-04 1.01e-04 2.90e-05 6.91e-06 1.35e-06 2.13e-07 2.69e-08 2.72e-09 2.25e-10 1.53e-11 8.38e-13 3.46e-14 9.29e-16 1.18e-17 0.00e+00 0.00e+00 0.00e+00 0.00e+00 0.00e+00 -0.00e+00 
-0.00e+00 0.00e+00 0.00e+00 0.00e+00 0.00e+00 0.00e+00 -1.18e-17 -9.29e-16 -3.46e-14 -8.38e-13 -1.53e-11 -2.25e-10 -2.72e-09 -2.69e-08 -2.13e-07 -1.35e-06 -6.91e-06 -2.90e-05 -1.01e-04 -2.99e-04 -7.63e-04 -1.77e-03 -3.91e-03 -8.18e-03 -1.60e-02 -3.01e-02 -5.72e-02 -1.15e-01 -2.66e-01 -7.61e-01 -2.72e+00 -7.61e-01 -2.66e-01 -1.15e-01 -5.72e-02 -3.01e-02 -1.60e-02 -8.18e-03 -3.91e-03 -1.77e-03 -7.63e-04 -2.99e-04 -1.01e-04 -2.90e-05 -6.91e-06 -1.35e-06 -2.13e-07 -2.69e-08 -2.72e-09 -2.25e-10 -1.53e-11 -8.38e-13 -3.46e-14 -9.29e-16 -1.18e-17 0.00e+00 0.00e+00 0.00e+00 0.00e+00 0.00e+00 -0.00e+00 
-0.00e+00 0.00e+00 0.00e+00 0.00e+00 0.00e+00 0.00e+00 0.00e+00 -2.83e-16 -2.46e-14 -9.97e-13 -2.51e-11 -4.45e-10 -5.90e-09 -6.11e-08 -5.03e-07 -3.33e-06 -1.77e-05 -7.63e-05 -2.69e-04 -7.95e-04 -2.06e-03 -4.84e-03 -1.06e-02 -2.16e-02 -4.20e-02 -7.76e-02 -1.39e-01 -2.45e-01 -4.38e-01 -7.87e-01 -1.28e+00 -7.87e-01 -4.38e-01 -2.45e-01 -1.39e-01 -7.76e-02 -4.20e-02 -2.16e-02 -1.06e-02 -4.84e-03 -2.06e-03 -7.95e-04 -2.69e-04 -7.63e-05 -1.77e-05 -3.33e-06 -5.03e-07 -6.11e-08 -5.90e-09 -4.45e-10 -2.51e-11 -9.97e-13 -2.46e-14 -2.83e-16 0.00e+00 0.00e+00 0.00e+00 0.00e+00 0.00e+00 0.00e+00 -0.00e+00 
-0.00e+00 0.00e+00 0.00e+00 0.00e+00 0.00e+00 0.00e+00 0.00e+00 0.00e+00 -3.26e-15 -2.83e-13 -1.13e-11 -2.76e-10 -4.62e-09 -5.63e-08 -5.20e-07 -3.73e-06 -2.11e-05 -9.57e-05 -3.51e-04 -1.07e-03 -2.77e-03 -6.50e-03 -1.42e-02 -2.90e-02 -5.53e-02 -9.92e-02 -1.69e-01 -2.75e-01 -4.28e-01 -6.21e-01 -7.72e-01 -6.21e-01 -4.28e-01 -2.75e-01 -1.69e-01 -9.92e-02 -5.53e-02 -2.90e-02 -1.42e-02 -6.50e-03 -2.77e-03 -1.07e-03 -3.51e-04 -9.57e-05 -2.11e-05 -3.73e-06 -5.20e-07 -5.63e-08 -4.62e-09 -2.76e-10 -1.13e-11 -2.83e-13 -3.26e-15 0.00e+00 0.00e+00 0.00e+00 0.00e+00 0.00e+00 0.00e+00 0.00e+00 -0.00e+00 
-0.00e+00 0.00e+00 0.00e+00 0.00e+00 0.00e+00 0.00e+00 0.00e+00 0.00e+00 0.00e+00 -2.39e-14 -2.02e-12 -7.81e-11 -1.82e-09 -2.88e-08 -3.26e-07 -2.74e-06 -1.74e-05 -8.61e-05 -3.36e-04 -1.06e-03 -2.84e-03 -6.70e-03 -1.45e-02 -2.93e-02 -5.55e-02 -9.76e-02 -1.60e-01 -2.47e-01 -3.53e-01 -4.60e-01 -5.17e-01 -4.60e-01 -3.53e-01 -2.47e-01 -1.60e-01 -9.76e-02 -5.55e-02 -2.93e-02 -1.45e-02 -6.70e-03 -2.84e-03 -1.06e-03 -3.36e-04 -8.61e-05 -1.74e-05 -2.74e-06 -3.26e-07 -2.88e-08 -1.82e-09 -7.81e-11 -2.02e-12 -2.39e-14 0.00e+00 0.00e+00 0.00e+00 0.00e+00 0.00e+00 0.00e+00 0.00e+00 0.00e+00 -0.00e+00 
-0.00e+00 0.00e+00 0.00e+00 0.00e+00 0.00e+00 0.00e+00 0.00e+00 0.00e+00 0.00e+00 0.00e+00 -1.25e-13 -1.02e-11 -3.79e-10 -8.42e-09 -1.25e-07 -1.32e-06 -1.02e-05 -5.83e-05 -2.54e-04 -8.65e-04 -2.39e-03 -5.72e-03 -1.24e-02 -2.50e-02 -4.67e-02 -8.09e-02 -1.30e-01 -1.93e-01 -2.63e-01 -3.24e-01 -3.51e-01 -3.24e-01 -2.63e-01 -1.93e-01 -1.30e-01 -8.09e-02 -4.67e-02 -2.50e-02 -1.24e-02 -5.72e-03 -2.39e-03 -8.65e-04 -2.54e-04 -5.83e-05 -1.02e-05 -1.32e-06 -1.25e-07 -8.42e-09 -3.79e-10 -1.02e-11 -1.25e-13 0.00e+00 0.00e+00 0.00e+00 0.00e+00 0.00e+00 0.00e+00 0.00e+00 0.00e+00 0.00e+00 -0.00e+00 
-0.00e+00 0.00e+00 0.00e+00 0.00e+00 0.00e+00 0.00e+00 0.00e+00 0.00e+00 0.00e+00 0.00e+00 0.00e+00 -5.02e-13 -3.92e-11 -1.38e-09 -2.91e-08 -4.07e-07 -3.99e-06 -2.83e-05 -1.47e-04 -5.75e-04 -1.73e-03 -4.23e-03 -9.16e-03 -1.85e-02 -3.45e-02 -5.90e-02 -9.32e-02 -1.35e-01 -1.79e-01 -2.15e-01 -2.29e-01 -2.15e-01 -1.79e-01 -1.35e-01 -9.32e-02 -5.90e-02 -3.45e-02 -1.85e-02 -9.16e-03 -4.23e-03 -1.73e-03 -5.75e-04 -1.47e-04 -2.83e-05 -3.99e-06 -4.07e-07 -2.91e-08 -1.38e-09 -3.92e-11 -5.02e-13 0.00e+00 0.00e+00 0.00e+00 0.00e+00 0.00e+00 0.00e+00 0.00e+00 0.00e+00 0.00e+00 0.00e+00 -0.00e+00 
-0.00e+00 0.00e+00 0.00e+00 0.00e+00 0.00e+00 0.00e+00 0.00e+00 0.00e+00 0.00e+00 0.00e+00 0.00e+00 0.00e+00 -1.59e-12 -1.18e-10 -3.96e-09 -7.86e-08 -1.03e-06 -9.40e-06 -6.14e-05 -2.92e-04 -1.03e-03 -2.76e-03 -6.07e-03 -1.20e-02 -2.24e-02 -3.84e-02 -6.01e-02 -8.62e-02 -1.12e-01 -1.33e-01 -1.41e-01 -1.33e-01 -1.12e-01 -8.62e-02 -6.01e-02 -3.84e-02 -2.24e-02 -1.20e-02 -6.07e-03 -2.76e-03 -1.03e-03 -2.92e-04 -6.14e-05 -9.40e-06 -1.03e-06 -7.86e-08 -3.96e-09 -1.18e-10 -1.59e-12 0.00e+00 0.00e+00 0.00e+00 0.00e+00 0.00e+00 0.00e+00 0.00e+00 0.00e+00 0.00e+00 0.00e+00 0.00e+00 -0.00e+00 
-0.00e+00 0.00e+00 0.00e+00 0.00e+00 0.00e+00 0.00e+00 0.00e+00 0.00e+00 0.00e+00 0.00e+00 0.00e+00 0.00e+00 0.00e+00 -4.09e-12 -2.88e-10 -9.11e-09 -1.70e-07 -2.08e-06 -1.76e-05 -1.06e-04 -4.60e-04 -1.47e-03 -3.58e-03 -7.21e-03 -1.32e-02 -2.25e-02 -3.51e-02 -4.99e-02 -6.47e-02 -7.58e-02 -8.01e-02 -7.58e-02 -6.47e-02 -4.99e-02 -3.51e-02 -2.25e-02 -1.32e-02 -7.21e-03 -3.58e-03 -1.47e-03 -4.60e-04 -1.06e-04 -1.76e-05 -2.08e-06 -1.70e-07 -9.11e-09 -2.88e-10 -4.09e-12 0.00e+00 0.00e+00 0.00e+00 0.00e+00 0.00e+00 0.00e+00 0.00e+00 0.00e+00 0.00e+00 0.00e+00 0.00e+00 0.00e+00 -0.00e+00 
-0.00e+00 0.00e+00 0.00e+00 0.00e+00 0.00e+00 0.00e+00 0.00e+00 0.00e+00 0.00e+00 0.00e+00 0.00e+00 0.00e+00 0.00e+00 0.00e+00 -8.68e-12 -5.79e-10 -1.72e-08 -3.00e-07 -3.42e-06 -2.67e-05 -1.48e-04 -5.86e-04 -1.71e-03 -3.82e-03 -7.13e-03 -1.21e-02 -1.88e-02 -2.66e-02 -3.43e-02 -4.00e-02 -4.21e-02 -4.00e-02 -3.43e-02 -2.66e-02 -1.88e-02 -1.21e-02 -7.13e-03 -3.82e-03 -1.71e-03 -5.86e-04 -1.48e-04 -2.67e-05 -3.42e-06 -3.00e-07 -1.72e-08 -5.79e-10 -8.68e-12 0.00e+00 0.00e+00 0.00e+00 0.00e+00 0.00e+00 0.00e+00 0.00e+00 0.00e+00 0.00e+00 0.00e+00 0.00e+00 0.00e+00 0.00e+00 -0.00e+00 
-0.00e+00 0.00e+00 0.00e+00 0.00e+00 0.00e+00 0.00e+00 0.00e+00 0.00e+00 0.00e+00 0.00e+00 0.00e+00 0.00e+00 0.00e+00 0.00e+00 0.00e+00 -1.54e-11 -9.67e-10 -2.69e-08 -4.36e-07 -4.60e-06 -3.31e-05 -1.67e-04 -6.05e-04 -1.61e-03 -3.34e-03 -5.85e-03 -9.17e-03 -1.30e-02 -1.68e-02 -1.95e-02 -2.05e-02 -1.95e-02 -1.68e-02 -1.30e-02 -9.17e-03 -5.85e-03 -3.34e-03 -1.61e-03 -6.05e-04 -1.67e-04 -3.31e-05 -4.60e-06 -4.36e-07 -2.69e-08 -9.67e-10 -1.54e-11 0.00e+00 0.00e+00 0.00e+00 0.00e+00 0.00e+00 0.00e+00 0.00e+00 0.00e+00 0.00e+00 0.00e+00 0.00e+00 0.00e+00 0.00e+00 0.00e+00 -0.00e+00 
-0.00e+00 0.00e+00 0.00e+00 0.00e+00 0.00e+00 0.00e+00 0.00e+00 0.00e+00 0.00e+00 0.00e+00 0.00e+00 0.00e+00 0.00e+00 0.00e+00 0.00e+00 0.00e+00 -2.32e-11 -1.36e-09 -3.51e-08 -5.27e-07 -5.11e-06 -3.36e-05 -1.54e-04 -5.09e-04 -1.24e-03 -2.39e-03 -3.92e-03 -5.70e-03 -7.41e-03 -8.67e-03 -9.14e-03 -8.67e-03 -7.41e-03 -5.70e-03 -3.92e-03 -2.39e-03 -1.24e-03 -5.09e-04 -1.54e-04 -3.36e-05 -5.11e-06 -5.27e-07 -3.51e-08 -1.36e-09 -2.32e-11 0.00e+00 0.00e+00 0.00e+00 0.00e+00 0.00e+00 0.00e+00 0.00e+00 0.00e+00 0.00e+00 0.00e+00 0.00e+00 0.00e+00 0.00e+00 0.00e+00 0.00e+00 -0.00e+00 
-0.00e+00 0.00e+00 0.00e+00 0.00e+00 0.00e+00 0.00e+00 0.00e+00 0.00e+00 0.00e+00 0.00e+00 0.00e+00 0.00e+00 0.00e+00 0.00e+00 0.00e+00 0.00e+00 0.00e+00 -2.95e-11 -1.61e-09 -3.84e-08 -5.30e-07 -4.69e-06 -2.80e-05 -1.16e-04 -3.47e-04 -7.74e-04 -1.38e-03 -2.11e-03 -2.83e-03 -3.36e-03 -3.55e-03 -3.36e-03 -2.83e-03 -2.11e-03 -1.38e-03 -7.74e-04 -3.47e-04 -1.16e-04 -2.80e-05 -4.69e-06 -5.30e-07 -3.84e-08 -1.61e-09 -2.95e-11 0.00e+00 0.00e+00 0.00e+00 0.00e+00 0.00e+00 0.00e+00 0.00e+00 0.00e+00 0.00e+00 0.00e+00 0.00e+00 0.00e+00 0.00e+00 0.00e+00 0.00e+00 0.00e+00 -0.00e+00 
-0.00e+00 0.00e+00 0.00e+00 0.00e+00 0.00e+00 0.00e+00 0.00e+00 0.00e+00 0.00e+00 0.00e+00 0.00e+00 0.00e+00 0.00e+00 0.00e+00 0.00e+00 0.00e+00 0.00e+00 0.00e+00 -3.19e-11 -1.61e-09 -3.53e-08 -4.45e-07 -3.56e-06 -1.91e-05 -7.11e-05 -1.90e-04 -3.86e-04 -6.36e-04 -8.92e-04 -1.08e-03 -1.16e-03 -1.08e-03 -8.92e-04 -6.36e-04 -3.86e-04 -1.90e-04 -7.11e-05 -1.91e-05 -3.56e-06 -4.45e-07 -3.53e-08 -1.61e-09 -3.19e-11 0.00e+00 0.00e+00 0.00e+00 0.00e+00 0.00e+00 0.00e+00 0.00e+00 0.00e+00 0.00e+00 0.00e+00 0.00e+00 0.00e+00 0.00e+00 0.00e+00 0.00e+00 0.00e+00 0.00e+00 -0.00e+00 
-0.00e+00 0.00e+00 0.00e+00 0.00e+00 0.00e+00 0.00e+00 0.00e+00 0.00e+00 0.00e+00 0.00e+00 0.00e+00 0.00e+00 0.00e+00 0.00e+00 0.00e+00 0.00e+00 0.00e+00 0.00e+00 0.00e+00 -2.95e-11 -1.36e-09 -2.73e-08 -3.10e-07 -2.22e-06 -1.06e-05 -3.49e-05 -8.31e-05 -1.52e-04 -2.26e-04 -2.85e-04 -3.07e-04 -2.85e-04 -2.26e-04 -1.52e-04 -8.31e-05 -3.49e-05 -1.06e-05 -2.22e-06 -3.10e-07 -2.73e-08 -1.36e-09 -2.95e-11 0.00e+00 0.00e+00 0.00e+00 0.00e+00 0.00e+00 0.00e+00 0.00e+00 0.00e+00 0.00e+00 0.00e+00 0.00e+00 0.00e+00 0.00e+00 0.00e+00 0.00e+00 0.00e+00 0.00e+00 0.00e+00 -0.00e+00 
-0.00e+00 0.00e+00 0.00e+00 0.00e+00 0.00e+00 0.00e+00 0.00e+00 0.00e+00 0.00e+00 0.00e+00 0.00e+00 0.00e+00 0.00e+00 0.00e+00 0.00e+00 0.00e+00 0.00e+00 0.00e+00 0.00e+00 0.00e+00 -2.32e-11 -9.75e-10 -1.76e-08 -1.78e-07 -1.13e-06 -4.72e-06 -1.36e-05 -2.83e-05 -4.57e-05 -6.01e-05 -6.56e-05 -6.01e-05 -4.57e-05 -2.83e-05 -1.36e-05 -4.72e-06 -1.13e-06 -1.78e-07 -1.76e-08 -9.75e-10 -2.32e-11 0.00e+00 0.00e+00 0.00e+00 0.00e+00 0.00e+00 0.00e+00 0.00e+00 0.00e+00 0.00e+00 0.00e+00 0.00e+00 0.00e+00 0.00e+00 0.00e+00 0.00e+00 0.00e+00 0.00e+00 0.00e+00 0.00e+00 -0.00e+00 
-0.00e+00 0.00e+00 0.00e+00 0.00e+00 0.00e+00 0.00e+00 0.00e+00 0.00e+00 0.00e+00 0.00e+00 0.00e+00 0.00e+00 0.00e+00 0.00e+00 0.00e+00 0.00e+00 0.00e+00 0.00e+00 0.00e+00 0.00e+00 0.00e+00 -1.54e-11 -5.86e-10 -9.41e-09 -8.40e-08 -4.62e-07 -1.66e-06 -4.07e-06 -7.28e-06 -1.01e-05 -1.12e-05 -1.01e-05 -7.28e-06 -4.07e-06 -1.66e-06 -4.62e-07 -8.40e-08 -9.41e-09 -5.86e-10 -1.54e-11 0.00e+00 0.00e+00 0.00e+00 0.00e+00 0.00e+00 0.00e+00 0.00e+00 0.00e+00 0.00e+00 0.00e+00 0.00e+00 0.00e+00 0.00e+00 0.00e+00 0.00e+00 0.00e+00 0.00e+00 0.00e+00 0.00e+00 0.00e+00 -0.00e+00 
-0.00e+00 0.00e+00 0.00e+00 0.00e+00 0.00e+00 0.00e+00 0.00e+00 0.00e+00 0.00e+00 0.00e+00 0.00e+00 0.00e+00 0.00e+00 0.00e+00 0.00e+00 0.00e+00 0.00e+00 0.00e+00 0.00e+00 0.00e+00 0.00e+00 0.00e+00 -8.68e-12 -2.93e-10 -4.13e-09 -3.18e-08 -1.49e-07 -4.46e-07 -9.10e-07 -1.35e-06 -1.54e-06 -1.35e-06 -9.10e-07 -4.46e-07 -1.49e-07 -3.18e-08 -4.13e-09 -2.93e-10 -8.68e-12 0.00e+00 0.00e+00 0.00e+00 0.00e+00 0.00e+00 0.00e+00 0.00e+00 0.00e+00 0.00e+00 0.00e+00 0.00e+00 0.00e+00 0.00e+00 0.00e+00 0.00e+00 0.00e+00 0.00e+00 0.00e+00 0.00e+00 0.00e+00 0.00e+00 -0.00e+00 
-0.00e+00 0.00e+00 0.00e+00 0.00e+00 0.00e+00 0.00e+00 0.00e+00 0.00e+00 0.00e+00 0.00e+00 0.00e+00 0.00e+00 0.00e+00 0.00e+00 0.00e+00 0.00e+00 0.00e+00 0.00e+00 0.00e+00 0.00e+00 0.00e+00 0.00e+00 0.00e+00 -4.09e-12 -1.21e-10 -1.46e-09 -9.50e-09 -3.65e-08 -8.82e-08 -1.43e-07 -1.67e-07 -1.43e-07 -8.82e-08 -3.65e-08 -9.50e-09 -1.46e-09 -1.21e-10 -4.09e-12 0.00e+00 0.00e+00 0.00e+00 0.00e+00 0.00e+00 0.00e+00 0.00e+00 0.00e+00 0.00e+00 0.00e+00 0.00e+00 0.00e+00 0.00e+00 0.00e+00 0.00e+00 0.00e+00 0.00e+00 0.00e+00 0.00e+00 0.00e+00 0.00e+00 0.00e+00 -0.00e+00 
-0.00e+00 0.00e+00 0.00e+00 0.00e+00 0.00e+00 0.00e+00 0.00e+00 0.00e+00 0.00e+00 0.00e+00 0.00e+00 0.00e+00 0.00e+00 0.00e+00 0.00e+00 0.00e+00 0.00e+00 0.00e+00 0.00e+00 0.00e+00 0.00e+00 0.00e+00 0.00e+00 0.00e+00 -1.59e-12 -4.03e-11 -4.09e-10 -2.15e-09 -6.49e-09 -1.20e-08 -1.45e-08 -1.20e-08 -6.49e-09 -2.15e-09 -4.09e-10 -4.03e-11 -1.59e-12 0.00e+00 0.00e+00 0.00e+00 0.00e+00 0.00e+00 0.00e+00 0.00e+00 0.00e+00 0.00e+00 0.00e+00 0.00e+00 0.00e+00 0.00e+00 0.00e+00 0.00e+00 0.00e+00 0.00e+00 0.00e+00 0.00e+00 0.00e+00 0.00e+00 0.00e+00 0.00e+00 -0.00e+00 
-0.00e+00 0.00e+00 0.00e+00 0.00e+00 0.00e+00 0.00e+00 0.00e+00 0.00e+00 0.00e+00 0.00e+00 0.00e+00 0.00e+00 0.00e+00 0.00e+00 0.00e+00 0.00e+00 0.00e+00 0.00e+00 0.00e+00 0.00e+00 0.00e+00 0.00e+00 0.00e+00 0.00e+00 0.00e+00 -5.02e-13 -1.06e-11 -8.66e-11 -3.51e-10 -7.71e-10 -9.80e-10 -7.71e-10 -3.51e-10 -8.66e-11 -1.06e-11 -5.02e-13 0.00e+00 0.00e+00 0.00e+00 0.00e+00 0.00e+00 0.00e+00 0.00e+00 0.00e+00 0.00e+00 0.00e+00 0.00e+00 0.00e+00 0.00e+00 0.00e+00 0.00e+00 0.00e+00 0.00e+00 0.00e+00 0.00e+00 0.00e+00 0.00e+00 0.00e+00 0.00e+00 0.00e+00 -0.00e+00 
-0.00e+00 0.00e+00 0.00e+00 0.00e+00 0.00e+00 0.00e+00 0.00e+00 0.00e+00 0.00e+00 0.00e+00 0.00e+00 0.00e+00 0.00e+00 0.00e+00 0.00e+00 0.00e+00 0.00e+00 0.00e+00 0.00e+00 0.00e+00 0.00e+00 0.00e+00 0.00e+00 0.00e+00 0.00e+00 0.00e+00 -1.25e-13 -2.12e-12 -1.31e-11 -3.73e-11 -5.17e-11 -3.73e-11 -1.31e-11 -2.12e-12 -1.25e-13 0.00e+00 0.00e+00 0.00e+00 0.00e+00 0.00e+00 0.00e+00 0.00e+00 0.00e+00 0.00e+00 0.00e+00 0.00e+00 0.00e+00 0.00e+00 0.00e+00 0.00e+00 0.00e+00 0.00e+00 0.00e+00 0.00e+00 0.00e+00 0.00e+00 0.00e+00 0.00e+00 0.00e+00 0.00e+00 -0.00e+00 
-0.00e+00 0.00e+00 0.00e+00 0.00e+00 0.00e+00 0.00e+00 0.00e+00 0.00e+00 0.00e+00 0.00e+00 0.00e+00 0.00e+00 0.00e+00 0.00e+00 0.00e+00 0.00e+00 0.00e+00 0.00e+00 0.00e+00 0.00e+00 0.00e+00 0.00e+00 0.00e+00 0.00e+00 0.00e+00 0.00e+00 0.00e+00 -2.39e-14 -3.03e-13 -1.28e-12 -2.08e-12 -1.28e-12 -3.03e-13 -2.39e-14 0.00e+00 0.00e+00 0.00e+00 0.00e+00 0.00e+00 0.00e+00 0.00e+00 0.00e+00 0.00e+00 0.00e+00 0.00e+00 0.00e+00 0.00e+00 0.00e+00 0.00e+00 0.00e+00 0.00e+00 0.00e+00 0.00e+00 0.00e+00 0.00e+00 0.00e+00 0.00e+00 0.00e+00 0.00e+00 0.00e+00 -0.00e+00 
-0.00e+00 0.00e+00 0.00e+00 0.00e+00 0.00e+00 0.00e+00 0.00e+00 0.00e+00 0.00e+00 0.00e+00 0.00e+00 0.00e+00 0.00e+00 0.00e+00 0.00e+00 0.00e+00 0.00e+00 0.00e+00 0.00e+00 0.00e+00 0.00e+00 0.00e+00 0.00e+00 0.00e+00 0.00e+00 0.00e+00 0.00e+00 0.00e+00 -3.26e-15 -2.76e-14 -6.13e-14 -2.76e-14 -3.26e-15 0.00e+00 0.00e+00 0.00e+00 0.00e+00 0.00e+00 0.00e+00 0.00e+00 0.00e+00 0.00e+00 0.00e+00 0.00e+00 0.00e+00 0.00e+00 0.00e+00 0.00e+00 0.00e+00 0.00e+00 0.00e+00 0.00e+00 0.00e+00 0.00e+00 0.00e+00 0.00e+00 0.00e+00 0.00e+00 0.00e+00 0.00e+00 -0.00e+00 
-0.00e+00 0.00e+00 0.00e+00 0.00e+00 0.00e+00 0.00e+00 0.00e+00 0.00e+00 0.00e+00 0.00e+00 0.00e+00 0.00e+00 0.00e+00 0.00e+00 0.00e+00 0.00e+00 0.00e+00 0.00e+00 0.00e+00 0.00e+00 0.00e+00 0.00e+00 0.00e+00 0.00e+00 0.00e+00 0.00e+00 0.00e+00 0.00e+00 0.00e+00 -2.83e-16 -1.20e-15 -2.83e-16 0.00e+00 0.00e+00 0.00e+00 0.00e+00 0.00e+00 0.00e+00 0.00e+00 0.00e+00 0.00e+00 0.00e+00 0.00e+00 0.00e+00 0.00e+00 0.00e+00 0.00e+00 0.00e+00 0.00e+00 0.00e+00 0.00e+00 0.00e+00 0.00e+00 0.00e+00 0.00e+00 0.00e+00 0.00e+00 0.00e+00 0.00e+00 0.00e+00 -0.00e+00 
-0.00e+00 0.00e+00 0.00e+00 0.00e+00 0.00e+00 0.00e+00 0.00e+00 0.00e+00 0.00e+00 0.00e+00 0.00e+00 0.00e+00 0.00e+00 0.00e+00 0.00e+00 0.00e+00 0.00e+00 0.00e+00 0.00e+00 0.00e+00 0.00e+00 0.00e+00 0.00e+00 0.00e+00 0.00e+00 0.00e+00 0.00e+00 0.00e+00 0.00e+00 0.00e+00 -1.18e-17 0.00e+00 0.00e+00 0.00e+00 0.00e+00 0.00e+00 0.00e+00 0.00e+00 0.00e+00 0.00e+00 0.00e+00 0.00e+00 0.00e+00 0.00e+00 0.00e+00 0.00e+00 0.00e+00 0.00e+00 0.00e+00 0.00e+00 0.00e+00 0.00e+00 0.00e+00 0.00e+00 0.00e+00 0.00e+00 0.00e+00 0.00e+00 0.00e+00 0.00e+00 -0.00e+00 
-0.00e+00 0.00e+00 0.00e+00 0.00e+00 0.00e+00 0.00e+00 0.00e+00 0.00e+00 0.00e+00 0.00e+00 0.00e+00 0.00e+00 0.00e+00 0.00e+00 0.00e+00 0.00e+00 0.00e+00 0.00e+00 0.00e+00 0.00e+00 0.00e+00 0.00e+00 0.00e+00 0.00e+00 0.00e+00 0.00e+00 0.00e+00 0.00e+00 0.00e+00 0.00e+00 0.00e+00 0.00e+00 0.00e+00 0.00e+00 0.00e+00 0.00e+00 0.00e+00 0.00e+00 0.00e+00 0.00e+00 0.00e+00 0.00e+00 0.00e+00 0.00e+00 0.00e+00 0.00e+00 0.00e+00 0.00e+00 0.00e+00 0.00e+00 0.00e+00 0.00e+00 0.00e+00 0.00e+00 0.00e+00 0.00e+00 0.00e+00 0.00e+00 0.00e+00 0.00e+00 -0.00e+00 
-0.00e+00 0.00e+00 0.00e+00 0.00e+00 0.00e+00 0.00e+00 0.00e+00 0.00e+00 0.00e+00 0.00e+00 0.00e+00 0.00e+00 0.00e+00 0.00e+00 0.00e+00 0.00e+00 0.00e+00 0.00e+00 0.00e+00 0.00e+00 0.00e+00 0.00e+00 0.00e+00 0.00e+00 0.00e+00 0.00e+00 0.00e+00 0.00e+00 0.00e+00 0.00e+00 0.00e+00 0.00e+00 0.00e+00 0.00e+00 0.00e+00 0.00e+00 0.00e+00 0.00e+00 0.00e+00 0.00e+00 0.00e+00 0.00e+00 0.00e+00 0.00e+00 0.00e+00 0.00e+00 0.00e+00 0.00e+00 0.00e+00 0.00e+00 0.00e+00 0.00e+00 0.00e+00 0.00e+00 0.00e+00 0.00e+00 0.00e+00 0.00e+00 0.00e+00 0.00e+00 -0.00e+00 
-0.00e+00 0.00e+00 0.00e+00 0.00e+00 0.00e+00 0.00e+00 0.00e+00 0.00e+00 0.00e+00 0.00e+00 0.00e+00 0.00e+00 0.00e+00 0.00e+00 0.00e+00 0.00e+00 0.00e+00 0.00e+00 0.00e+00 0.00e+00 0.00e+00 0.00e+00 0.00e+00 0.00e+00 0.00e+00 0.00e+00 0.00e+00 0.00e+00 0.00e+00 0.00e+00 0.00e+00 0.00e+00 0.00e+00 0.00e+00 0.00e+00 0.00e+00 0.00e+00 0.00e+00 0.00e+00 0.00e+00 0.00e+00 0.00e+00 0.00e+00 0.00e+00 0.00e+00 0.00e+00 0.00e+00 0.00e+00 0.00e+00 0.00e+00 0.00e+00 0.00e+00 0.00e+00 0.00e+00 0.00e+00 0.00e+00 0.00e+00 0.00e+00 0.00e+00 0.00e+00 -0.00e+00 
-0.00e+00 0.00e+00 0.00e+00 0.00e+00 0.00e+00 0.00e+00 0.00e+00 0.00e+00 0.00e+00 0.00e+00 0.00e+00 0.00e+00 0.00e+00 0.00e+00 0.00e+00 0.00e+00 0.00e+00 0.00e+00 0.00e+00 0.00e+00 0.00e+00 0.00e+00 0.00e+00 0.00e+00 0.00e+00 0.00e+00 0.00e+00 0.00e+00 0.00e+00 0.00e+00 0.00e+00 0.00e+00 0.00e+00 0.00e+00 0.00e+00 0.00e+00 0.00e+00 0.00e+00 0.00e+00 0.00e+00 0.00e+00 0.00e+00 0.00e+00 0.00e+00 0.00e+00 0.00e+00 0.00e+00 0.00e+00 0.00e+00 0.00e+00 0.00e+00 0.00e+00 0.00e+00 0.00e+00 0.00e+00 0.00e+00 0.00e+00 0.00e+00 0.00e+00 0.00e+00 -0.00e+00 
-0.00e+00 0.00e+00 0.00e+00 0.00e+00 0.00e+00 0.00e+00 0.00e+00 0.00e+00 0.00e+00 0.00e+00 0.00e+00 0.00e+00 0.00e+00 0.00e+00 0.00e+00 0.00e+00 0.00e+00 0.00e+00 0.00e+00 0.00e+00 0.00e+00 0.00e+00 0.00e+00 0.00e+00 0.00e+00 0.00e+00 0.00e+00 0.00e+00 0.00e+00 0.00e+00 0.00e+00 0.00e+00 0.00e+00 0.00e+00 0.00e+00 0.00e+00 0.00e+00 0.00e+00 0.00e+00 0.00e+00 0.00e+00 0.00e+00 0.00e+00 0.00e+00 0.00e+00 0.00e+00 0.00e+00 0.00e+00 0.00e+00 0.00e+00 0.00e+00 0.00e+00 0.00e+00 0.00e+00 0.00e+00 0.00e+00 0.00e+00 0.00e+00 0.00e+00 0.00e+00 -0.00e+00 
0.00e+00 -0.00e+00 -0.00e+00 -0.00e+00 -0.00e+00 -0.00e+00 -0.00e+00 -0.00e+00 -0.00e+00 -0.00e+00 -0.00e+00 -0.00e+00 -0.00e+00 -0.00e+00 -0.00e+00 -0.00e+00 -0.00e+00 -0.00e+00 -0.00e+00 -0.00e+00 -0.00e+00 -0.00e+00 -0.00e+00 -0.00e+00 -0.00e+00 -0.00e+00 -0.00e+00 -0.00e+00 -0.00e+00 -0.00e+00 -0.00e+00 -0.00e+00 -0.00e+00 -0.00e+00 -0.00e+00 -0.00e+00 -0.00e+00 -0.00e+00 -0.00e+00 -0.00e+00 -0.00e+00 -0.00e+00 -0.00e+00 -0.00e+00 -0.00e+00 -0.00e+00 -0.00e+00 -0.00e+00 -0.00e+00 -0.00e+00 -0.00e+00 -0.00e+00 -0.00e+00 -0.00e+00 -0.00e+00 -0.00e+00 -0.00e+00 -0.00e+00 -0.00e+00 -0.00e+00 0.00e+00 
