0.00e+00 -0.00e+00 -0.00e+00 -0.00e+00 -0.00e+00 -0.00e+00 -6.98e-20 -6.81e-18 -3.09e-16 -8.71e-15 -1.71e-13 -2.47e-12 -2.73e-11 -2.38e-10 -1.65e-09 -9.30e-09 -4.28e-08 -1.63e-07 -5.18e-07 -1.39e-06 -3.23e-06 -6.56e-06 -1.19e-05 -1.95e-05 -2.92e-05 -4.06e-05 -5.27e-05 -6.41e-05 -7.36e-05 -7.98e-05 -8.20e-05 -7.98e-05 -7.36e-05 -6.41e-05 -5.27e-05 -4.06e-05 -2.92e-05 -1.95e-05 -1.19e-05 -6.56e-06 -3.23e-06 -1.39e-06 -5.18e-07 -1.63e-07 -4.28e-08 -9.30e-09 -1.65e-09 -2.38e-10 -2.73e-11 -2.47e-12 -1.71e-13 -8.71e-15 -3.09e-16 -6.81e-18 -6.98e-20 -0.00e+00 -0.00e+00 -0.00e+00 -0.00e+00 -0.00e+00 0.00e+00 
-0.00e+00 0.00e+00 0.00e+00 0.00e+00 0.00e+00 0.00e+00 6.98e-20 6.81e-18 3.09e-16 8.71e-15 1.71e-13 2.47e-12 2.73e-11 2.38e-10 1.65e-09 9.30e-09 4.28e-08 1.63e-07 5.18e-07 1.39e-06 3.23e-06 6.56e-06 1.19e-05 1.95e-05 2.92e-05 4.06e-05 5.27e-05 6.41e-05 7.36e-05 7.98e-05 8.20e-05 7.98e-05 7.36e-05 6.41e-05 5.27e-05 4.06e-05 2.92e-05 1.95e-05 1.19e-05 6.56e-06 3.23e-06 1.39e-06 5.18e-07 1.63e-07 4.28e-08 9.30e-09 1.65e-09 2.38e-10 2.73e-11 2.47e-12 1.71e-13 8.71e-15 3.09e-16 6.81e-18 6.98e-20 0.00e+00 0.00e+00 0.00e+00 0.00e+00 0.00e+00 -0.00e+00 
-0.00e+00 0.00e+00 0.00e+00 0.00e+00 0.00e+00 7.82e-20 8.00e-18 3.83e-16 1.14e-14 2.36e-13 3.61e-12 4.25e-11 3.95e-10 2.93e-09 1.77e-08 8.73e-08 3.56e-07 1.22e-06 3.51e-06 8.66e-06 1.86e-05 3.56e-05 6.12e-05 9.62e-05 1.40e-04 1.89e-04 2.40e-04 2.88e-04 3.28e-04 3.53e-04 3.62e-04 3.53e-04 3.28e-04 2.88e-04 2.40e-04 1.89e-04 1.40e-04 9.62e-05 6.12e-05 3.56e-05 1.86e-05 8.66e-06 3.51e-06 1.22e-06 3.56e-07 8.73e-08 1.77e-08 2.93e-09 3.95e-10 4.25e-11 3.61e-12 2.36e-13 1.14e-14 3.83e-16 8.00e-18 7.82e-20 0.00e+00 0.00e+00 0.00e+00 0.00e+00 -0.00e+00 
-0.00e+00 0.00e+00 0.00e+00 0.00e+00 8.12e-20 8.64e-18 4.30e-16 1.33e-14 2.89e-13 4.63e-12 5.72e-11 5.57e-10 4.35e-09 2.76e-08 1.44e-07 6.18e-07 2.22e-06 6.70e-06 1.73e-05 3.87e-05 7.64e-05 1.36e-04 2.19e-04 3.28e-04 4.58e-04 6.00e-04 7.44e-04 8.76e-04 9.83e-04 1.05e-03 1.08e-03 1.05e-03 9.83e-04 8.76e-04 7.44e-04 6.00e-04 4.58e-04 3.28e-04 2.19e-04 1.36e-04 7.64e-05 3.87e-05 1.73e-05 6.70e-06 2.22e-06 6.18e-07 1.44e-07 2.76e-08 4.35e-09 5.57e-10 5.72e-11 4.63e-12 2.89e-13 1.33e-14 4.30e-16 8.64e-18 8.12e-20 0.00e+00 0.00e+00 0.00e+00 -0.00e+00 
-0.00e+00 0.00e+00 0.00e+00 7.82e-20 8.64e-18 4.47e-16 1.44e-14 3.26e-13 5.46e-12 7.05e-11 7.19e-10 5.89e-09 3.93e-08 2.15e-07 9.70e-07 3.65e-06 1.16e-05 3.11e-05 7.21e-05 1.47e-04 2.67e-04 4.43e-04 6.78e-04 9.68e-04 1.30e-03 1.65e-03 2.00e-03 2.32e-03 2.57e-03 2.73e-03 2.79e-03 2.73e-03 2.57e-03 2.32e-03 2.00e-03 1.65e-03 1.30e-03 9.68e-04 6.78e-04 4.43e-04 2.67e-04 1.47e-04 7.21e-05 3.11e-05 1.16e-05 3.65e-06 9.70e-07 2.15e-07 3.93e-08 5.89e-09 7.19e-10 7.05e-11 5.46e-12 3.26e-13 1.44e-14 4.47e-16 8.64e-18 7.82e-20 0.00e+00 0.00e+00 -0.00e+00 
-0.00e+00 0.00e+00 6.98e-20 8.00e-18 4.30e-16 1.44e-14 3.39e-13 5.91e-12 7.98e-11 8.51e-10 7.31e-09 5.10e-08 2.93e-07 1.39e-06 5.47e-06 1.81e-05 5.07e-05 1.22e-04 2.55e-04 4.75e-04 8.04e-04 1.25e-03 1.82e-03 2.50e-03 3.25e-03 4.04e-03 4.79e-03 5.46e-03 5.98e-03 6.32e-03 6.43e-03 6.32e-03 5.98e-03 5.46e-03 4.79e-03 4.04e-03 3.25e-03 2.50e-03 1.82e-03 1.25e-03 8.04e-04 4.75e-04 2.55e-04 1.22e-04 5.07e-05 1.81e-05 5.47e-06 1.39e-06 2.93e-07 5.10e-08 7.31e-09 8.51e-10 7.98e-11 5.91e-12 3.39e-13 1.44e-14 4.30e-16 8.00e-18 6.98e-20 0.00e+00 -0.00e+00 
-1.16e-19 1.16e-19 6.85e-18 3.82e-16 1.33e-14 3.24e-13 5.90e-12 8.30e-11 9.24e-10 8.29e-09 6.06e-08 3.64e-07 1.81e-06 7.46e-06 2.58e-05 7.51e-05 1.87e-04 4.02e-04 7.66e-04 1.32e-03 2.09e-03 3.10e-03 4.32e-03 5.73e-03 7.25e-03 8.80e-03 1.03e-02 1.16e-02 1.26e-02 1.32e-02 1.34e-02 1.32e-02 1.26e-02 1.16e-02 1.03e-02 8.80e-03 7.25e-03 5.73e-03 4.32e-03 3.10e-03 2.09e-03 1.32e-03 7.66e-04 4.02e-04 1.87e-04 7.51e-05 2.58e-05 7.46e-06 1.81e-06 3.64e-07 6.06e-08 8.29e-09 9.24e-10 8.30e-11 5.90e-12 3.24e-13 1.33e-14 3.82e-16 6.85e-18 5.78e-20 -5.78e-20 
-1.09e-17 1.09e-17 3.13e-16 1.13e-14 2.87e-13 5.42e-12 7.93e-11 9.21e-10 8.62e-09 6.59e-08 4.14e-07 2.15e-06 9.28e-06 3.34e-05 1.01e-04 2.61e-04 5.78e-04 1.13e-03 1.97e-03 3.17e-03 4.77e-03 6.77e-03 9.13e-03 1.18e-02 1.46e-02 1.74e-02 2.00e-02 2.23e-02 2.40e-02 2.51e-02 2.55e-02 2.51e-02 2.40e-02 2.23e-02 2.00e-02 1.74e-02 1.46e-02 1.18e-02 9.13e-03 6.77e-03 4.77e-03 3.17e-03 1.97e-03 1.13e-03 5.78e-04 2.61e-04 1.01e-04 3.34e-05 9.28e-06 2.15e-06 4.14e-07 6.59e-08 8.62e-09 9.21e-10 7.93e-11 5.42e-12 2.87e-13 1.13e-14 3.13e-16 5.39e-18 -5.39e-18 
-4.75e-16 4.75e-16 8.88e-15 2.33e-13 4.57e-12 6.96e-11 8.41e-10 8.21e-09 6.54e-08 4.29e-07 2.33e-06 1.05e-05 3.96e-05 1.25e-04 3.33e-04 7.59e-04 1.51e-03 2.69e-03 4.40e-03 6.73e-03 9.70e-03 1.33e-02 1.75e-02 2.21e-02 2.69e-02 3.15e-02 3.58e-02 3.95e-02 4.23e-02 4.41e-02 4.47e-02 4.41e-02 4.23e-02 3.95e-02 3.58e-02 3.15e-02 2.69e-02 2.21e-02 1.75e-02 1.33e-02 9.70e-03 6.73e-03 4.40e-03 2.69e-03 1.51e-03 7.59e-04 3.33e-04 1.25e-04 3.96e-05 1.05e-05 2.33e-06 4.29e-07 6.54e-08 8.21e-09 8.41e-10 6.96e-11 4.57e-12 2.33e-13 8.88e-15 2.33e-16 -2.33e-16 
-1.28e-14 1.28e-14 1.75e-13 3.55e-12 5.61e-11 7.05e-10 7.16e-09 5.95e-08 4.07e-07 2.31e-06 1.09e-05 4.27e-05 1.40e-04 3.88e-04 9.14e-04 1.86e-03 3.39e-03 5.62e-03 8.74e-03 1.28e-02 1.80e-02 2.41e-02 3.09e-02 3.83e-02 4.57e-02 5.29e-02 5.94e-02 6.48e-02 6.89e-02 7.14e-02 7.23e-02 7.14e-02 6.89e-02 6.48e-02 5.94e-02 5.29e-02 4.57e-02 3.83e-02 3.09e-02 2.41e-02 1.80e-02 1.28e-02 8.74e-03 5.62e-03 3.39e-03 1.86e-03 9.14e-04 3.88e-04 1.40e-04 4.27e-05 1.09e-05 2.31e-06 4.07e-07 5.95e-08 7.16e-09 7.05e-10 5.61e-11 3.55e-12 1.75e-13 6.25e-15 -6.25e-15 
-2.40e-13 2.40e-13 2.54e-12 4.15e-11 5.41e-10 5.72e-09 4.94e-08 3.53e-07 2.09e-06 1.03e-05 4.21e-05 1.44e-04 4.15e-04 1.01e-03 2.12e-03 3.93e-03 6.65e-03 1.05e-02 1.58e-02 2.26e-02 3.09e-02 4.04e-02 5.07e-02 6.15e-02 7.21e-02 8.20e-02 9.08e-02 9.80e-02 1.03e-01 1.07e-01 1.08e-01 1.07e-01 1.03e-01 9.80e-02 9.08e-02 8.20e-02 7.21e-02 6.15e-02 5.07e-02 4.04e-02 3.09e-02 2.26e-02 1.58e-02 1.05e-02 6.65e-03 3.93e-03 2.12e-03 1.01e-03 4.15e-04 1.44e-04 4.21e-05 1.03e-05 2.09e-06 3.53e-07 4.94e-08 5.72e-09 5.41e-10 4.15e-11 2.53e-12 1.16e-13 -1.16e-13 
-3.31e-12 3.31e-12 2.82e-11 3.80e-10 4.17e-09 3.76e-08 2.79e-07 1.72e-06 8.85e-06 3.79e-05 1.36e-04 4.06e-04 1.03e-03 2.22e-03 4.23e-03 7.31e-03 1.18e-02 1.82e-02 2.66e-02 3.71e-02 4.93e-02 6.28e-02 7.71e-02 9.13e-02 1.05e-01 1.17e-01 1.28e-01 1.36e-01 1.42e-01 1.46e-01 1.47e-01 1.46e-01 1.42e-01 1.36e-01 1.28e-01 1.17e-01 1.05e-01 9.13e-02 7.71e-02 6.28e-02 4.93e-02 3.71e-02 2.66e-02 1.82e-02 1.18e-02 7.31e-03 4.23e-03 2.22e-03 1.03e-03 4.06e-04 1.36e-04 3.79e-05 8.85e-06 1.72e-06 2.79e-07 3.76e-08 4.17e-09 3.80e-10 2.81e-11 1.58e-12 -1.58e-12 
-3.48e-11 3.48e-11 2.45e-10 2.78e-09 2.60e-08 2.01e-07 1.30e-06 6.95e-06 3.11e-05 1.16e-04 3.64e-04 9.60e-04 2.16e-03 4.23e-03 7.51e-03 1.25e-02 1.97e-02 2.95e-02 4.19e-02 5.66e-02 7.30e-02 9.05e-02 1.08e-01 1.25e-01 1.40e-01 1.54e-01 1.65e-01 1.73e-01 1.80e-01 1.83e-01 1.85e-01 1.83e-01 1.80e-01 1.73e-01 1.65e-01 1.54e-01 1.40e-01 1.25e-01 1.08e-01 9.05e-02 7.30e-02 5.66e-02 4.19e-02 2.95e-02 1.97e-02 1.25e-02 7.51e-03 4.23e-03 2.16e-03 9.60e-04 3.64e-04 1.16e-04 3.11e-05 6.95e-06 1.30e-06 2.01e-07 2.60e-08 2.78e-09 2.44e-10 1.64e-11 -1.64e-11 
-2.86e-10 2.86e-10 1.70e-09 1.64e-08 1.32e-07 8.88e-07 4.97e-06 2.33e-05 9.12e-05 2.99e-04 8.25e-04 1.93e-03 3.94e-03 7.22e-03 1.23e-02 2.00e-02 3.07e-02 4.46e-02 6.12e-02 8.01e-02 1.00e-01 1.20e-01 1.40e-01 1.57e-01 1.73e-01 1.86e-01 1.96e-01 2.04e-01 2.09e-01 2.12e-01 2.13e-01 2.12e-01 2.09e-01 2.04e-01 1.96e-01 1.86e-01 1.73e-01 1.57e-01 1.40e-01 1.20e-01 1.00e-01 8.01e-02 6.12e-02 4.46e-02 3.07e-02 2.00e-02 1.23e-02 7.22e-03 3.94e-03 1.93e-03 8.25e-04 2.99e-04 9.12e-05 2.33e-05 4.97e-06 8.88e-07 1.32e-07 1.64e-08 1.69e-09 1.33e-10 -1.33e-10 
-1.87e-09 1.87e-09 9.52e-09 7.91e-08 5.53e-07 3.24e-06 1.59e-05 6.52e-05 2.24e-04 6.51e-04 1.60e-03 3.41e-03 6.50e-03 1.15e-02 1.91e-02 3.02e-02 4.48e-02 6.26e-02 8.31e-02 1.05e-01 1.27e-01 1.49e-01 1.67e-01 1.84e-01 1.97e-01 2.07e-01 2.15e-01 2.21e-01 2.24e-01 2.27e-01 2.27e-01 2.27e-01 2.24e-01 2.21e-01 2.15e-01 2.07e-01 1.97e-01 1.84e-01 1.67e-01 1.49e-01 1.27e-01 1.05e-01 8.31e-02 6.26e-02 4.48e-02 3.02e-02 1.91e-02 1.15e-02 6.50e-03 3.41e-03 1.60e-03 6.51e-04 2.24e-04 6.52e-05 1.59e-05 3.24e-06 5.53e-07 7.91e-08 9.44e-09 8.59e-10 -8.59e-10 
-9.84e-09 9.84e-09 4.33e-08 3.13e-07 1.91e-06 9.81e-06 4.24e-05 1.54e-04 4.71e-04 1.22e-03 2.74e-03 5.46e-03 9.99e-03 1.72e-02 2.79e-02 4.25e-02 6.07e-02 8.21e-02 1.05e-01 1.29e-01 1.51e-01 1.70e-01 1.87e-01 1.99e-01 2.09e-01 2.16e-01 2.20e-01 2.23e-01 2.25e-01 2.26e-01 2.27e-01 2.26e-01 2.25e-01 2.23e-01 2.20e-01 2.16e-01 2.09e-01 1.99e-01 1.87e-01 1.70e-01 1.51e-01 1.29e-01 1.05e-01 8.21e-02 6.07e-02 4.25e-02 2.79e-02 1.72e-02 9.99e-03 5.46e-03 2.74e-03 1.22e-03 4.71e-04 1.54e-04 4.24e-05 9.81e-06 1.91e-06 3.12e-07 4.28e-08 4.45e-09 -4.45e-09 
-4.20e-08 4.20e-08 1.62e-07 1.02e-06 5.51e-06 2.50e-05 9.60e-05 3.11e-04 8.59e-04 2.04e-03 4.28e-03 8.16e-03 1.45e-02 2.43e-02 3.81e-02 5.60e-02 7.73e-02 1.01e-01 1.25e-01 1.48e-01 1.67e-01 1.83e-01 1.95e-01 2.03e-01 2.08e-01 2.11e-01 2.13e-01 2.14e-01 2.15e-01 2.15e-01 2.15e-01 2.15e-01 2.15e-01 2.14e-01 2.13e-01 2.11e-01 2.08e-01 2.03e-01 1.95e-01 1.83e-01 1.67e-01 1.48e-01 1.25e-01 1.01e-01 7.73e-02 5.60e-02 3.81e-02 2.43e-02 1.45e-02 8.16e-03 4.28e-03 2.04e-03 8.59e-04 3.11e-04 9.60e-05 2.50e-05 5.51e-06 1.02e-06 1.60e-07 1.87e-08 -1.87e-08 
-1.47e-07 1.47e-07 5.02e-07 2.79e-06 1.34e-05 5.44e-05 1.88e-04 5.52e-04 1.40e-03 3.11e-03 6.22e-03 1.15e-02 1.99e-02 3.23e-02 4.89e-02 6.95e-02 9.27e-02 1.17e-01 1.39e-01 1.59e-01 1.74e-01 1.85e-01 1.92e-01 1.96e-01 1.98e-01 1.98e-01 1.99e-01 1.99e-01 1.99e-01 1.99e-01 1.99e-01 1.99e-01 1.99e-01 1.99e-01 1.99e-01 1.98e-01 1.98e-01 1.96e-01 1.92e-01 1.85e-01 1.74e-01 1.59e-01 1.39e-01 1.17e-01 9.27e-02 6.95e-02 4.89e-02 3.23e-02 1.99e-02 1.15e-02 6.22e-03 3.11e-03 1.40e-03 5.52e-04 1.88e-04 5.44e-05 1.34e-05 2.79e-06 4.92e-07 6.44e-08 -6.44e-08 
-4.28e-07 4.28e-07 1.30e-06 6.46e-06 2.79e-05 1.03e-04 3.23e-04 8.77e-04 2.08e-03 4.40e-03 8.51e-03 1.53e-02 2.57e-02 4.04e-02 5.93e-02 8.14e-02 1.05e-01 1.27e-01 1.47e-01 1.62e-01 1.72e-01 1.78e-01 1.81e-01 1.82e-01 1.82e-01 1.83e-01 1.83e-01 1.84e-01 1.85e-01 1.86e-01 1.86e-01 1.86e-01 1.85e-01 1.84e-01 1.83e-01 1.83e-01 1.82e-01 1.82e-01 1.81e-01 1.78e-01 1.72e-01 1.62e-01 1.47e-01 1.27e-01 1.05e-01 8.14e-02 5.93e-02 4.04e-02 2.57e-02 1.53e-02 8.51e-03 4.40e-03 2.08e-03 8.77e-04 3.23e-04 1.03e-04 2.79e-05 6.46e-06 1.27e-06 1.83e-07 -1.83e-07 
-1.04e-06 1.04e-06 2.88e-06 1.29e-05 5.06e-05 1.71e-04 5.00e-04 1.27e-03 2.87e-03 5.85e-03 1.10e-02 1.92e-02 3.15e-02 4.80e-02 6.80e-02 9.02e-02 1.12e-01 1.32e-01 1.47e-01 1.57e-01 1.63e-01 1.65e-01 1.66e-01 1.66e-01 1.67e-01 1.68e-01 1.71e-01 1.73e-01 1.76e-01 1.78e-01 1.78e-01 1.78e-01 1.76e-01 1.73e-01 1.71e-01 1.68e-01 1.67e-01 1.66e-01 1.66e-01 1.65e-01 1.63e-01 1.57e-01 1.47e-01 1.32e-01 1.12e-01 9.02e-02 6.80e-02 4.80e-02 3.15e-02 1.92e-02 1.10e-02 5.85e-03 2.87e-03 1.27e-03 5.00e-04 1.71e-04 5.06e-05 1.29e-05 2.79e-06 4.38e-07 -4.38e-07 
-2.17e-06 2.17e-06 5.50e-06 2.24e-05 8.16e-05 2.57e-04 7.07e-04 1.71e-03 3.71e-03 7.33e-03 1.34e-02 2.29e-02 3.65e-02 5.39e-02 7.42e-02 9.53e-02 1.15e-01 1.30e-01 1.41e-01 1.47e-01 1.50e-01 1.50e-01 1.50e-01 1.52e-01 1.54e-01 1.58e-01 1.64e-01 1.69e-01 1.74e-01 1.77e-01 1.79e-01 1.77e-01 1.74e-01 1.69e-01 1.64e-01 1.58e-01 1.54e-01 1.52e-01 1.50e-01 1.50e-01 1.50e-01 1.47e-01 1.41e-01 1.30e-01 1.15e-01 9.53e-02 7.42e-02 5.39e-02 3.65e-02 2.29e-02 1.34e-02 7.33e-03 3.71e-03 1.71e-03 7.07e-04 2.57e-04 8.16e-05 2.24e-05 5.28e-06 8.93e-07 -8.93e-07 
-3.90e-06 3.90e-06 9.21e-06 3.48e-05 1.19e-04 3.53e-04 9.25e-04 2.15e-03 4.51e-03 8.70e-03 1.56e-02 2.59e-02 4.02e-02 5.77e-02 7.71e-02 9.61e-02 1.12e-01 1.24e-01 1.31e-01 1.34e-01 1.34e-01 1.35e-01 1.36e-01 1.39e-01 1.45e-01 1.52e-01 1.61e-01 1.70e-01 1.79e-01 1.84e-01 1.86e-01 1.84e-01 1.79e-01 1.70e-01 1.61e-01 1.52e-01 1.45e-01 1.39e-01 1.36e-01 1.35e-01 1.34e-01 1.34e-01 1.31e-01 1.24e-01 1.12e-01 9.61e-02 7.71e-02 5.77e-02 4.02e-02 2.59e-02 1.56e-02 8.70e-03 4.51e-03 2.15e-03 9.25e-04 3.53e-04 1.19e-04 3.47e-05 8.78e-06 1.58e-06 -1.58e-06 
-6.16e-06 6.16e-06 1.37e-05 4.87e-05 1.57e-04 4.47e-04 1.12e-03 2.53e-03 5.18e-03 9.76e-03 1.71e-02 2.79e-02 4.21e-02 5.89e-02 7.65e-02 9.28e-02 1.06e-01 1.14e-01 1.18e-01 1.19e-01 1.19e-01 1.20e-01 1.23e-01 1.29e-01 1.39e-01 1.50e-01 1.63e-01 1.77e-01 1.89e-01 1.98e-01 2.01e-01 1.98e-01 1.89e-01 1.77e-01 1.63e-01 1.50e-01 1.39e-01 1.29e-01 1.23e-01 1.20e-01 1.19e-01 1.19e-01 1.18e-01 1.14e-01 1.06e-01 9.28e-02 7.65e-02 5.89e-02 4.21e-02 2.79e-02 1.71e-02 9.76e-03 5.18e-03 2.53e-03 1.12e-03 4.47e-04 1.57e-04 4.86e-05 1.30e-05 2.45e-06 -2.45e-06 
-8.66e-06 8.66e-06 1.84e-05 6.19e-05 1.92e-04 5.24e-04 1.28e-03 2.80e-03 5.60e-03 1.04e-02 1.78e-02 2.84e-02 4.20e-02 5.73e-02 7.27e-02 8.60e-02 9.55e-02 1.01e-01 1.03e-01 1.03e-01 1.04e-01 1.06e-01 1.12e-01 1.21e-01 1.34e-01 1.49e-01 1.68e-01 1.88e-01 2.06e-01 2.20e-01 2.25e-01 2.20e-01 2.06e-01 1.88e-01 1.68e-01 1.49e-01 1.34e-01 1.21e-01 1.12e-01 1.06e-01 1.04e-01 1.03e-01 1.03e-01 1.01e-01 9.55e-02 8.60e-02 7.27e-02 5.73e-02 4.20e-02 2.84e-02 1.78e-02 1.04e-02 5.60e-03 2.80e-03 1.28e-03 5.24e-04 1.92e-04 6.17e-05 1.73e-05 3.39e-06 -3.39e-06 
-1.09e-05 1.09e-05 2.23e-05 7.18e-05 2.14e-04 5.69e-04 1.35e-03 2.90e-03 5.70e-03 1.04e-02 1.75e-02 2.74e-02 3.97e-02 5.32e-02 6.60e-02 7.63e-02 8.31e-02 8.64e-02 8.72e-02 8.75e-02 8.90e-02 9.31e-02 1.01e-01 1.12e-01 1.28e-01 1.49e-01 1.73e-01 2.01e-01 2.29e-01 2.52e-01 2.61e-01 2.52e-01 2.29e-01 2.01e-01 1.73e-01 1.49e-01 1.28e-01 1.12e-01 1.01e-01 9.31e-02 8.90e-02 8.75e-02 8.72e-02 8.64e-02 8.31e-02 7.63e-02 6.60e-02 5.32e-02 3.97e-02 2.74e-02 1.75e-02 1.04e-02 5.70e-03 2.90e-03 1.35e-03 5.69e-04 2.14e-04 7.15e-05 2.08e-05 4.21e-06 -4.21e-06 
-1.22e-05 1.22e-05 2.43e-05 7.56e-05 2.20e-04 5.69e-04 1.32e-03 2.79e-03 5.42e-03 9.73e-03 1.62e-02 2.49e-02 3.55e-02 4.66e-02 5.68e-02 6.47e-02 6.93e-02 7.11e-02 7.15e-02 7.21e-02 7.44e-02 7.96e-02 8.85e-02 1.02e-01 1.20e-01 1.45e-01 1.77e-01 2.16e-01 2.59e-01 2.98e-01 3.15e-01 2.98e-01 2.59e-01 2.16e-01 1.77e-01 1.45e-01 1.20e-01 1.02e-01 8.85e-02 7.96e-02 7.44e-02 7.21e-02 7.15e-02 7.11e-02 6.93e-02 6.47e-02 5.68e-02 4.66e-02 3.55e-02 2.49e-02 1.62e-02 9.73e-03 5.42e-03 2.79e-03 1.32e-03 5.69e-04 2.20e-04 7.53e-05 2.26e-05 4.67e-06 -4.67e-06 
-1.22e-05 1.22e-05 2.36e-05 7.16e-05 2.04e-04 5.18e-04 1.19e-03 2.47e-03 4.74e-03 8.41e-03 1.38e-02 2.10e-02 2.95e-02 3.82e-02 4.59e-02 5.15e-02 5.45e-02 5.56e-02 5.58e-02 5.66e-02 5.93e-02 6.48e-02 7.39e-02 8.77e-02 1.07e-01 1.35e-01 1.74e-01 2.28e-01 2.95e-01 3.65e-01 4.05e-01 3.65e-01 2.95e-01 2.28e-01 1.74e-01 1.35e-01 1.07e-01 8.77e-02 7.39e-02 6.48e-02 5.93e-02 5.66e-02 5.58e-02 5.56e-02 5.45e-02 5.15e-02 4.59e-02 3.82e-02 2.95e-02 2.10e-02 1.38e-02 8.41e-03 4.74e-03 2.47e-03 1.19e-03 5.18e-04 2.03e-04 7.12e-05 2.18e-05 4.61e-06 -4.61e-06 
-1.04e-05 1.04e-05 1.99e-05 5.91e-05 1.65e-04 4.15e-04 9.40e-04 1.94e-03 3.69e-03 6.49e-03 1.06e-02 1.59e-02 2.21e-02 2.83e-02 3.36e-02 3.74e-02 3.92e-02 3.98e-02 3.99e-02 4.09e-02 4.34e-02 4.83e-02 5.64e-02 6.87e-02 8.72e-02 1.15e-01 1.58e-01 2.26e-01 3.27e-01 4.64e-01 5.76e-01 4.64e-01 3.27e-01 2.26e-01 1.58e-01 1.15e-01 8.72e-02 6.87e-02 5.64e-02 4.83e-02 4.34e-02 4.09e-02 3.99e-02 3.98e-02 3.92e-02 3.74e-02 3.36e-02 2.83e-02 2.21e-02 1.59e-02 1.06e-02 6.49e-03 3.69e-03 1.94e-03 9.40e-04 4.15e-04 1.65e-04 5.88e-05 1.83e-05 3.92e-06 -3.92e-06 
-7.03e-06 7.03e-06 1.33e-05 3.90e-05 1.08e-04 2.69e-04 6.04e-04 1.24e-03 2.34e-03 4.10e-03 6.64e-03 9.92e-03 1.37e-02 1.74e-02 2.05e-02 2.26e-02 2.36e-02 2.39e-02 2.41e-02 2.47e-02 2.66e-02 3.00e-02 3.56e-02 4.43e-02 5.80e-02 8.03e-02 1.19e-01 1.89e-01 3.26e-01 5.87e-01 9.73e-01 5.87e-01 3.26e-01 1.89e-01 1.19e-01 8.03e-02 5.80e-02 4.43e-02 3.56e-02 3.00e-02 2.66e-02 2.47e-02 2.41e-02 2.39e-02 2.36e-02 2.26e-02 2.05e-02 1.74e-02 1.37e-02 9.92e-03 6.64e-03 4.10e-03 2.34e-03 1.24e-03 6.04e-04 2.69e-04 1.08e-04 3.88e-05 1.22e-05 2.63e-06 -2.63e-06 
-2.48e-06 2.48e-06 4.67e-06 1.36e-05 3.75e-05 9.31e-05 2.08e-04 4.26e-04 8.03e-04 1.40e-03 2.26e-03 3.37e-03 4.63e-03 5.86e-03 6.88e-03 7.58e-03 7.93e-03 7.96e-03 7.98e-03 8.29e-03 8.96e-03 1.02e-02 1.22e-02 1.54e-02 2.06e-02 2.96e-02 4.71e-02 8.72e-02 2.00e-01 5.86e-01 2.14e+00 5.86e-01 2.00e-01 8.72e-02 4.71e-02 2.96e-02 2.06e-02 1.54e-02 1.22e-02 1.02e-02 8.96e-03 8.29e-03 7.98e-03 7.96e-03 7.93e-03 7.58e-03 6.88e-03 5.86e-03 4.63e-03 3.37e-03 2.26e-03 1.40e-03 8.03e-04 4.26e-04 2.08e-04 9.31e-05 3.75e-05 1.35e-05 4.28e-06 9.28e-07 -9.28e-07 
2.48e-06 -2.48e-06 -4.67e-06 -1.36e-05 -3.75e-05 -9.31e-05 -2.08e-04 -4.26e-04 -8.03e-04 -1.40e-03 -2.26e-03 -3.37e-03 -4.63e-03 -5.86e-03 -6.88e-03 -7.58e-03 -7.93e-03 -7.96e-03 -7.98e-03 -8.29e-03 -8.96e-03 -1.02e-02 -1.22e-02 -1.54e-02 -2.06e-02 -2.96e-02 -4.71e-02 -8.72e-02 -2.00e-01 -5.86e-01 -2.14e+00 -5.86e-01 -2.00e-01 -8.72e-02 -4.71e-02 -2.96e-02 -2.06e-02 -1.54e-02 -1.22e-02 -1.02e-02 -8.96e-03 -8.29e-03 -7.98e-03 -7.96e-03 -7.93e-03 -7.58e-03 -6.88e-03 -5.86e-03 -4.63e-03 -3.37e-03 -2.26e-03 -1.40e-03 -8.03e-04 -4.26e-04 -2.08e-04 -9.31e-05 -3.75e-05 -1.35e-05 -4.28e-06 -9.28e-07 9.28e-07 
7.03e-06 -7.03e-06 -1.33e-05 -3.90e-05 -1.08e-04 -2.69e-04 -6.04e-04 -1.24e-03 -2.34e-03 -4.10e-03 -6.64e-03 -9.92e-03 -1.37e-02 -1.74e-02 -2.05e-02 -2.26e-02 -2.36e-02 -2.39e-02 -2.41e-02 -2.47e-02 -2.66e-02 -3.00e-02 -3.56e-02 -4.43e-02 -5.80e-02 -8.03e-02 -1.19e-01 -1.89e-01 -3.26e-01 -5.87e-01 -9.73e-01 -5.87e-01 -3.26e-01 -1.89e-01 -1.19e-01 -8.03e-02 -5.80e-02 -4.43e-02 -3.56e-02 -3.00e-02 -2.66e-02 -2.47e-02 -2.41e-02 -2.39e-02 -2.36e-02 -2.26e-02 -2.05e-02 -1.74e-02 -1.37e-02 -9.92e-03 -6.64e-03 -4.10e-03 -2.34e-03 -1.24e-03 -6.04e-04 -2.69e-04 -1.08e-04 -3.88e-05 -1.22e-05 -2.63e-06 2.63e-06 
1.04e-05 -1.04e-05 -1.99e-05 -5.91e-05 -1.65e-04 -4.15e-04 -9.40e-04 -1.94e-03 -3.69e-03 -6.49e-03 -1.06e-02 -1.59e-02 -2.21e-02 -2.83e-02 -3.36e-02 -3.74e-02 -3.92e-02 -3.98e-02 -3.99e-02 -4.09e-02 -4.34e-02 -4.83e-02 -5.64e-02 -6.87e-02 -8.72e-02 -1.15e-01 -1.58e-01 -2.26e-01 -3.27e-01 -4.64e-01 -5.76e-01 -4.64e-01 -3.27e-01 -2.26e-01 -1.58e-01 -1.15e-01 -8.72e-02 -6.87e-02 -5.64e-02 -4.83e-02 -4.34e-02 -4.09e-02 -3.99e-02 -3.98e-02 -3.92e-02 -3.74e-02 -3.36e-02 -2.83e-02 -2.21e-02 -1.59e-02 -1.06e-02 -6.49e-03 -3.69e-03 -1.94e-03 -9.40e-04 -4.15e-04 -1.65e-04 -5.88e-05 -1.83e-05 -3.92e-06 3.92e-06 
1.22e-05 -1.22e-05 -2.36e-05 -7.16e-05 -2.04e-04 -5.18e-04 -1.19e-03 -2.47e-03 -4.74e-03 -8.41e-03 -1.38e-02 -2.10e-02 -2.95e-02 -3.82e-02 -4.59e-02 -5.15e-02 -5.45e-02 -5.56e-02 -5.58e-02 -5.66e-02 -5.93e-02 -6.48e-02 -7.39e-02 -8.77e-02 -1.07e-01 -1.35e-01 -1.74e-01 -2.28e-01 -2.95e-01 -3.65e-01 -4.05e-01 -3.65e-01 -2.95e-01 -2.28e-01 -1.74e-01 -1.35e-01 -1.07e-01 -8.77e-02 -7.39e-02 -6.48e-02 -5.93e-02 -5.66e-02 -5.58e-02 -5.56e-02 -5.45e-02 -5.15e-02 -4.59e-02 -3.82e-02 -2.95e-02 -2.10e-02 -1.38e-02 -8.41e-03 -4.74e-03 -2.47e-03 -1.19e-03 -5.18e-04 -2.03e-04 -7.12e-05 -2.18e-05 -4.61e-06 4.61e-06 
1.22e-05 -1.22e-05 -2.43e-05 -7.56e-05 -2.20e-04 -5.69e-04 -1.32e-03 -2.79e-03 -5.42e-03 -9.73e-03 -1.62e-02 -2.49e-02 -3.55e-02 -4.66e-02 -5.68e-02 -6.47e-02 -6.93e-02 -7.11e-02 -7.15e-02 -7.21e-02 -7.44e-02 -7.96e-02 -8.85e-02 -1.02e-01 -1.20e-01 -1.45e-01 -1.77e-01 -2.16e-01 -2.59e-01 -2.98e-01 -3.15e-01 -2.98e-01 -2.59e-01 -2.16e-01 -1.77e-01 -1.45e-01 -1.20e-01 -1.02e-01 -8.85e-02 -7.96e-02 -7.44e-02 -7.21e-02 -7.15e-02 -7.11e-02 -6.93e-02 -6.47e-02 -5.68e-02 -4.66e-02 -3.55e-02 -2.49e-02 -1.62e-02 -9.73e-03 -5.42e-03 -2.79e-03 -1.32e-03 -5.69e-04 -2.20e-04 -7.53e-05 -2.26e-05 -4.67e-06 4.67e-06 
1.09e-05 -1.09e-05 -2.23e-05 -7.18e-05 -2.14e-04 -5.69e-04 -1.35e-03 -2.90e-03 -5.70e-03 -1.04e-02 -1.75e-02 -2.74e-02 -3.97e-02 -5.32e-02 -6.60e-02 -7.63e-02 -8.31e-02 -8.64e-02 -8.72e-02 -8.75e-02 -8.90e-02 -9.31e-02 -1.01e-01 -1.12e-01 -1.28e-01 -1.49e-01 -1.73e-01 -2.01e-01 -2.29e-01 -2.52e-01 -2.61e-01 -2.52e-01 -2.29e-01 -2.01e-01 -1.73e-01 -1.49e-01 -1.28e-01 -1.12e-01 -1.01e-01 -9.31e-02 -8.90e-02 -8.75e-02 -8.72e-02 -8.64e-02 -8.31e-02 -7.63e-02 -6.60e-02 -5.32e-02 -3.97e-02 -2.74e-02 -1.75e-02 -1.04e-02 -5.70e-03 -2.90e-03 -1.35e-03 -5.69e-04 -2.14e-04 -7.15e-05 -2.08e-05 -4.21e-06 4.21e-06 
8.66e-06 -8.66e-06 -1.84e-05 -6.19e-05 -1.92e-04 -5.24e-04 -1.28e-03 -2.80e-03 -5.60e-03 -1.04e-02 -1.78e-02 -2.84e-02 -4.20e-02 -5.73e-02 -7.27e-02 -8.60e-02 -9.55e-02 -1.01e-01 -1.03e-01 -1.03e-01 -1.04e-01 -1.06e-01 -1.12e-01 -1.21e-01 -1.34e-01 -1.49e-01 -1.68e-01 -1.88e-01 -2.06e-01 -2.20e-01 -2.25e-01 -2.20e-01 -2.06e-01 -1.88e-01 -1.68e-01 -1.49e-01 -1.34e-01 -1.21e-01 -1.12e-01 -1.06e-01 -1.04e-01 -1.03e-01 -1.03e-01 -1.01e-01 -9.55e-02 -8.60e-02 -7.27e-02 -5.73e-02 -4.20e-02 -2.84e-02 -1.78e-02 -1.04e-02 -5.60e-03 -2.80e-03 -1.28e-03 -5.24e-04 -1.92e-04 -6.17e-05 -1.73e-05 -3.39e-06 3.39e-06 
6.16e-06 -6.16e-06 -1.37e-05 -4.87e-05 -1.57e-04 -4.47e-04 -1.12e-03 -2.53e-03 -5.18e-03 -9.76e-03 -1.71e-02 -2.79e-02 -4.21e-02 -5.89e-02 -7.65e-02 -9.28e-02 -1.06e-01 -1.14e-01 -1.18e-01 -1.19e-01 -1.19e-01 -1.20e-01 -1.23e-01 -1.29e-01 -1.39e-01 -1.50e-01 -1.63e-01 -1.77e-01 -1.89e-01 -1.98e-01 -2.01e-01 -1.98e-01 -1.89e-01 -1.77e-01 -1.63e-01 -1.50e-01 -1.39e-01 -1.29e-01 -1.23e-01 -1.20e-01 -1.19e-01 -1.19e-01 -1.18e-01 -1.14e-01 -1.06e-01 -9.28e-02 -7.65e-02 -5.89e-02 -4.21e-02 -2.79e-02 -1.71e-02 -9.76e-03 -5.18e-03 -2.53e-03 -1.12e-03 -4.47e-04 -1.57e-04 -4.86e-05 -1.30e-05 -2.45e-06 2.45e-06 
3.90e-06 -3.90e-06 -9.21e-06 -3.48e-05 -1.19e-04 -3.53e-04 -9.25e-04 -2.15e-03 -4.51e-03 -8.70e-03 -1.56e-02 -2.59e-02 -4.02e-02 -5.77e-02 -7.71e-02 -9.61e-02 -1.12e-01 -1.24e-01 -1.31e-01 -1.34e-01 -1.34e-01 -1.35e-01 -1.36e-01 -1.39e-01 -1.45e-01 -1.52e-01 -1.61e-01 -1.70e-01 -1.79e-01 -1.84e-01 -1.86e-01 -1.84e-01 -1.79e-01 -1.70e-01 -1.61e-01 -1.52e-01 -1.45e-01 -1.39e-01 -1.36e-01 -1.35e-01 -1.34e-01 -1.34e-01 -1.31e-01 -1.24e-01 -1.12e-01 -9.61e-02 -7.71e-02 -5.77e-02 -4.02e-02 -2.59e-02 -1.56e-02 -8.70e-03 -4.51e-03 -2.15e-03 -9.25e-04 -3.53e-04 -1.19e-04 -3.47e-05 -8.78e-06 -1.58e-06 1.58e-06 
2.17e-06 -2.17e-06 -5.50e-06 -2.24e-05 -8.16e-05 -2.57e-04 -7.07e-04 -1.71e-03 -3.71e-03 -7.33e-03 -1.34e-02 -2.29e-02 -3.65e-02 -5.39e-02 -7.42e-02 -9.53e-02 -1.15e-01 -1.30e-01 -1.41e-01 -1.47e-01 -1.50e-01 -1.50e-01 -1.50e-01 -1.52e-01 -1.54e-01 -1.58e-01 -1.64e-01 -1.69e-01 -1.74e-01 -1.77e-01 -1.79e-01 -1.77e-01 -1.74e-01 -1.69e-01 -1.64e-01 -1.58e-01 -1.54e-01 -1.52e-01 -1.50e-01 -1.50e-01 -1.50e-01 -1.47e-01 -1.41e-01 -1.30e-01 -1.15e-01 -9.53e-02 -7.42e-02 -5.39e-02 -3.65e-02 -2.29e-02 -1.34e-02 -7.33e-03 -3.71e-03 -1.71e-03 -7.07e-04 -2.57e-04 -8.16e-05 -2.24e-05 -5.28e-06 -8.93e-07 8.93e-07 
1.04e-06 -1.04e-06 -2.88e-06 -1.29e-05 -5.06e-05 -1.71e-04 -5.00e-04 -1.27e-03 -2.87e-03 -5.85e-03 -1.10e-02 -1.92e-02 -3.15e-02 -4.80e-02 -6.80e-02 -9.02e-02 -1.12e-01 -1.32e-01 -1.47e-01 -1.57e-01 -1.63e-01 -1.65e-01 -1.66e-01 -1.66e-01 -1.67e-01 -1.68e-01 -1.71e-01 -1.73e-01 -1.76e-01 -1.78e-01 -1.78e-01 -1.78e-01 -1.76e-01 -1.73e-01 -1.71e-01 -1.68e-01 -1.67e-01 -1.66e-01 -1.66e-01 -1.65e-01 -1.63e-01 -1.57e-01 -1.47e-01 -1.32e-01 -1.12e-01 -9.02e-02 -6.80e-02 -4.80e-02 -3.15e-02 -1.92e-02 -1.10e-02 -5.85e-03 -2.87e-03 -1.27e-03 -5.00e-04 -1.71e-04 -5.06e-05 -1.29e-05 -2.79e-06 -4.38e-07 4.38e-07 
4.28e-07 -4.28e-07 -1.30e-06 -6.46e-06 -2.79e-05 -1.03e-04 -3.23e-04 -8.77e-04 -2.08e-03 -4.40e-03 -8.51e-03 -1.53e-02 -2.57e-02 -4.04e-02 -5.93e-02 -8.14e-02 -1.05e-01 -1.27e-01 -1.47e-01 -1.62e-01 -1.72e-01 -1.78e-01 -1.81e-01 -1.82e-01 -1.82e-01 -1.83e-01 -1.83e-01 -1.84e-01 -1.85e-01 -1.86e-01 -1.86e-01 -1.86e-01 -1.85e-01 -1.84e-01 -1.83e-01 -1.83e-01 -1.82e-01 -1.82e-01 -1.81e-01 -1.78e-01 -1.72e-01 -1.62e-01 -1.47e-01 -1.27e-01 -1.05e-01 -8.14e-02 -5.93e-02 -4.04e-02 -2.57e-02 -1.53e-02 -8.51e-03 -4.40e-03 -2.08e-03 -8.77e-04 -3.23e-04 -1.03e-04 -2.79e-05 -6.46e-06 -1.27e-06 -1.83e-07 1.83e-07 
1.47e-07 -1.47e-07 -5.02e-07 -2.79e-06 -1.34e-05 -5.44e-05 -1.88e-04 -5.52e-04 -1.40e-03 -3.11e-03 -6.22e-03 -1.15e-02 -1.99e-02 -3.23e-02 -4.89e-02 -6.95e-02 -9.27e-02 -1.17e-01 -1.39e-01 -1.59e-01 -1.74e-01 -1.85e-01 -1.92e-01 -1.96e-01 -1.98e-01 -1.98e-01 -1.99e-01 -1.99e-01 -1.99e-01 -1.99e-01 -1.99e-01 -1.99e-01 -1.99e-01 -1.99e-01 -1.99e-01 -1.98e-01 -1.98e-01 -1.96e-01 -1.92e-01 -1.85e-01 -1.74e-01 -1.59e-01 -1.39e-01 -1.17e-01 -9.27e-02 -6.95e-02 -4.89e-02 -3.23e-02 -1.99e-02 -1.15e-02 -6.22e-03 -3.11e-03 -1.40e-03 -5.52e-04 -1.88e-04 -5.44e-05 -1.34e-05 -2.79e-06 -4.92e-07 -6.44e-08 6.44e-08 
4.20e-08 -4.20e-08 -1.62e-07 -1.02e-06 -5.51e-06 -2.50e-05 -9.60e-05 -3.11e-04 -8.59e-04 -2.04e-03 -4.28e-03 -8.16e-03 -1.45e-02 -2.43e-02 -3.81e-02 -5.60e-02 -7.73e-02 -1.01e-01 -1.25e-01 -1.48e-01 -1.67e-01 -1.83e-01 -1.95e-01 -2.03e-01 -2.08e-01 -2.11e-01 -2.13e-01 -2.14e-01 -2.15e-01 -2.15e-01 -2.15e-01 -2.15e-01 -2.15e-01 -2.14e-01 -2.13e-01 -2.11e-01 -2.08e-01 -2.03e-01 -1.95e-01 -1.83e-01 -1.67e-01 -1.48e-01 -1.25e-01 -1.01e-01 -7.73e-02 -5.60e-02 -3.81e-02 -2.43e-02 -1.45e-02 -8.16e-03 -4.28e-03 -2.04e-03 -8.59e-04 -3.11e-04 -9.60e-05 -2.50e-05 -5.51e-06 -1.02e-06 -1.60e-07 -1.87e-08 1.87e-08 
9.84e-09 -9.84e-09 -4.33e-08 -3.13e-07 -1.91e-06 -9.81e-06 -4.24e-05 -1.54e-04 -4.71e-04 -1.22e-03 -2.74e-03 -5.46e-03 -9.99e-03 -1.72e-02 -2.79e-02 -4.25e-02 -6.07e-02 -8.21e-02 -1.05e-01 -1.29e-01 -1.51e-01 -1.70e-01 -1.87e-01 -1.99e-01 -2.09e-01 -2.16e-01 -2.20e-01 -2.23e-01 -2.25e-01 -2.26e-01 -2.27e-01 -2.26e-01 -2.25e-01 -2.23e-01 -2.20e-01 -2.16e-01 -2.09e-01 -1.99e-01 -1.87e-01 -1.70e-01 -1.51e-01 -1.29e-01 -1.05e-01 -8.21e-02 -6.07e-02 -4.25e-02 -2.79e-02 -1.72e-02 -9.99e-03 -5.46e-03 -2.74e-03 -1.22e-03 -4.71e-04 -1.54e-04 -4.24e-05 -9.81e-06 -1.91e-06 -3.12e-07 -4.28e-08 -4.45e-09 4.45e-09 
1.87e-09 -1.87e-09 -9.52e-09 -7.91e-08 -5.53e-07 -3.24e-06 -1.59e-05 -6.52e-05 -2.24e-04 -6.51e-04 -1.60e-03 -3.41e-03 -6.50e-03 -1.15e-02 -1.91e-02 -3.02e-02 -4.48e-02 -6.26e-02 -8.31e-02 -1.05e-01 -1.27e-01 -1.49e-01 -1.67e-01 -1.84e-01 -1.97e-01 -2.07e-01 -2.15e-01 -2.21e-01 -2.24e-01 -2.27e-01 -2.27e-01 -2.27e-01 -2.24e-01 -2.21e-01 -2.15e-01 -2.07e-01 -1.97e-01 -1.84e-01 -1.67e-01 -1.49e-01 -1.27e-01 -1.05e-01 -8.31e-02 -6.26e-02 -4.48e-02 -3.02e-02 -1.91e-02 -1.15e-02 -6.50e-03 -3.41e-03 -1.60e-03 -6.51e-04 -2.24e-04 -6.52e-05 -1.59e-05 -3.24e-06 -5.53e-07 -7.91e-08 -9.44e-09 -8.59e-10 8.59e-10 
2.86e-10 -2.86e-10 -1.70e-09 -1.64e-08 -1.32e-07 -8.88e-07 -4.97e-06 -2.33e-05 -9.12e-05 -2.99e-04 -8.25e-04 -1.93e-03 -3.94e-03 -7.22e-03 -1.23e-02 -2.00e-02 -3.07e-02 -4.46e-02 -6.12e-02 -8.01e-02 -1.00e-01 -1.20e-01 -1.40e-01 -1.57e-01 -1.73e-01 -1.86e-01 -1.96e-01 -2.04e-01 -2.09e-01 -2.12e-01 -2.13e-01 -2.12e-01 -2.09e-01 -2.04e-01 -1.96e-01 -1.86e-01 -1.73e-01 -1.57e-01 -1.40e-01 -1.20e-01 -1.00e-01 -8.01e-02 -6.12e-02 -4.46e-02 -3.07e-02 -2.00e-02 -1.23e-02 -7.22e-03 -3.94e-03 -1.93e-03 -8.25e-04 -2.99e-04 -9.12e-05 -2.33e-05 -4.97e-06 -8.88e-07 -1.32e-07 -1.64e-08 -1.69e-09 -1.33e-10 1.33e-10 
3.48e-11 -3.48e-11 -2.45e-10 -2.78e-09 -2.60e-08 -2.01e-07 -1.30e-06 -6.95e-06 -3.11e-05 -1.16e-04 -3.64e-04 -9.60e-04 -2.16e-03 -4.23e-03 -7.51e-03 -1.25e-02 -1.97e-02 -2.95e-02 -4.19e-02 -5.66e-02 -7.30e-02 -9.05e-02 -1.08e-01 -1.25e-01 -1.40e-01 -1.54e-01 -1.65e-01 -1.73e-01 -1.80e-01 -1.83e-01 -1.85e-01 -1.83e-01 -1.80e-01 -1.73e-01 -1.65e-01 -1.54e-01 -1.40e-01 -1.25e-01 -1.08e-01 -9.05e-02 -7.30e-02 -5.66e-02 -4.19e-02 -2.95e-02 -1.97e-02 -1.25e-02 -7.51e-03 -4.23e-03 -2.16e-03 -9.60e-04 -3.64e-04 -1.16e-04 -3.11e-05 -6.95e-06 -1.30e-06 -2.01e-07 -2.60e-08 -2.78e-09 -2.44e-10 -1.64e-11 1.64e-11 
3.31e-12 -3.31e-12 -2.82e-11 -3.80e-10 -4.17e-09 -3.76e-08 -2.79e-07 -1.72e-06 -8.85e-06 -3.79e-05 -1.36e-04 -4.06e-04 -1.03e-03 -2.22e-03 -4.23e-03 -7.31e-03 -1.18e-02 -1.82e-02 -2.66e-02 -3.71e-02 -4.93e-02 -6.28e-02 -7.71e-02 -9.13e-02 -1.05e-01 -1.17e-01 -1.28e-01 -1.36e-01 -1.42e-01 -1.46e-01 -1.47e-01 -1.46e-01 -1.42e-01 -1.36e-01 -1.28e-01 -1.17e-01 -1.05e-01 -9.13e-02 -7.71e-02 -6.28e-02 -4.93e-02 -3.71e-02 -2.66e-02 -1.82e-02 -1.18e-02 -7.31e-03 -4.23e-03 -2.22e-03 -1.03e-03 -4.06e-04 -1.36e-04 -3.79e-05 -8.85e-06 -1.72e-06 -2.79e-07 -3.76e-08 -4.17e-09 -3.80e-10 -2.81e-11 -1.58e-12 1.58e-12 
2.40e-13 -2.40e-13 -2.54e-12 -4.15e-11 -5.41e-10 -5.72e-09 -4.94e-08 -3.53e-07 -2.09e-06 -1.03e-05 -4.21e-05 -1.44e-04 -4.15e-04 -1.01e-03 -2.12e-03 -3.93e-03 -6.65e-03 -1.05e-02 -1.58e-02 -2.26e-02 -3.09e-02 -4.04e-02 -5.07e-02 -6.15e-02 -7.21e-02 -8.20e-02 -9.08e-02 -9.80e-02 -1.03e-01 -1.07e-01 -1.08e-01 -1.07e-01 -1.03e-01 -9.80e-02 -9.08e-02 -8.20e-02 -7.21e-02 -6.15e-02 -5.07e-02 -4.04e-02 -3.09e-02 -2.26e-02 -1.58e-02 -1.05e-02 -6.65e-03 -3.93e-03 -2.12e-03 -1.01e-03 -4.15e-04 -1.44e-04 -4.21e-05 -1.03e-05 -2.09e-06 -3.53e-07 -4.94e-08 -5.72e-09 -5.41e-10 -4.15e-11 -2.53e-12 -1.16e-13 1.16e-13 
1.28e-14 -1.28e-14 -1.75e-13 -3.55e-12 -5.61e-11 -7.05e-10 -7.16e-09 -5.95e-08 -4.07e-07 -2.31e-06 -1.09e-05 -4.27e-05 -1.40e-04 -3.88e-04 -9.14e-04 -1.86e-03 -3.39e-03 -5.62e-03 -8.74e-03 -1.28e-02 -1.80e-02 -2.41e-02 -3.09e-02 -3.83e-02 -4.57e-02 -5.29e-02 -5.94e-02 -6.48e-02 -6.89e-02 -7.14e-02 -7.23e-02 -7.14e-02 -6.89e-02 -6.48e-02 -5.94e-02 -5.29e-02 -4.57e-02 -3.83e-02 -3.09e-02 -2.41e-02 -1.80e-02 -1.28e-02 -8.74e-03 -5.62e-03 -3.39e-03 -1.86e-03 -9.14e-04 -3.88e-04 -1.40e-04 -4.27e-05 -1.09e-05 -2.31e-06 -4.07e-07 -5.95e-08 -7.16e-09 -7.05e-10 -5.61e-11 -3.55e-12 -1.75e-13 -6.25e-15 6.25e-15 
4.75e-16 -4.75e-16 -8.88e-15 -2.33e-13 -4.57e-12 -6.96e-11 -8.41e-10 -8.21e-09 -6.54e-08 -4.29e-07 -2.33e-06 -1.05e-05 -3.96e-05 -1.25e-04 -3.33e-04 -7.59e-04 -1.51e-03 -2.69e-03 -4.40e-03 -6.73e-03 -9.70e-03 -1.33e-02 -1.75e-02 -2.21e-02 -2.69e-02 -3.15e-02 -3.58e-02 -3.95e-02 -4.23e-02 -4.41e-02 -4.47e-02 -4.41e-02 -4.23e-02 -3.95e-02 -3.58e-02 -3.15e-02 -2.69e-02 -2.21e-02 -1.75e-02 -1.33e-02 -9.70e-03 -6.73e-03 -4.40e-03 -2.69e-03 -1.51e-03 -7.59e-04 -3.33e-04 -1.25e-04 -3.96e-05 -1.05e-05 -2.33e-06 -4.29e-07 -6.54e-08 -8.21e-09 -8.41e-10 -6.96e-11 -4.57e-12 -2.33e-13 -8.88e-15 -2.33e-16 2.33e-16 
1.09e-17 -1.09e-17 -3.13e-16 -1.13e-14 -2.87e-13 -5.42e-12 -7.93e-11 -9.21e-10 -8.62e-09 -6.59e-08 -4.14e-07 -2.15e-06 -9.28e-06 -3.34e-05 -1.01e-04 -2.61e-04 -5.78e-04 -1.13e-03 -1.97e-03 -3.17e-03 -4.77e-03 -6.77e-03 -9.13e-03 -1.18e-02 -1.46e-02 -1.74e-02 -2.00e-02 -2.23e-02 -2.40e-02 -2.51e-02 -2.55e-02 -2.51e-02 -2.40e-02 -2.23e-02 -2.00e-02 -1.74e-02 -1.46e-02 -1.18e-02 -9.13e-03 -6.77e-03 -4.77e-03 -3.17e-03 -1.97e-03 -1.13e-03 -5.78e-04 -2.61e-04 -1.01e-04 -3.34e-05 -9.28e-06 -2.15e-06 -4.14e-07 -6.59e-08 -8.62e-09 -9.21e-10 -7.93e-11 -5.42e-12 -2.87e-13 -1.13e-14 -3.13e-16 -5.39e-18 5.39e-18 
1.16e-19 -1.16e-19 -6.85e-18 -3.82e-16 -1.33e-14 -3.24e-13 -5.90e-12 -8.30e-11 -9.24e-10 -8.29e-09 -6.06e-08 -3.64e-07 -1.81e-06 -7.46e-06 -2.58e-05 -7.51e-05 -1.87e-04 -4.02e-04 -7.66e-04 -1.32e-03 -2.09e-03 -3.10e-03 -4.32e-03 -5.73e-03 -7.25e-03 -8.80e-03 -1.03e-02 -1.16e-02 -1.26e-02 -1.32e-02 -1.34e-02 -1.32e-02 -1.26e-02 -1.16e-02 -1.03e-02 -8.80e-03 -7.25e-03 -5.73e-03 -4.32e-03 -3.10e-03 -2.09e-03 -1.32e-03 -7.66e-04 -4.02e-04 -1.87e-04 -7.51e-05 -2.58e-05 -7.46e-06 -1.81e-06 -3.64e-07 -6.06e-08 -8.29e-09 -9.24e-10 -8.30e-11 -5.90e-12 -3.24e-13 -1.33e-14 -3.82e-16 -6.85e-18 -5.78e-20 5.78e-20 
-0.00e+00 0.00e+00 -6.98e-20 -8.00e-18 -4.30e-16 -1.44e-14 -3.39e-13 -5.91e-12 -7.98e-11 -8.51e-10 -7.31e-09 -5.10e-08 -2.93e-07 -1.39e-06 -5.47e-06 -1.81e-05 -5.07e-05 -1.22e-04 -2.55e-04 -4.75e-04 -8.04e-04 -1.25e-03 -1.82e-03 -2.50e-03 -3.25e-03 -4.04e-03 -4.79e-03 -5.46e-03 -5.98e-03 -6.32e-03 -6.43e-03 -6.32e-03 -5.98e-03 -5.46e-03 -4.79e-03 -4.04e-03 -3.25e-03 -2.50e-03 -1.82e-03 -1.25e-03 -8.04e-04 -4.75e-04 -2.55e-04 -1.22e-04 -5.07e-05 -1.81e-05 -5.47e-06 -1.39e-06 -2.93e-07 -5.10e-08 -7.31e-09 -8.51e-10 -7.98e-11 -5.91e-12 -3.39e-13 -1.44e-14 -4.30e-16 -8.00e-18 -6.98e-20 0.00e+00 -0.00e+00 
-0.00e+00 0.00e+00 0.00e+00 -7.82e-20 -8.64e-18 -4.47e-16 -1.44e-14 -3.26e-13 -5.46e-12 -7.05e-11 -7.19e-10 -5.89e-09 -3.93e-08 -2.15e-07 -9.70e-07 -3.65e-06 -1.16e-05 -3.11e-05 -7.21e-05 -1.47e-04 -2.67e-04 -4.43e-04 -6.78e-04 -9.68e-04 -1.30e-03 -1.65e-03 -2.00e-03 -2.32e-03 -2.57e-03 -2.73e-03 -2.79e-03 -2.73e-03 -2.57e-03 -2.32e-03 -2.00e-03 -1.65e-03 -1.30e-03 -9.68e-04 -6.78e-04 -4.43e-04 -2.67e-04 -1.47e-04 -7.21e-05 -3.11e-05 -1.16e-05 -3.65e-06 -9.70e-07 -2.15e-07 -3.93e-08 -5.89e-09 -7.19e-10 -7.05e-11 -5.46e-12 -3.26e-13 -1.44e-14 -4.47e-16 -8.64e-18 -7.82e-20 0.00e+00 0.00e+00 -0.00e+00 
-0.00e+00 0.00e+00 0.00e+00 0.00e+00 -8.12e-20 -8.64e-18 -4.30e-16 -1.33e-14 -2.89e-13 -4.63e-12 -5.72e-11 -5.57e-10 -4.35e-09 -2.76e-08 -1.44e-07 -6.18e-07 -2.22e-06 -6.70e-06 -1.73e-05 -3.87e-05 -7.64e-05 -1.36e-04 -2.20e-04 -3.28e-04 -4.58e-04 -6.01e-04 -7.45e-04 -8.78e-04 -9.84e-04 -1.05e-03 -1.08e-03 -1.05e-03 -9.84e-04 -8.78e-04 -7.45e-04 -6.01e-04 -4.58e-04 -3.28e-04 -2.20e-04 -1.36e-04 -7.64e-05 -3.87e-05 -1.73e-05 -6.70e-06 -2.22e-06 -6.18e-07 -1.44e-07 -2.76e-08 -4.35e-09 -5.57e-10 -5.72e-11 -4.63e-12 -2.89e-13 -1.33e-14 -4.30e-16 -8.64e-18 -8.12e-20 0.00e+00 0.00e+00 0.00e+00 -0.00e+00 
-0.00e+00 0.00e+00 0.00e+00 0.00e+00 0.00e+00 -7.82e-20 -8.00e-18 -3.83e-16 -1.14e-14 -2.36e-13 -3.61e-12 -4.25e-11 -3.95e-10 -2.93e-09 -1.77e-08 -8.73e-08 -3.57e-07 -1.22e-06 -3.52e-06 -8.70e-06 -1.88e-05 -3.59e-05 -6.19e-05 -9.74e-05 -1.42e-04 -1.93e-04 -2.45e-04 -2.95e-04 -3.35e-04 -3.62e-04 -3.71e-04 -3.62e-04 -3.35e-04 -2.95e-04 -2.45e-04 -1.93e-04 -1.42e-04 -9.74e-05 -6.19e-05 -3.59e-05 -1.88e-05 -8.70e-06 -3.52e-06 -1.22e-06 -3.57e-07 -8.73e-08 -1.77e-08 -2.93e-09 -3.95e-10 -4.25e-11 -3.61e-12 -2.36e-13 -1.14e-14 -3.83e-16 -8.00e-18 -7.82e-20 0.00e+00 0.00e+00 0.00e+00 0.00e+00 -0.00e+00 
-0.00e+00 0.00e+00 0.00e+00 0.00e+00 0.00e+00 0.00e+00 -6.98e-20 -6.86e-18 -3.15e-16 -8.96e-15 -1.77e-13 -2.59e-12 -2.91e-11 -2.57e-10 -1.81e-09 -1.04e-08 -4.88e-08 -1.90e-07 -6.17e-07 -1.70e-06 -4.05e-06 -8.44e-06 -1.56e-05 -2.62e-05 -4.01e-05 -5.67e-05 -7.46e-05 -9.18e-05 -1.06e-04 -1.16e-04 -1.19e-04 -1.16e-04 -1.06e-04 -9.18e-05 -7.46e-05 -5.67e-05 -4.01e-05 -2.62e-05 -1.56e-05 -8.44e-06 -4.05e-06 -1.70e-06 -6.17e-07 -1.90e-07 -4.88e-08 -1.04e-08 -1.81e-09 -2.57e-10 -2.91e-11 -2.59e-12 -1.77e-13 -8.96e-15 -3.15e-16 -6.86e-18 -6.98e-20 0.00e+00 0.00e+00 0.00e+00 0.00e+00 0.00e+00 -0.00e+00 
-0.00e+00 0.00e+00 0.00e+00 0.00e+00 0.00e+00 0.00e+00 0.00e+00 -1.16e-19 -1.09e-17 -4.78e-16 -1.30e-14 -2.45e-13 -3.40e-12 -3.63e-11 -3.03e-10 -2.02e-09 -1.09e-08 -4.83e-08 -1.77e-07 -5.44e-07 -1.42e-06 -3.21e-06 -6.36e-06 -1.13e-05 -1.80e-05 -2.65e-05 -3.58e-05 -4.50e-05 -5.29e-05 -5.81e-05 -6.00e-05 -5.81e-05 -5.29e-05 -4.50e-05 -3.58e-05 -2.65e-05 -1.80e-05 -1.13e-05 -6.36e-06 -3.21e-06 -1.42e-06 -5.44e-07 -1.77e-07 -4.83e-08 -1.09e-08 -2.02e-09 -3.03e-10 -3.63e-11 -3.40e-12 -2.45e-13 -1.30e-14 -4.78e-16 -1.09e-17 -1.16e-19 0.00e+00 0.00e+00 0.00e+00 0.00e+00 0.00e+00 0.00e+00 -0.00e+00 
0.00e+00 -0.00e+00 -0.00e+00 -0.00e+00 -0.00e+00 -0.00e+00 -0.00e+00 1.16e-19 1.09e-17 4.78e-16 1.30e-14 2.45e-13 3.40e-12 3.63e-11 3.03e-10 2.02e-09 1.09e-08 4.83e-08 1.77e-07 5.44e-07 1.42e-06 3.21e-06 6.36e-06 1.13e-05 1.80e-05 2.65e-05 3.58e-05 4.50e-05 5.29e-05 5.81e-05 6.00e-05 5.81e-05 5.29e-05 4.50e-05 3.58e-05 2.65e-05 1.80e-05 1.13e-05 6.36e-06 3.21e-06 1.42e-06 5.44e-07 1.77e-07 4.83e-08 1.09e-08 2.02e-09 3.03e-10 3.63e-11 3.40e-12 2.45e-13 1.30e-14 4.78e-16 1.09e-17 1.16e-19 -0.00e+00 -0.00e+00 -0.00e+00 -0.00e+00 -0.00e+00 -0.00e+00 0.00e+00 
