0.00e+00 -0.00e+00 -0.00e+00 -0.00e+00 -0.00e+00 -0.00e+00 -0.00e+00 -0.00e+00 -0.00e+00 -0.00e+00 -0.00e+00 -2.68e-10 -4.27e-09 -2.40e-08 -5.98e-08 -7.57e-08 -5.98e-08 -2.40e-08 -4.27e-09 -2.68e-10 -0.00e+00 -0.00e+00 -0.00e+00 -0.00e+00 -0.00e+00 -0.00e+00 -0.00e+00 -0.00e+00 -0.00e+00 -0.00e+00 0.00e+00 
-0.00e+00 0.00e+00 0.00e+00 0.00e+00 0.00e+00 0.00e+00 0.00e+00 0.00e+00 0.00e+00 0.00e+00 0.00e+00 2.68e-10 4.27e-09 2.40e-08 5.98e-08 7.57e-08 5.98e-08 2.40e-08 4.27e-09 2.68e-10 0.00e+00 0.00e+00 0.00e+00 0.00e+00 0.00e+00 0.00e+00 0.00e+00 0.00e+00 0.00e+00 0.00e+00 -0.00e+00 
-0.00e+00 0.00e+00 0.00e+00 0.00e+00 0.00e+00 0.00e+00 0.00e+00 0.00e+00 0.00e+00 0.00e+00 6.96e-10 1.41e-08 1.07e-07 3.83e-07 7.30e-07 8.67e-07 7.30e-07 3.83e-07 1.07e-07 1.41e-08 6.96e-10 0.00e+00 0.00e+00 0.00e+00 0.00e+00 0.00e+00 0.00e+00 0.00e+00 0.00e+00 0.00e+00 -0.00e+00 
-0.00e+00 0.00e+00 0.00e+00 0.00e+00 0.00e+00 0.00e+00 0.00e+00 0.00e+00 0.00e+00 1.39e-09 3.38e-08 3.17e-07 1.47e-06 3.73e-06 5.81e-06 6.67e-06 5.81e-06 3.73e-06 1.47e-06 3.17e-07 3.38e-08 1.39e-09 0.00e+00 0.00e+00 0.00e+00 0.00e+00 0.00e+00 0.00e+00 0.00e+00 0.00e+00 -0.00e+00 
-0.00e+00 0.00e+00 0.00e+00 0.00e+00 0.00e+00 0.00e+00 0.00e+00 0.00e+00 2.19e-09 6.19e-08 6.93e-07 3.94e-06 1.25e-05 2.39e-05 3.25e-05 3.62e-05 3.25e-05 2.39e-05 1.25e-05 3.94e-06 6.93e-07 6.19e-08 2.19e-09 0.00e+00 0.00e+00 0.00e+00 0.00e+00 0.00e+00 0.00e+00 0.00e+00 -0.00e+00 
-0.00e+00 0.00e+00 0.00e+00 0.00e+00 0.00e+00 0.00e+00 0.00e+00 2.74e-09 8.83e-08 1.15e-06 7.73e-06 2.94e-05 6.68e-05 1.01e-04 1.25e-04 1.35e-04 1.25e-04 1.01e-04 6.68e-05 2.94e-05 7.73e-06 1.15e-06 8.83e-08 2.74e-09 0.00e+00 0.00e+00 0.00e+00 0.00e+00 0.00e+00 0.00e+00 -0.00e+00 
-0.00e+00 0.00e+00 0.00e+00 0.00e+00 0.00e+00 0.00e+00 2.74e-09 9.90e-08 1.46e-06 1.14e-05 5.08e-05 1.33e-04 2.20e-04 2.75e-04 3.17e-04 3.24e-04 3.17e-04 2.75e-04 2.20e-04 1.33e-04 5.08e-05 1.14e-05 1.46e-06 9.90e-08 2.74e-09 0.00e+00 0.00e+00 0.00e+00 0.00e+00 0.00e+00 -0.00e+00 
-0.00e+00 0.00e+00 0.00e+00 0.00e+00 0.00e+00 2.19e-09 8.77e-08 1.45e-06 1.28e-05 6.55e-05 1.97e-04 3.49e-04 4.13e-04 4.48e-04 4.66e-04 4.59e-04 4.66e-04 4.48e-04 4.13e-04 3.49e-04 1.97e-04 6.55e-05 1.28e-05 1.45e-06 8.77e-08 2.19e-09 0.00e+00 0.00e+00 0.00e+00 0.00e+00 -0.00e+00 
-0.00e+00 0.00e+00 0.00e+00 0.00e+00 1.39e-09 6.11e-08 1.12e-06 1.11e-05 6.37e-05 2.16e-04 4.17e-04 4.52e-04 3.70e-04 3.71e-04 2.98e-04 3.23e-04 2.98e-04 3.71e-04 3.70e-04 4.52e-04 4.17e-04 2.16e-04 6.37e-05 1.11e-05 1.12e-06 6.11e-08 1.39e-09 0.00e+00 0.00e+00 0.00e+00 -0.00e+00 
-0.00e+00 0.00e+00 0.00e+00 6.96e-10 3.31e-08 6.64e-07 7.25e-06 4.66e-05 1.78e-04 3.79e-04 3.91e-04 1.64e-04 1.40e-04 1.13e-04 6.78e-05 1.24e-04 6.78e-05 1.13e-04 1.40e-04 1.64e-04 3.91e-04 3.79e-04 1.78e-04 4.66e-05 7.25e-06 6.64e-07 3.31e-08 6.96e-10 0.00e+00 0.00e+00 -0.00e+00 
-0.00e+00 0.00e+00 2.68e-10 1.37e-08 2.97e-07 3.55e-06 2.53e-05 1.08e-04 2.61e-04 2.95e-04 6.81e-05 3.44e-05 2.00e-04 1.10e-04 2.91e-04 1.90e-04 2.91e-04 1.10e-04 2.00e-04 3.44e-05 6.81e-05 2.95e-04 2.61e-04 1.08e-04 2.53e-05 3.55e-06 2.97e-07 1.37e-08 2.68e-10 0.00e+00 -0.00e+00 
-1.53e-10 1.53e-10 4.16e-09 9.67e-08 1.25e-06 9.81e-06 4.72e-05 1.34e-04 1.97e-04 1.16e-04 9.10e-05 2.57e-04 1.73e-04 2.51e-04 3.14e-04 2.72e-04 3.14e-04 2.51e-04 1.73e-04 2.57e-04 9.10e-05 1.16e-04 1.97e-04 1.34e-04 4.72e-05 9.81e-06 1.25e-06 9.67e-08 4.16e-09 7.65e-11 -7.65e-11 
-1.74e-09 1.74e-09 2.15e-08 2.98e-07 2.56e-06 1.40e-05 4.84e-05 1.04e-04 1.39e-04 1.39e-04 1.13e-04 2.31e-05 1.01e-04 2.31e-04 2.03e-04 3.81e-04 2.03e-04 2.31e-04 1.01e-04 2.31e-05 1.13e-04 1.39e-04 1.39e-04 1.04e-04 4.84e-05 1.40e-05 2.56e-06 2.98e-07 2.15e-08 8.57e-10 -8.57e-10 
-5.65e-09 5.65e-09 4.15e-08 3.88e-07 2.47e-06 1.10e-05 3.52e-05 7.70e-05 9.52e-05 2.20e-05 -2.36e-05 1.58e-04 2.20e-04 1.92e-04 4.41e-04 6.45e-04 4.41e-04 1.92e-04 2.20e-04 1.58e-04 -2.36e-05 2.20e-05 9.52e-05 7.70e-05 3.52e-05 1.10e-05 2.47e-06 3.88e-07 4.13e-08 2.71e-09 -2.71e-09 
-3.94e-09 3.94e-09 1.98e-08 1.57e-07 1.01e-06 4.74e-06 1.39e-05 2.08e-05 1.39e-05 3.89e-05 9.54e-05 -6.29e-06 -4.81e-05 1.30e-04 3.34e-04 1.39e-03 3.34e-04 1.30e-04 -4.81e-05 -6.29e-06 9.54e-05 3.89e-05 1.39e-05 2.08e-05 1.39e-05 4.74e-06 1.01e-06 1.57e-07 1.97e-08 1.83e-09 -1.83e-09 
3.94e-09 -3.94e-09 -1.98e-08 -1.57e-07 -1.01e-06 -4.74e-06 -1.39e-05 -2.08e-05 -1.39e-05 -3.89e-05 -9.54e-05 6.29e-06 4.81e-05 -1.30e-04 -3.34e-04 -1.39e-03 -3.34e-04 -1.30e-04 4.81e-05 6.29e-06 -9.54e-05 -3.89e-05 -1.39e-05 -2.08e-05 -1.39e-05 -4.74e-06 -1.01e-06 -1.57e-07 -1.97e-08 -1.83e-09 1.83e-09 
5.65e-09 -5.65e-09 -4.15e-08 -3.88e-07 -2.47e-06 -1.10e-05 -3.52e-05 -7.70e-05 -9.52e-05 -2.20e-05 2.36e-05 -1.58e-04 -2.20e-04 -1.92e-04 -4.41e-04 -6.45e-04 -4.41e-04 -1.92e-04 -2.20e-04 -1.58e-04 2.36e-05 -2.20e-05 -9.52e-05 -7.70e-05 -3.52e-05 -1.10e-05 -2.47e-06 -3.88e-07 -4.13e-08 -2.71e-09 2.71e-09 
1.74e-09 -1.74e-09 -2.15e-08 -2.98e-07 -2.56e-06 -1.40e-05 -4.84e-05 -1.04e-04 -1.39e-04 -1.39e-04 -1.13e-04 -2.31e-05 -1.01e-04 -2.31e-04 -2.03e-04 -3.81e-04 -2.03e-04 -2.31e-04 -1.01e-04 -2.31e-05 -1.13e-04 -1.39e-04 -1.39e-04 -1.04e-04 -4.84e-05 -1.40e-05 -2.56e-06 -2.98e-07 -2.15e-08 -8.57e-10 8.57e-10 
1.53e-10 -1.53e-10 -4.16e-09 -9.67e-08 -1.25e-06 -9.81e-06 -4.72e-05 -1.34e-04 -1.97e-04 -1.16e-04 -9.10e-05 -2.57e-04 -1.73e-04 -2.51e-04 -3.14e-04 -2.72e-04 -3.14e-04 -2.51e-04 -1.73e-04 -2.57e-04 -9.10e-05 -1.16e-04 -1.97e-04 -1.34e-04 -4.72e-05 -9.81e-06 -1.25e-06 -9.67e-08 -4.16e-09 -7.65e-11 7.65e-11 
-0.00e+00 0.00e+00 -2.68e-10 -1.37e-08 -2.97e-07 -3.55e-06 -2.53e-05 -1.08e-04 -2.61e-04 -2.95e-04 -6.81e-05 -3.44e-05 -2.00e-04 -1.10e-04 -2.91e-04 -1.90e-04 -2.91e-04 -1.10e-04 -2.00e-04 -3.44e-05 -6.81e-05 -2.95e-04 -2.61e-04 -1.08e-04 -2.53e-05 -3.55e-06 -2.97e-07 -1.37e-08 -2.68e-10 0.00e+00 -0.00e+00 
-0.00e+00 0.00e+00 0.00e+00 -6.96e-10 -3.31e-08 -6.64e-07 -7.25e-06 -4.66e-05 -1.78e-04 -3.79e-04 -3.91e-04 -1.64e-04 -1.40e-04 -1.13e-04 -6.78e-05 -1.24e-04 -6.78e-05 -1.13e-04 -1.40e-04 -1.64e-04 -3.91e-04 -3.79e-04 -1.78e-04 -4.66e-05 -7.25e-06 -6.64e-07 -3.31e-08 -6.96e-10 0.00e+00 0.00e+00 -0.00e+00 
-0.00e+00 0.00e+00 0.00e+00 0.00e+00 -1.39e-09 -6.11e-08 -1.12e-06 -1.11e-05 -6.37e-05 -2.16e-04 -4.17e-04 -4.52e-04 -3.70e-04 -3.71e-04 -2.98e-04 -3.23e-04 -2.98e-04 -3.71e-04 -3.70e-04 -4.52e-04 -4.17e-04 -2.16e-04 -6.37e-05 -1.11e-05 -1.12e-06 -6.11e-08 -1.39e-09 0.00e+00 0.00e+00 0.00e+00 -0.00e+00 
-0.00e+00 0.00e+00 0.00e+00 0.00e+00 0.00e+00 -2.19e-09 -8.77e-08 -1.45e-06 -1.28e-05 -6.55e-05 -1.97e-04 -3.49e-04 -4.13e-04 -4.48e-04 -4.66e-04 -4.59e-04 -4.66e-04 -4.48e-04 -4.13e-04 -3.49e-04 -1.97e-04 -6.55e-05 -1.28e-05 -1.45e-06 -8.77e-08 -2.19e-09 0.00e+00 0.00e+00 0.00e+00 0.00e+00 -0.00e+00 
-0.00e+00 0.00e+00 0.00e+00 0.00e+00 0.00e+00 0.00e+00 -2.74e-09 -9.90e-08 -1.46e-06 -1.14e-05 -5.08e-05 -1.33e-04 -2.20e-04 -2.75e-04 -3.17e-04 -3.24e-04 -3.17e-04 -2.75e-04 -2.20e-04 -1.33e-04 -5.08e-05 -1.14e-05 -1.46e-06 -9.90e-08 -2.74e-09 0.00e+00 0.00e+00 0.00e+00 0.00e+00 0.00e+00 -0.00e+00 
-0.00e+00 0.00e+00 0.00e+00 0.00e+00 0.00e+00 0.00e+00 0.00e+00 -2.74e-09 -8.83e-08 -1.15e-06 -7.73e-06 -2.94e-05 -6.68e-05 -1.01e-04 -1.25e-04 -1.35e-04 -1.25e-04 -1.01e-04 -6.68e-05 -2.94e-05 -7.73e-06 -1.15e-06 -8.83e-08 -2.74e-09 0.00e+00 0.00e+00 0.00e+00 0.00e+00 0.00e+00 0.00e+00 -0.00e+00 
-0.00e+00 0.00e+00 0.00e+00 0.00e+00 0.00e+00 0.00e+00 0.00e+00 0.00e+00 -2.19e-09 -6.19e-08 -6.93e-07 -3.94e-06 -1.25e-05 -2.39e-05 -3.25e-05 -3.62e-05 -3.25e-05 -2.39e-05 -1.25e-05 -3.94e-06 -6.93e-07 -6.19e-08 -2.19e-09 0.00e+00 0.00e+00 0.00e+00 0.00e+00 0.00e+00 0.00e+00 0.00e+00 -0.00e+00 
-0.00e+00 0.00e+00 0.00e+00 0.00e+00 0.00e+00 0.00e+00 0.00e+00 0.00e+00 0.00e+00 -1.39e-09 -3.38e-08 -3.17e-07 -1.47e-06 -3.73e-06 -5.81e-06 -6.67e-06 -5.81e-06 -3.73e-06 -1.47e-06 -3.17e-07 -3.38e-08 -1.39e-09 0.00e+00 0.00e+00 0.00e+00 0.00e+00 0.00e+00 0.00e+00 0.00e+00 0.00e+00 -0.00e+00 
-0.00e+00 0.00e+00 0.00e+00 0.00e+00 0.00e+00 0.00e+00 0.00e+00 0.00e+00 0.00e+00 0.00e+00 -6.96e-10 -1.41e-08 -1.07e-07 -3.83e-07 -7.30e-07 -8.68e-07 -7.30e-07 -3.83e-07 -1.07e-07 -1.41e-08 -6.96e-10 0.00e+00 0.00e+00 0.00e+00 0.00e+00 0.00e+00 0.00e+00 0.00e+00 0.00e+00 0.00e+00 -0.00e+00 
-0.00e+00 0.00e+00 0.00e+00 0.00e+00 0.00e+00 0.00e+00 0.00e+00 0.00e+00 0.00e+00 0.00e+00 0.00e+00 -2.68e-10 -4.35e-09 -2.50e-08 -6.36e-08 -8.14e-08 -6.36e-08 -2.50e-08 -4.35e-09 -2.68e-10 0.00e+00 0.00e+00 0.00e+00 0.00e+00 0.00e+00 0.00e+00 0.00e+00 0.00e+00 0.00e+00 0.00e+00 -0.00e+00 
-0.00e+00 0.00e+00 0.00e+00 0.00e+00 0.00e+00 0.00e+00 0.00e+00 0.00e+00 0.00e+00 0.00e+00 0.00e+00 0.00e+00 -1.53e-10 -1.87e-09 -7.29e-09 -1.10e-08 -7.29e-09 -1.87e-09 -1.53e-10 0.00e+00 0.00e+00 0.00e+00 0.00e+00 0.00e+00 0.00e+00 0.00e+00 0.00e+00 0.00e+00 0.00e+00 0.00e+00 -0.00e+00 
0.00e+00 -0.00e+00 -0.00e+00 -0.00e+00 -0.00e+00 -0.00e+00 -0.00e+00 -0.00e+00 -0.00e+00 -0.00e+00 -0.00e+00 -0.00e+00 1.53e-10 1.87e-09 7.29e-09 1.10e-08 7.29e-09 1.87e-09 1.53e-10 -0.00e+00 -0.00e+00 -0.00e+00 -0.00e+00 -0.00e+00 -0.00e+00 -0.00e+00 -0.00e+00 -0.00e+00 -0.00e+00 -0.00e+00 0.00e+00 
