1.24e-04 -1.24e-04 -1.17e-04 -6.42e-05 5.60e-05 1.54e-04 1.50e-04 1.03e-04 5.08e-05 -2.06e-05 -5.60e-05 -8.66e-05 -1.02e-04 -1.04e-04 -1.12e-04 -1.06e-04 -1.12e-04 -1.04e-04 -1.02e-04 -8.66e-05 -5.60e-05 -2.06e-05 5.08e-05 1.03e-04 1.50e-04 1.55e-04 5.82e-05 -5.38e-05 -8.17e-05 -3.48e-05 3.48e-05 
-1.24e-04 1.24e-04 1.17e-04 6.42e-05 -5.60e-05 -1.54e-04 -1.50e-04 -1.03e-04 -5.08e-05 2.06e-05 5.60e-05 8.66e-05 1.02e-04 1.04e-04 1.12e-04 1.06e-04 1.12e-04 1.04e-04 1.02e-04 8.66e-05 5.60e-05 2.06e-05 -5.08e-05 -1.03e-04 -1.50e-04 -1.55e-04 -5.82e-05 5.38e-05 8.17e-05 3.48e-05 -3.48e-05 
-3.36e-04 3.36e-04 2.82e-04 9.99e-05 -1.47e-04 -2.61e-04 -2.23e-04 -1.81e-04 -1.03e-04 -1.85e-05 7.80e-06 6.06e-05 6.03e-05 8.21e-05 7.65e-05 8.50e-05 7.65e-05 8.21e-05 6.03e-05 6.06e-05 7.80e-06 -1.85e-05 -1.03e-04 -1.81e-04 -2.24e-04 -2.63e-04 -1.57e-04 5.90e-05 1.62e-04 7.97e-05 -7.97e-05 
-4.11e-04 4.11e-04 2.91e-04 4.40e-05 -8.11e-05 -4.76e-05 -8.46e-05 -1.51e-04 -1.39e-04 -1.96e-04 -1.90e-04 -1.77e-04 -1.87e-04 -1.45e-04 -1.69e-04 -1.31e-04 -1.69e-04 -1.45e-04 -1.87e-04 -1.77e-04 -1.90e-04 -1.96e-04 -1.39e-04 -1.52e-04 -8.58e-05 -5.46e-05 -1.10e-04 -4.94e-05 7.25e-05 5.71e-05 -5.71e-05 
-3.05e-04 3.05e-04 2.07e-04 9.28e-05 1.26e-04 8.33e-05 -8.10e-05 -1.04e-04 -1.60e-04 -2.30e-04 -1.69e-04 -2.27e-04 -1.62e-04 -1.91e-04 -1.54e-04 -1.75e-04 -1.54e-04 -1.91e-04 -1.62e-04 -2.27e-04 -1.69e-04 -2.30e-04 -1.60e-04 -1.05e-04 -8.51e-05 6.51e-05 6.40e-05 -6.52e-05 -7.68e-05 -2.03e-05 2.03e-05 
-1.56e-04 1.56e-04 1.61e-04 1.98e-04 1.61e-04 -3.22e-06 -1.44e-05 2.98e-05 -6.70e-05 -3.46e-06 -4.75e-05 -8.22e-05 -5.20e-05 -1.30e-04 -6.36e-05 -1.44e-04 -6.36e-05 -1.30e-04 -5.20e-05 -8.22e-05 -4.75e-05 -3.50e-06 -6.73e-05 2.77e-05 -2.43e-05 -3.99e-05 5.93e-05 -7.17e-06 -1.19e-04 -7.00e-05 7.00e-05 
-8.63e-05 8.63e-05 1.33e-04 1.75e-04 1.08e-04 8.51e-05 1.29e-04 3.28e-05 3.22e-05 4.75e-05 -6.62e-05 5.40e-06 -8.96e-05 -3.19e-05 -8.65e-05 -4.39e-05 -8.65e-05 -3.19e-05 -8.96e-05 5.40e-06 -6.62e-05 4.74e-05 3.13e-05 2.81e-05 1.10e-04 2.71e-05 -2.53e-05 -4.36e-05 -1.04e-04 -6.54e-05 6.54e-05 
-3.31e-05 3.31e-05 8.54e-05 1.64e-04 1.76e-04 1.21e-04 2.38e-05 2.32e-05 7.03e-05 2.48e-06 6.24e-05 6.03e-05 5.50e-05 9.59e-05 5.48e-05 1.06e-04 5.48e-05 9.59e-05 5.50e-05 6.03e-05 6.23e-05 2.13e-06 6.83e-05 1.48e-05 -5.08e-06 4.45e-05 2.72e-05 -4.36e-05 -1.01e-04 -5.76e-05 5.76e-05 
-8.48e-06 8.48e-06 7.99e-05 1.64e-04 1.07e-04 3.71e-05 1.01e-04 1.16e-04 4.81e-05 9.36e-05 9.33e-05 7.82e-05 1.05e-04 7.54e-05 1.10e-04 7.88e-05 1.10e-04 7.54e-05 1.05e-04 7.81e-05 9.31e-05 9.30e-05 4.49e-05 1.03e-04 6.31e-05 -5.00e-05 -4.30e-05 -1.56e-05 -5.01e-05 -3.68e-05 3.68e-05 
-2.53e-05 2.53e-05 6.07e-05 8.70e-05 9.32e-05 1.54e-04 1.10e-04 -3.97e-06 5.59e-05 5.56e-05 4.90e-05 9.29e-05 6.92e-05 1.36e-04 1.03e-04 1.56e-04 1.03e-04 1.36e-04 6.92e-05 9.29e-05 4.88e-05 5.45e-05 5.14e-05 -1.96e-05 6.72e-05 6.43e-05 -4.48e-05 -5.68e-05 -2.78e-05 -1.11e-05 1.11e-05 
-1.22e-05 1.22e-05 4.29e-05 9.57e-05 1.09e-04 5.13e-05 1.66e-05 8.82e-05 8.62e-05 7.11e-05 1.15e-04 8.50e-05 1.60e-04 1.40e-04 1.94e-04 1.73e-04 1.94e-04 1.40e-04 1.60e-04 8.50e-05 1.15e-04 6.97e-05 8.08e-05 7.11e-05 -2.66e-05 -3.21e-05 -8.80e-06 -1.47e-05 -1.61e-05 -6.79e-06 6.79e-06 
-2.75e-05 2.75e-05 4.27e-05 4.24e-05 3.25e-05 9.71e-05 1.27e-04 3.23e-05 2.70e-05 5.36e-05 2.99e-05 1.05e-04 1.00e-04 1.52e-04 1.80e-04 2.11e-04 1.80e-04 1.52e-04 1.00e-04 1.05e-04 2.96e-05 5.21e-05 2.15e-05 1.58e-05 8.82e-05 2.62e-05 -6.03e-05 -3.60e-05 7.23e-06 7.98e-06 -7.98e-06 
-1.56e-05 1.56e-05 1.80e-05 3.98e-05 8.19e-05 5.28e-05 -2.53e-05 3.24e-05 7.33e-05 4.40e-05 1.11e-04 9.08e-05 1.43e-04 1.88e-04 2.79e-04 3.34e-04 2.79e-04 1.88e-04 1.43e-04 9.08e-05 1.10e-04 4.27e-05 6.86e-05 1.87e-05 -5.63e-05 -6.65e-07 1.59e-05 -1.28e-05 -6.09e-06 2.77e-06 -2.77e-06 
-1.54e-05 1.54e-05 2.29e-05 1.73e-05 -7.30e-06 2.96e-05 9.61e-05 4.15e-05 3.02e-07 3.50e-05 2.31e-06 5.60e-05 8.42e-05 1.75e-04 3.20e-04 5.25e-04 3.20e-04 1.75e-04 8.42e-05 5.59e-05 2.09e-06 3.41e-05 -2.94e-06 3.25e-05 7.63e-05 -3.63e-06 -4.70e-05 -1.23e-05 1.24e-05 7.04e-06 -7.04e-06 
-3.19e-06 3.19e-06 -2.62e-06 5.94e-06 4.42e-05 2.30e-05 -5.72e-05 -1.46e-05 3.67e-05 5.33e-06 5.85e-05 3.80e-05 6.90e-05 1.24e-04 3.29e-04 1.20e-03 3.29e-04 1.24e-04 6.90e-05 3.79e-05 5.85e-05 4.99e-06 3.55e-05 -1.78e-05 -6.41e-05 1.18e-05 3.13e-05 -3.78e-06 -8.07e-06 -4.46e-07 4.46e-07 
3.19e-06 -3.19e-06 2.62e-06 -5.94e-06 -4.42e-05 -2.30e-05 5.72e-05 1.46e-05 -3.67e-05 -5.33e-06 -5.85e-05 -3.80e-05 -6.90e-05 -1.24e-04 -3.29e-04 -1.20e-03 -3.29e-04 -1.24e-04 -6.90e-05 -3.79e-05 -5.85e-05 -4.99e-06 -3.55e-05 1.78e-05 6.41e-05 -1.18e-05 -3.13e-05 3.78e-06 8.07e-06 4.46e-07 -4.46e-07 
1.54e-05 -1.54e-05 -2.29e-05 -1.73e-05 7.30e-06 -2.96e-05 -9.61e-05 -4.15e-05 -3.02e-07 -3.50e-05 -2.31e-06 -5.60e-05 -8.42e-05 -1.75e-04 -3.20e-04 -5.25e-04 -3.20e-04 -1.75e-04 -8.42e-05 -5.59e-05 -2.09e-06 -3.41e-05 2.94e-06 -3.25e-05 -7.63e-05 3.63e-06 4.70e-05 1.23e-05 -1.24e-05 -7.04e-06 7.04e-06 
1.56e-05 -1.56e-05 -1.80e-05 -3.98e-05 -8.19e-05 -5.28e-05 2.53e-05 -3.24e-05 -7.33e-05 -4.40e-05 -1.11e-04 -9.09e-05 -1.43e-04 -1.88e-04 -2.79e-04 -3.34e-04 -2.79e-04 -1.88e-04 -1.43e-04 -9.08e-05 -1.10e-04 -4.27e-05 -6.86e-05 -1.87e-05 5.63e-05 6.65e-07 -1.59e-05 1.28e-05 6.09e-06 -2.77e-06 2.77e-06 
2.75e-05 -2.75e-05 -4.27e-05 -4.24e-05 -3.25e-05 -9.71e-05 -1.27e-04 -3.23e-05 -2.70e-05 -5.37e-05 -2.99e-05 -1.05e-04 -1.00e-04 -1.52e-04 -1.80e-04 -2.12e-04 -1.80e-04 -1.52e-04 -1.00e-04 -1.05e-04 -2.96e-05 -5.22e-05 -2.15e-05 -1.58e-05 -8.82e-05 -2.62e-05 6.03e-05 3.60e-05 -7.23e-06 -7.98e-06 7.98e-06 
1.22e-05 -1.22e-05 -4.29e-05 -9.57e-05 -1.09e-04 -5.13e-05 -1.66e-05 -8.83e-05 -8.62e-05 -7.12e-05 -1.15e-04 -8.56e-05 -1.61e-04 -1.41e-04 -1.95e-04 -1.75e-04 -1.95e-04 -1.41e-04 -1.61e-04 -8.55e-05 -1.15e-04 -6.99e-05 -8.09e-05 -7.11e-05 2.66e-05 3.21e-05 8.80e-06 1.47e-05 1.61e-05 6.79e-06 -6.79e-06 
2.53e-05 -2.53e-05 -6.07e-05 -8.70e-05 -9.32e-05 -1.54e-04 -1.10e-04 3.80e-06 -5.64e-05 -5.66e-05 -5.09e-05 -9.59e-05 -7.33e-05 -1.41e-04 -1.09e-04 -1.62e-04 -1.09e-04 -1.41e-04 -7.33e-05 -9.58e-05 -5.07e-05 -5.55e-05 -5.19e-05 1.94e-05 -6.72e-05 -6.43e-05 4.48e-05 5.68e-05 2.78e-05 1.11e-05 -1.11e-05 
8.48e-06 -8.48e-06 -7.99e-05 -1.64e-04 -1.07e-04 -3.72e-05 -1.01e-04 -1.17e-04 -5.09e-05 -9.90e-05 -1.02e-04 -9.10e-05 -1.22e-04 -9.57e-05 -1.33e-04 -1.02e-04 -1.33e-04 -9.57e-05 -1.22e-04 -9.09e-05 -1.02e-04 -9.83e-05 -4.76e-05 -1.05e-04 -6.35e-05 4.99e-05 4.30e-05 1.56e-05 5.01e-05 3.68e-05 -3.68e-05 
3.31e-05 -3.31e-05 -8.54e-05 -1.64e-04 -1.77e-04 -1.21e-04 -2.64e-05 -2.96e-05 -8.31e-05 -2.45e-05 -9.55e-05 -1.05e-04 -1.11e-04 -1.61e-04 -1.25e-04 -1.79e-04 -1.25e-04 -1.61e-04 -1.11e-04 -1.05e-04 -9.54e-05 -2.41e-05 -8.12e-05 -2.11e-05 2.52e-06 -4.53e-05 -2.74e-05 4.36e-05 1.01e-04 5.76e-05 -5.76e-05 
8.63e-05 -8.63e-05 -1.33e-04 -1.75e-04 -1.09e-04 -8.99e-05 -1.42e-04 -5.96e-05 -7.95e-05 -1.20e-04 -3.31e-05 -1.31e-04 -5.84e-05 -1.33e-04 -8.97e-05 -1.36e-04 -8.97e-05 -1.33e-04 -5.84e-05 -1.31e-04 -3.31e-05 -1.20e-04 -7.85e-05 -5.49e-05 -1.23e-04 -3.19e-05 2.38e-05 4.33e-05 1.04e-04 6.53e-05 -6.53e-05 
1.56e-04 -1.56e-04 -1.61e-04 -2.00e-04 -1.69e-04 -1.89e-05 -3.44e-05 -1.18e-04 -6.81e-05 -1.81e-04 -1.84e-04 -1.90e-04 -2.52e-04 -1.96e-04 -2.76e-04 -2.00e-04 -2.76e-04 -1.96e-04 -2.52e-04 -1.90e-04 -1.84e-04 -1.81e-04 -6.78e-05 -1.16e-04 -2.45e-05 1.78e-05 -6.72e-05 4.96e-06 1.19e-04 6.99e-05 -6.99e-05 
3.06e-04 -3.06e-04 -2.10e-04 -1.04e-04 -1.60e-04 -1.61e-04 -6.20e-05 -1.14e-04 -1.32e-04 -1.25e-04 -2.34e-04 -2.10e-04 -2.97e-04 -2.80e-04 -3.24e-04 -3.04e-04 -3.24e-04 -2.80e-04 -2.97e-04 -2.10e-04 -2.34e-04 -1.25e-04 -1.32e-04 -1.14e-04 -5.79e-05 -1.43e-04 -9.78e-05 5.37e-05 7.38e-05 1.98e-05 -1.98e-05 
4.18e-04 -4.18e-04 -3.06e-04 -8.97e-05 -2.86e-05 -1.58e-04 -2.24e-04 -2.43e-04 -3.13e-04 -2.86e-04 -2.98e-04 -3.04e-04 -2.80e-04 -3.08e-04 -2.74e-04 -3.09e-04 -2.74e-04 -3.08e-04 -2.80e-04 -3.04e-04 -2.98e-04 -2.86e-04 -3.13e-04 -2.42e-04 -2.23e-04 -1.51e-04 7.96e-07 3.73e-06 -8.71e-05 -6.00e-05 6.00e-05 
3.68e-04 -3.68e-04 -3.41e-04 -2.37e-04 -1.16e-04 -1.27e-04 -2.39e-04 -2.99e-04 -3.57e-04 -3.91e-04 -3.62e-04 -3.64e-04 -3.20e-04 -3.14e-04 -2.89e-04 -2.93e-04 -2.89e-04 -3.14e-04 -3.20e-04 -3.64e-04 -3.62e-04 -3.91e-04 -3.57e-04 -2.99e-04 -2.39e-04 -1.25e-04 -1.05e-04 -1.96e-04 -2.16e-04 -9.24e-05 9.24e-05 
2.39e-04 -2.39e-04 -2.86e-04 -3.68e-04 -3.84e-04 -3.27e-04 -2.78e-04 -2.39e-04 -1.96e-04 -1.83e-04 -1.66e-04 -1.57e-04 -1.56e-04 -1.47e-04 -1.53e-04 -1.45e-04 -1.53e-04 -1.47e-04 -1.56e-04 -1.57e-04 -1.66e-04 -1.83e-04 -1.96e-04 -2.39e-04 -2.78e-04 -3.27e-04 -3.81e-04 -3.54e-04 -2.30e-04 -7.58e-05 7.58e-05 
1.76e-04 -1.76e-04 -2.45e-04 -4.05e-04 -5.19e-04 -4.78e-04 -3.38e-04 -2.08e-04 -9.24e-05 -1.88e-05 3.47e-06 1.70e-05 1.08e-06 -4.46e-06 -1.85e-05 -1.76e-05 -1.85e-05 -4.46e-06 1.08e-06 1.70e-05 3.47e-06 -1.88e-05 -9.24e-05 -2.08e-04 -3.38e-04 -4.78e-04 -5.18e-04 -3.98e-04 -2.13e-04 -6.16e-05 6.16e-05 
-1.76e-04 1.76e-04 2.45e-04 4.05e-04 5.19e-04 4.78e-04 3.38e-04 2.08e-04 9.24e-05 1.88e-05 -3.47e-06 -1.70e-05 -1.08e-06 4.46e-06 1.85e-05 1.76e-05 1.85e-05 4.46e-06 -1.08e-06 -1.70e-05 -3.47e-06 1.88e-05 9.24e-05 2.08e-04 3.38e-04 4.78e-04 5.18e-04 3.98e-04 2.13e-04 6.16e-05 -6.16e-05 
