0.00e+00 -0.00e+00 -0.00e+00 -0.00e+00 -0.00e+00 -0.00e+00 -0.00e+00 -0.00e+00 -0.00e+00 -0.00e+00 -0.00e+00 -0.00e+00 -0.00e+00 -0.00e+00 -0.00e+00 -0.00e+00 -0.00e+00 -0.00e+00 -0.00e+00 -0.00e+00 -0.00e+00 -2.19e-17 -8.10e-16 -1.29e-14 -1.17e-13 -6.74e-13 -2.59e-12 -6.98e-12 -1.36e-11 -2.00e-11 -2.27e-11 -2.00e-11 -1.36e-11 -6.98e-12 -2.59e-12 -6.74e-13 -1.17e-13 -1.29e-14 -8.10e-16 -2.19e-17 -0.00e+00 -0.00e+00 -0.00e+00 -0.00e+00 -0.00e+00 -0.00e+00 -0.00e+00 -0.00e+00 -0.00e+00 -0.00e+00 -0.00e+00 -0.00e+00 -0.00e+00 -0.00e+00 -0.00e+00 -0.00e+00 -0.00e+00 -0.00e+00 -0.00e+00 -0.00e+00 0.00e+00 
-0.00e+00 0.00e+00 0.00e+00 0.00e+00 0.00e+00 0.00e+00 0.00e+00 0.00e+00 0.00e+00 0.00e+00 0.00e+00 0.00e+00 0.00e+00 0.00e+00 0.00e+00 0.00e+00 0.00e+00 0.00e+00 0.00e+00 0.00e+00 0.00e+00 2.19e-17 8.10e-16 1.29e-14 1.17e-13 6.74e-13 2.59e-12 6.98e-12 1.36e-11 2.00e-11 2.27e-11 2.00e-11 1.36e-11 6.98e-12 2.59e-12 6.74e-13 1.17e-13 1.29e-14 8.10e-16 2.19e-17 0.00e+00 0.00e+00 0.00e+00 0.00e+00 0.00e+00 0.00e+00 0.00e+00 0.00e+00 0.00e+00 0.00e+00 0.00e+00 0.00e+00 0.00e+00 0.00e+00 0.00e+00 0.00e+00 0.00e+00 0.00e+00 0.00e+00 0.00e+00 -0.00e+00 
-0.00e+00 0.00e+00 0.00e+00 0.00e+00 0.00e+00 0.00e+00 0.00e+00 0.00e+00 0.00e+00 0.00e+00 0.00e+00 0.00e+00 0.00e+00 0.00e+00 0.00e+00 0.00e+00 0.00e+00 0.00e+00 0.00e+00 0.00e+00 6.13e-17 2.54e-15 4.59e-14 4.78e-13 3.20e-12 1.45e-11 4.68e-11 1.10e-10 1.97e-10 2.76e-10 3.08e-10 2.76e-10 1.97e-10 1.10e-10 4.68e-11 1.45e-11 3.20e-12 4.78e-13 4.59e-14 2.54e-15 6.13e-17 0.00e+00 0.00e+00 0.00e+00 0.00e+00 0.00e+00 0.00e+00 0.00e+00 0.00e+00 0.00e+00 0.00e+00 0.00e+00 0.00e+00 0.00e+00 0.00e+00 0.00e+00 0.00e+00 0.00e+00 0.00e+00 0.00e+00 -0.00e+00 
-0.00e+00 0.00e+00 0.00e+00 0.00e+00 0.00e+00 0.00e+00 0.00e+00 0.00e+00 0.00e+00 0.00e+00 0.00e+00 0.00e+00 0.00e+00 0.00e+00 0.00e+00 0.00e+00 0.00e+00 0.00e+00 0.00e+00 1.50e-16 6.85e-15 1.38e-13 1.61e-12 1.22e-11 6.33e-11 2.36e-10 6.47e-10 1.36e-09 2.25e-09 3.01e-09 3.31e-09 3.01e-09 2.25e-09 1.36e-09 6.47e-10 2.36e-10 6.33e-11 1.22e-11 1.61e-12 1.38e-13 6.85e-15 1.50e-16 0.00e+00 0.00e+00 0.00e+00 0.00e+00 0.00e+00 0.00e+00 0.00e+00 0.00e+00 0.00e+00 0.00e+00 0.00e+00 0.00e+00 0.00e+00 0.00e+00 0.00e+00 0.00e+00 0.00e+00 0.00e+00 -0.00e+00 
-0.00e+00 0.00e+00 0.00e+00 0.00e+00 0.00e+00 0.00e+00 0.00e+00 0.00e+00 0.00e+00 0.00e+00 0.00e+00 0.00e+00 0.00e+00 0.00e+00 0.00e+00 0.00e+00 0.00e+00 0.00e+00 3.26e-16 1.62e-14 3.57e-13 4.62e-12 3.91e-11 2.29e-10 9.69e-10 3.04e-09 7.31e-09 1.39e-08 2.16e-08 2.78e-08 3.02e-08 2.78e-08 2.16e-08 1.39e-08 7.31e-09 3.04e-09 9.69e-10 2.29e-10 3.91e-11 4.62e-12 3.57e-13 1.62e-14 3.26e-16 0.00e+00 0.00e+00 0.00e+00 0.00e+00 0.00e+00 0.00e+00 0.00e+00 0.00e+00 0.00e+00 0.00e+00 0.00e+00 0.00e+00 0.00e+00 0.00e+00 0.00e+00 0.00e+00 0.00e+00 -0.00e+00 
-0.00e+00 0.00e+00 0.00e+00 0.00e+00 0.00e+00 0.00e+00 0.00e+00 0.00e+00 0.00e+00 0.00e+00 0.00e+00 0.00e+00 0.00e+00 0.00e+00 0.00e+00 0.00e+00 0.00e+00 6.27e-16 3.37e-14 8.10e-13 1.15e-11 1.07e-10 7.02e-10 3.32e-09 1.17e-08 3.18e-08 6.83e-08 1.19e-07 1.75e-07 2.19e-07 2.36e-07 2.19e-07 1.75e-07 1.19e-07 6.83e-08 3.18e-08 1.17e-08 3.32e-09 7.02e-10 1.07e-10 1.15e-11 8.10e-13 3.37e-14 6.27e-16 0.00e+00 0.00e+00 0.00e+00 0.00e+00 0.00e+00 0.00e+00 0.00e+00 0.00e+00 0.00e+00 0.00e+00 0.00e+00 0.00e+00 0.00e+00 0.00e+00 0.00e+00 0.00e+00 -0.00e+00 
-0.00e+00 0.00e+00 0.00e+00 0.00e+00 0.00e+00 0.00e+00 0.00e+00 0.00e+00 0.00e+00 0.00e+00 0.00e+00 0.00e+00 0.00e+00 0.00e+00 0.00e+00 0.00e+00 1.07e-15 6.22e-14 1.62e-12 2.50e-11 2.56e-10 1.84e-09 9.66e-09 3.79e-08 1.14e-07 2.73e-07 5.30e-07 8.64e-07 1.21e-06 1.47e-06 1.57e-06 1.47e-06 1.21e-06 8.64e-07 5.30e-07 2.73e-07 1.14e-07 3.79e-08 9.66e-09 1.84e-09 2.56e-10 2.50e-11 1.62e-12 6.22e-14 1.07e-15 0.00e+00 0.00e+00 0.00e+00 0.00e+00 0.00e+00 0.00e+00 0.00e+00 0.00e+00 0.00e+00 0.00e+00 0.00e+00 0.00e+00 0.00e+00 0.00e+00 0.00e+00 -0.00e+00 
-0.00e+00 0.00e+00 0.00e+00 0.00e+00 0.00e+00 0.00e+00 0.00e+00 0.00e+00 0.00e+00 0.00e+00 0.00e+00 0.00e+00 0.00e+00 0.00e+00 0.00e+00 1.65e-15 1.02e-13 2.86e-12 4.77e-11 5.31e-10 4.18e-09 2.41e-08 1.04e-07 3.46e-07 9.07e-07 1.93e-06 3.44e-06 5.28e-06 7.07e-06 8.39e-06 8.88e-06 8.39e-06 7.07e-06 5.28e-06 3.44e-06 1.93e-06 9.07e-07 3.46e-07 1.04e-07 2.41e-08 4.18e-09 5.31e-10 4.77e-11 2.86e-12 1.02e-13 1.65e-15 0.00e+00 0.00e+00 0.00e+00 0.00e+00 0.00e+00 0.00e+00 0.00e+00 0.00e+00 0.00e+00 0.00e+00 0.00e+00 0.00e+00 0.00e+00 0.00e+00 -0.00e+00 
-0.00e+00 0.00e+00 0.00e+00 0.00e+00 0.00e+00 0.00e+00 0.00e+00 0.00e+00 0.00e+00 0.00e+00 0.00e+00 0.00e+00 0.00e+00 0.00e+00 2.26e-15 1.50e-13 4.49e-12 8.05e-11 9.68e-10 8.26e-09 5.18e-08 2.45e-07 8.90e-07 2.55e-06 5.88e-06 1.13e-05 1.88e-05 2.72e-05 3.51e-05 4.08e-05 4.29e-05 4.08e-05 3.51e-05 2.72e-05 1.88e-05 1.13e-05 5.88e-06 2.55e-06 8.90e-07 2.45e-07 5.18e-08 8.26e-09 9.68e-10 8.05e-11 4.49e-12 1.50e-13 2.26e-15 0.00e+00 0.00e+00 0.00e+00 0.00e+00 0.00e+00 0.00e+00 0.00e+00 0.00e+00 0.00e+00 0.00e+00 0.00e+00 0.00e+00 0.00e+00 -0.00e+00 
-0.00e+00 0.00e+00 0.00e+00 0.00e+00 0.00e+00 0.00e+00 0.00e+00 0.00e+00 0.00e+00 0.00e+00 0.00e+00 0.00e+00 0.00e+00 2.80e-15 1.97e-13 6.27e-12 1.20e-10 1.56e-09 1.43e-08 9.72e-08 4.99e-07 1.97e-06 6.10e-06 1.52e-05 3.14e-05 5.54e-05 8.57e-05 1.19e-04 1.48e-04 1.69e-04 1.77e-04 1.69e-04 1.48e-04 1.19e-04 8.57e-05 5.54e-05 3.14e-05 1.52e-05 6.10e-06 1.97e-06 4.99e-07 9.72e-08 1.43e-08 1.56e-09 1.20e-10 6.27e-12 1.97e-13 2.80e-15 0.00e+00 0.00e+00 0.00e+00 0.00e+00 0.00e+00 0.00e+00 0.00e+00 0.00e+00 0.00e+00 0.00e+00 0.00e+00 0.00e+00 -0.00e+00 
-0.00e+00 0.00e+00 0.00e+00 0.00e+00 0.00e+00 0.00e+00 0.00e+00 0.00e+00 0.00e+00 0.00e+00 0.00e+00 0.00e+00 3.11e-15 2.31e-13 7.83e-12 1.60e-10 2.21e-09 2.18e-08 1.60e-07 8.84e-07 3.77e-06 1.26e-05 3.36e-05 7.39e-05 1.38e-04 2.26e-04 3.30e-04 4.37e-04 5.32e-04 5.96e-04 6.19e-04 5.96e-04 5.32e-04 4.37e-04 3.30e-04 2.26e-04 1.38e-04 7.39e-05 3.36e-05 1.26e-05 3.77e-06 8.84e-07 1.60e-07 2.18e-08 2.21e-09 1.60e-10 7.83e-12 2.31e-13 3.11e-15 0.00e+00 0.00e+00 0.00e+00 0.00e+00 0.00e+00 0.00e+00 0.00e+00 0.00e+00 0.00e+00 0.00e+00 0.00e+00 -0.00e+00 
-0.00e+00 0.00e+00 0.00e+00 0.00e+00 0.00e+00 0.00e+00 0.00e+00 0.00e+00 0.00e+00 0.00e+00 0.00e+00 3.11e-15 2.44e-13 8.74e-12 1.90e-10 2.79e-09 2.94e-08 2.31e-07 1.37e-06 6.28e-06 2.25e-05 6.43e-05 1.50e-04 2.94e-04 5.03e-04 7.69e-04 1.07e-03 1.37e-03 1.63e-03 1.80e-03 1.86e-03 1.80e-03 1.63e-03 1.37e-03 1.07e-03 7.69e-04 5.03e-04 2.94e-04 1.50e-04 6.43e-05 2.25e-05 6.28e-06 1.37e-06 2.31e-07 2.94e-08 2.79e-09 1.90e-10 8.74e-12 2.44e-13 3.11e-15 0.00e+00 0.00e+00 0.00e+00 0.00e+00 0.00e+00 0.00e+00 0.00e+00 0.00e+00 0.00e+00 0.00e+00 -0.00e+00 
-0.00e+00 0.00e+00 0.00e+00 0.00e+00 0.00e+00 0.00e+00 0.00e+00 0.00e+00 0.00e+00 0.00e+00 2.80e-15 2.31e-13 8.73e-12 2.00e-10 3.13e-09 3.51e-08 2.93e-07 1.86e-06 9.15e-06 3.51e-05 1.07e-04 2.63e-04 5.41e-04 9.63e-04 1.53e-03 2.21e-03 2.96e-03 3.68e-03 4.28e-03 4.68e-03 4.83e-03 4.68e-03 4.28e-03 3.68e-03 2.96e-03 2.21e-03 1.53e-03 9.63e-04 5.41e-04 2.63e-04 1.07e-04 3.51e-05 9.15e-06 1.86e-06 2.93e-07 3.51e-08 3.13e-09 2.00e-10 8.73e-12 2.31e-13 2.80e-15 0.00e+00 0.00e+00 0.00e+00 0.00e+00 0.00e+00 0.00e+00 0.00e+00 0.00e+00 0.00e+00 -0.00e+00 
-0.00e+00 0.00e+00 0.00e+00 0.00e+00 0.00e+00 0.00e+00 0.00e+00 0.00e+00 0.00e+00 2.26e-15 1.96e-13 7.80e-12 1.89e-10 3.11e-09 3.71e-08 3.30e-07 2.23e-06 1.17e-05 4.79e-05 1.55e-04 4.03e-04 8.67e-04 1.60e-03 2.62e-03 3.93e-03 5.45e-03 7.06e-03 8.60e-03 9.87e-03 1.07e-02 1.10e-02 1.07e-02 9.87e-03 8.60e-03 7.06e-03 5.45e-03 3.93e-03 2.62e-03 1.60e-03 8.67e-04 4.03e-04 1.55e-04 4.79e-05 1.17e-05 2.23e-06 3.30e-07 3.71e-08 3.11e-09 1.89e-10 7.80e-12 1.96e-13 2.26e-15 0.00e+00 0.00e+00 0.00e+00 0.00e+00 0.00e+00 0.00e+00 0.00e+00 0.00e+00 -0.00e+00 
-0.00e+00 0.00e+00 0.00e+00 0.00e+00 0.00e+00 0.00e+00 0.00e+00 0.00e+00 1.65e-15 1.49e-13 6.23e-12 1.59e-10 2.76e-09 3.47e-08 3.27e-07 2.36e-06 1.31e-05 5.72e-05 1.97e-04 5.41e-04 1.22e-03 2.32e-03 3.93e-03 6.08e-03 8.75e-03 1.18e-02 1.49e-02 1.79e-02 2.04e-02 2.20e-02 2.26e-02 2.20e-02 2.04e-02 1.79e-02 1.49e-02 1.18e-02 8.75e-03 6.08e-03 3.93e-03 2.32e-03 1.22e-03 5.41e-04 1.97e-04 5.72e-05 1.31e-05 2.36e-06 3.27e-07 3.47e-08 2.76e-09 1.59e-10 6.23e-12 1.49e-13 1.65e-15 0.00e+00 0.00e+00 0.00e+00 0.00e+00 0.00e+00 0.00e+00 0.00e+00 -0.00e+00 
-0.00e+00 0.00e+00 0.00e+00 0.00e+00 0.00e+00 0.00e+00 0.00e+00 1.07e-15 1.02e-13 4.44e-12 1.19e-10 2.17e-09 2.88e-08 2.87e-07 2.19e-06 1.30e-05 6.01e-05 2.19e-04 6.37e-04 1.50e-03 2.98e-03 5.19e-03 8.30e-03 1.24e-02 1.74e-02 2.30e-02 2.87e-02 3.41e-02 3.85e-02 4.13e-02 4.23e-02 4.13e-02 3.85e-02 3.41e-02 2.87e-02 2.30e-02 1.74e-02 1.24e-02 8.30e-03 5.19e-03 2.98e-03 1.50e-03 6.37e-04 2.19e-04 6.01e-05 1.30e-05 2.19e-06 2.87e-07 2.88e-08 2.17e-09 1.19e-10 4.44e-12 1.02e-13 1.07e-15 0.00e+00 0.00e+00 0.00e+00 0.00e+00 0.00e+00 0.00e+00 -0.00e+00 
-0.00e+00 0.00e+00 0.00e+00 0.00e+00 0.00e+00 0.00e+00 6.27e-16 6.18e-14 2.82e-12 7.89e-11 1.51e-09 2.11e-08 2.22e-07 1.79e-06 1.13e-05 5.54e-05 2.14e-04 6.60e-04 1.64e-03 3.38e-03 6.10e-03 1.01e-02 1.57e-02 2.30e-02 3.17e-02 4.13e-02 5.10e-02 5.99e-02 6.70e-02 7.17e-02 7.33e-02 7.17e-02 6.70e-02 5.99e-02 5.10e-02 4.13e-02 3.17e-02 2.30e-02 1.57e-02 1.01e-02 6.10e-03 3.38e-03 1.64e-03 6.60e-04 2.14e-04 5.54e-05 1.13e-05 1.79e-06 2.22e-07 2.11e-08 1.51e-09 7.89e-11 2.82e-12 6.18e-14 6.27e-16 0.00e+00 0.00e+00 0.00e+00 0.00e+00 0.00e+00 -0.00e+00 
-0.00e+00 0.00e+00 0.00e+00 0.00e+00 0.00e+00 3.26e-16 3.34e-14 1.59e-12 4.65e-11 9.34e-10 1.37e-08 1.52e-07 1.29e-06 8.58e-06 4.47e-05 1.84e-04 6.02e-04 1.58e-03 3.42e-03 6.43e-03 1.11e-02 1.80e-02 2.75e-02 3.95e-02 5.35e-02 6.86e-02 8.35e-02 9.69e-02 1.08e-01 1.14e-01 1.17e-01 1.14e-01 1.08e-01 9.69e-02 8.35e-02 6.86e-02 5.35e-02 3.95e-02 2.75e-02 1.80e-02 1.11e-02 6.43e-03 3.42e-03 1.58e-03 6.02e-04 1.84e-04 4.47e-05 8.58e-06 1.29e-06 1.52e-07 1.37e-08 9.34e-10 4.65e-11 1.59e-12 3.34e-14 3.26e-16 0.00e+00 0.00e+00 0.00e+00 0.00e+00 -0.00e+00 
-0.00e+00 0.00e+00 0.00e+00 0.00e+00 1.50e-16 1.60e-14 7.92e-13 2.42e-11 5.08e-10 7.80e-09 9.07e-08 8.15e-07 5.72e-06 3.17e-05 1.39e-04 4.83e-04 1.35e-03 3.09e-03 6.10e-03 1.10e-02 1.87e-02 2.99e-02 4.46e-02 6.28e-02 8.33e-02 1.05e-01 1.26e-01 1.44e-01 1.58e-01 1.67e-01 1.70e-01 1.67e-01 1.58e-01 1.44e-01 1.26e-01 1.05e-01 8.33e-02 6.28e-02 4.46e-02 2.99e-02 1.87e-02 1.10e-02 6.10e-03 3.09e-03 1.35e-03 4.83e-04 1.39e-04 3.17e-05 5.72e-06 8.15e-07 9.07e-08 7.80e-09 5.08e-10 2.42e-11 7.92e-13 1.60e-14 1.50e-16 0.00e+00 0.00e+00 0.00e+00 -0.00e+00 
-0.00e+00 0.00e+00 0.00e+00 6.13e-17 6.77e-15 3.48e-13 1.10e-11 2.42e-10 3.89e-09 4.75e-08 4.49e-07 3.33e-06 1.96e-05 9.12e-05 3.39e-04 1.02e-03 2.49e-03 5.21e-03 9.86e-03 1.75e-02 2.94e-02 4.58e-02 6.67e-02 9.18e-02 1.19e-01 1.47e-01 1.74e-01 1.96e-01 2.14e-01 2.25e-01 2.29e-01 2.25e-01 2.14e-01 1.96e-01 1.74e-01 1.47e-01 1.19e-01 9.18e-02 6.67e-02 4.58e-02 2.94e-02 1.75e-02 9.86e-03 5.21e-03 2.49e-03 1.02e-03 3.39e-04 9.12e-05 1.96e-05 3.33e-06 4.49e-07 4.75e-08 3.89e-09 2.42e-10 1.10e-11 3.48e-13 6.77e-15 6.13e-17 0.00e+00 0.00e+00 -0.00e+00 
-0.00e+00 0.00e+00 2.19e-17 2.50e-15 1.33e-13 4.39e-12 1.00e-10 1.69e-09 2.16e-08 2.15e-07 1.68e-06 1.05e-05 5.23e-05 2.09e-04 6.73e-04 1.78e-03 4.00e-03 8.00e-03 1.49e-02 2.61e-02 4.25e-02 6.45e-02 9.20e-02 1.24e-01 1.57e-01 1.91e-01 2.21e-01 2.47e-01 2.67e-01 2.79e-01 2.83e-01 2.79e-01 2.67e-01 2.47e-01 2.21e-01 1.91e-01 1.57e-01 1.24e-01 9.20e-02 6.45e-02 4.25e-02 2.61e-02 1.49e-02 8.00e-03 4.00e-03 1.78e-03 6.73e-04 2.09e-04 5.23e-05 1.05e-05 1.68e-06 2.15e-07 2.16e-08 1.69e-09 1.00e-10 4.39e-12 1.33e-13 2.50e-15 2.19e-17 0.00e+00 -0.00e+00 
-1.36e-17 1.36e-17 8.01e-16 4.42e-14 1.51e-12 3.60e-11 6.30e-10 8.45e-09 8.85e-08 7.34e-07 4.86e-06 2.59e-05 1.11e-04 3.90e-04 1.12e-03 2.73e-03 5.84e-03 1.15e-02 2.10e-02 3.57e-02 5.67e-02 8.43e-02 1.17e-01 1.54e-01 1.92e-01 2.29e-01 2.61e-01 2.88e-01 3.09e-01 3.22e-01 3.26e-01 3.22e-01 3.09e-01 2.88e-01 2.61e-01 2.29e-01 1.92e-01 1.54e-01 1.17e-01 8.43e-02 5.67e-02 3.57e-02 2.10e-02 1.15e-02 5.84e-03 2.73e-03 1.12e-03 3.90e-04 1.11e-04 2.59e-05 4.86e-06 7.34e-07 8.85e-08 8.45e-09 6.30e-10 3.60e-11 1.51e-12 4.42e-14 8.01e-16 6.79e-18 -6.79e-18 
-4.41e-16 4.41e-16 1.26e-14 4.45e-13 1.10e-11 2.01e-10 2.82e-09 3.11e-08 2.73e-07 1.93e-06 1.10e-05 5.13e-05 1.96e-04 6.18e-04 1.64e-03 3.80e-03 7.89e-03 1.51e-02 2.71e-02 4.52e-02 7.03e-02 1.02e-01 1.39e-01 1.78e-01 2.18e-01 2.55e-01 2.87e-01 3.15e-01 3.36e-01 3.50e-01 3.55e-01 3.50e-01 3.36e-01 3.15e-01 2.87e-01 2.55e-01 2.18e-01 1.78e-01 1.39e-01 1.02e-01 7.03e-02 4.52e-02 2.71e-02 1.51e-02 7.89e-03 3.80e-03 1.64e-03 6.18e-04 1.96e-04 5.13e-05 1.10e-05 1.93e-06 2.73e-07 3.11e-08 2.82e-09 2.01e-10 1.10e-11 4.45e-13 1.26e-14 2.19e-16 -2.19e-16 
-6.02e-15 6.02e-15 1.10e-13 2.83e-12 5.40e-11 7.94e-10 9.21e-09 8.57e-08 6.47e-07 3.99e-06 2.02e-05 8.43e-05 2.93e-04 8.60e-04 2.17e-03 4.83e-03 9.80e-03 1.85e-02 3.25e-02 5.31e-02 8.05e-02 1.14e-01 1.52e-01 1.92e-01 2.30e-01 2.66e-01 2.98e-01 3.27e-01 3.51e-01 3.67e-01 3.73e-01 3.67e-01 3.51e-01 3.27e-01 2.98e-01 2.66e-01 2.30e-01 1.92e-01 1.52e-01 1.14e-01 8.05e-02 5.31e-02 3.25e-02 1.85e-02 9.80e-03 4.83e-03 2.17e-03 8.60e-04 2.93e-04 8.43e-05 2.02e-05 3.99e-06 6.47e-07 8.57e-08 9.21e-09 7.94e-10 5.40e-11 2.83e-12 1.10e-13 2.96e-15 -2.96e-15 
-4.52e-14 4.52e-14 6.02e-13 1.20e-11 1.84e-10 2.26e-09 2.23e-08 1.81e-07 1.21e-06 6.66e-06 3.07e-05 1.18e-04 3.84e-04 1.07e-03 2.59e-03 5.62e-03 1.12e-02 2.08e-02 3.59e-02 5.74e-02 8.54e-02 1.19e-01 1.55e-01 1.92e-01 2.28e-01 2.62e-01 2.95e-01 3.28e-01 3.58e-01 3.82e-01 3.91e-01 3.82e-01 3.58e-01 3.28e-01 2.95e-01 2.62e-01 2.28e-01 1.92e-01 1.55e-01 1.19e-01 8.54e-02 5.74e-02 3.59e-02 2.08e-02 1.12e-02 5.62e-03 2.59e-03 1.07e-03 3.84e-04 1.18e-04 3.07e-05 6.66e-06 1.21e-06 1.81e-07 2.23e-08 2.26e-09 1.84e-10 1.20e-11 6.01e-13 2.20e-14 -2.20e-14 
-2.05e-13 2.05e-13 2.13e-12 3.44e-11 4.46e-10 4.72e-09 4.11e-08 2.98e-07 1.81e-06 9.23e-06 3.96e-05 1.44e-04 4.44e-04 1.19e-03 2.80e-03 5.96e-03 1.17e-02 2.14e-02 3.63e-02 5.72e-02 8.36e-02 1.14e-01 1.47e-01 1.80e-01 2.12e-01 2.45e-01 2.81e-01 3.23e-01 3.67e-01 4.08e-01 4.26e-01 4.08e-01 3.67e-01 3.23e-01 2.81e-01 2.45e-01 2.12e-01 1.80e-01 1.47e-01 1.14e-01 8.36e-02 5.72e-02 3.63e-02 2.14e-02 1.17e-02 5.96e-03 2.80e-03 1.19e-03 4.44e-04 1.44e-04 3.96e-05 9.23e-06 1.81e-06 2.98e-07 4.11e-08 4.72e-09 4.46e-10 3.44e-11 2.12e-12 9.86e-14 -9.86e-14 
-5.80e-13 5.80e-13 4.97e-12 6.85e-11 7.79e-10 7.37e-09 5.86e-08 3.93e-07 2.23e-06 1.07e-05 4.35e-05 1.51e-04 4.50e-04 1.17e-03 2.70e-03 5.68e-03 1.10e-02 1.99e-02 3.34e-02 5.17e-02 7.44e-02 1.00e-01 1.28e-01 1.55e-01 1.84e-01 2.16e-01 2.57e-01 3.12e-01 3.83e-01 4.59e-01 5.02e-01 4.59e-01 3.83e-01 3.12e-01 2.57e-01 2.16e-01 1.84e-01 1.55e-01 1.28e-01 1.00e-01 7.44e-02 5.17e-02 3.34e-02 1.99e-02 1.10e-02 5.68e-03 2.70e-03 1.17e-03 4.50e-04 1.51e-04 4.35e-05 1.07e-05 2.23e-06 3.93e-07 5.86e-08 7.37e-09 7.79e-10 6.85e-11 4.95e-12 2.76e-13 -2.76e-13 
-1.03e-12 1.03e-12 7.68e-12 9.46e-11 9.83e-10 8.63e-09 6.44e-08 4.08e-07 2.20e-06 1.01e-05 3.99e-05 1.34e-04 3.90e-04 9.95e-04 2.27e-03 4.72e-03 9.09e-03 1.62e-02 2.68e-02 4.11e-02 5.87e-02 7.83e-02 9.87e-02 1.20e-01 1.44e-01 1.74e-01 2.19e-01 2.89e-01 3.99e-01 5.49e-01 6.74e-01 5.49e-01 3.99e-01 2.89e-01 2.19e-01 1.74e-01 1.44e-01 1.20e-01 9.87e-02 7.83e-02 5.87e-02 4.11e-02 2.68e-02 1.62e-02 9.09e-03 4.72e-03 2.27e-03 9.95e-04 3.90e-04 1.34e-04 3.99e-05 1.01e-05 2.20e-06 4.08e-07 6.44e-08 8.63e-09 9.83e-10 9.46e-11 7.66e-12 4.87e-13 -4.87e-13 
-1.09e-12 1.09e-12 7.51e-12 8.63e-11 8.48e-10 7.11e-09 5.09e-08 3.12e-07 1.63e-06 7.32e-06 2.81e-05 9.28e-05 2.66e-04 6.69e-04 1.51e-03 3.13e-03 5.98e-03 1.06e-02 1.75e-02 2.65e-02 3.74e-02 4.97e-02 6.26e-02 7.62e-02 9.26e-02 1.16e-01 1.56e-01 2.32e-01 3.82e-01 6.72e-01 1.10e+00 6.72e-01 3.82e-01 2.32e-01 1.56e-01 1.16e-01 9.26e-02 7.62e-02 6.26e-02 4.97e-02 3.74e-02 2.65e-02 1.75e-02 1.06e-02 5.98e-03 3.13e-03 1.51e-03 6.69e-04 2.66e-04 9.28e-05 2.81e-05 7.32e-06 1.63e-06 3.12e-07 5.09e-08 7.11e-09 8.48e-10 8.63e-11 7.47e-12 5.14e-13 -5.14e-13 
-4.81e-13 4.81e-13 3.17e-12 3.53e-11 3.37e-10 2.76e-09 1.94e-08 1.17e-07 6.04e-07 2.67e-06 1.01e-05 3.32e-05 9.44e-05 2.36e-04 5.31e-04 1.09e-03 2.09e-03 3.70e-03 6.02e-03 9.13e-03 1.29e-02 1.71e-02 2.14e-02 2.62e-02 3.22e-02 4.17e-02 6.02e-02 1.04e-01 2.29e-01 6.60e-01 2.40e+00 6.60e-01 2.29e-01 1.04e-01 6.02e-02 4.17e-02 3.22e-02 2.62e-02 2.14e-02 1.71e-02 1.29e-02 9.13e-03 6.02e-03 3.70e-03 2.09e-03 1.09e-03 5.31e-04 2.36e-04 9.44e-05 3.32e-05 1.01e-05 2.67e-06 6.04e-07 1.17e-07 1.94e-08 2.76e-09 3.37e-10 3.53e-11 3.15e-12 2.25e-13 -2.25e-13 
4.81e-13 -4.81e-13 -3.17e-12 -3.53e-11 -3.37e-10 -2.76e-09 -1.94e-08 -1.17e-07 -6.04e-07 -2.67e-06 -1.01e-05 -3.32e-05 -9.44e-05 -2.36e-04 -5.31e-04 -1.09e-03 -2.09e-03 -3.70e-03 -6.02e-03 -9.13e-03 -1.29e-02 -1.71e-02 -2.14e-02 -2.62e-02 -3.22e-02 -4.17e-02 -6.02e-02 -1.04e-01 -2.29e-01 -6.60e-01 -2.40e+00 -6.60e-01 -2.29e-01 -1.04e-01 -6.02e-02 -4.17e-02 -3.22e-02 -2.62e-02 -2.14e-02 -1.71e-02 -1.29e-02 -9.13e-03 -6.02e-03 -3.70e-03 -2.09e-03 -1.09e-03 -5.31e-04 -2.36e-04 -9.44e-05 -3.32e-05 -1.01e-05 -2.67e-06 -6.04e-07 -1.17e-07 -1.94e-08 -2.76e-09 -3.37e-10 -3.53e-11 -3.15e-12 -2.25e-13 2.25e-13 
1.09e-12 -1.09e-12 -7.51e-12 -8.63e-11 -8.48e-10 -7.11e-09 -5.09e-08 -3.12e-07 -1.63e-06 -7.32e-06 -2.81e-05 -9.28e-05 -2.66e-04 -6.69e-04 -1.51e-03 -3.13e-03 -5.98e-03 -1.06e-02 -1.75e-02 -2.65e-02 -3.74e-02 -4.97e-02 -6.26e-02 -7.62e-02 -9.26e-02 -1.16e-01 -1.56e-01 -2.32e-01 -3.82e-01 -6.72e-01 -1.10e+00 -6.72e-01 -3.82e-01 -2.32e-01 -1.56e-01 -1.16e-01 -9.26e-02 -7.62e-02 -6.26e-02 -4.97e-02 -3.74e-02 -2.65e-02 -1.75e-02 -1.06e-02 -5.98e-03 -3.13e-03 -1.51e-03 -6.69e-04 -2.66e-04 -9.28e-05 -2.81e-05 -7.32e-06 -1.63e-06 -3.12e-07 -5.09e-08 -7.11e-09 -8.48e-10 -8.63e-11 -7.47e-12 -5.14e-13 5.14e-13 
1.03e-12 -1.03e-12 -7.68e-12 -9.46e-11 -9.83e-10 -8.63e-09 -6.44e-08 -4.08e-07 -2.20e-06 -1.01e-05 -3.99e-05 -1.34e-04 -3.90e-04 -9.95e-04 -2.27e-03 -4.72e-03 -9.09e-03 -1.62e-02 -2.68e-02 -4.11e-02 -5.87e-02 -7.83e-02 -9.87e-02 -1.20e-01 -1.44e-01 -1.74e-01 -2.19e-01 -2.89e-01 -3.99e-01 -5.49e-01 -6.74e-01 -5.49e-01 -3.99e-01 -2.89e-01 -2.19e-01 -1.74e-01 -1.44e-01 -1.20e-01 -9.87e-02 -7.83e-02 -5.87e-02 -4.11e-02 -2.68e-02 -1.62e-02 -9.09e-03 -4.72e-03 -2.27e-03 -9.95e-04 -3.90e-04 -1.34e-04 -3.99e-05 -1.01e-05 -2.20e-06 -4.08e-07 -6.44e-08 -8.63e-09 -9.83e-10 -9.46e-11 -7.66e-12 -4.87e-13 4.87e-13 
5.80e-13 -5.80e-13 -4.97e-12 -6.85e-11 -7.79e-10 -7.37e-09 -5.86e-08 -3.93e-07 -2.23e-06 -1.07e-05 -4.35e-05 -1.51e-04 -4.50e-04 -1.17e-03 -2.70e-03 -5.68e-03 -1.10e-02 -1.99e-02 -3.34e-02 -5.17e-02 -7.44e-02 -1.00e-01 -1.28e-01 -1.55e-01 -1.84e-01 -2.16e-01 -2.57e-01 -3.12e-01 -3.83e-01 -4.59e-01 -5.02e-01 -4.59e-01 -3.83e-01 -3.12e-01 -2.57e-01 -2.16e-01 -1.84e-01 -1.55e-01 -1.28e-01 -1.00e-01 -7.44e-02 -5.17e-02 -3.34e-02 -1.99e-02 -1.10e-02 -5.68e-03 -2.70e-03 -1.17e-03 -4.50e-04 -1.51e-04 -4.35e-05 -1.07e-05 -2.23e-06 -3.93e-07 -5.86e-08 -7.37e-09 -7.79e-10 -6.85e-11 -4.95e-12 -2.76e-13 2.76e-13 
2.05e-13 -2.05e-13 -2.13e-12 -3.44e-11 -4.46e-10 -4.72e-09 -4.11e-08 -2.98e-07 -1.81e-06 -9.23e-06 -3.96e-05 -1.44e-04 -4.44e-04 -1.19e-03 -2.80e-03 -5.96e-03 -1.17e-02 -2.14e-02 -3.63e-02 -5.72e-02 -8.36e-02 -1.14e-01 -1.47e-01 -1.80e-01 -2.12e-01 -2.45e-01 -2.81e-01 -3.23e-01 -3.67e-01 -4.08e-01 -4.26e-01 -4.08e-01 -3.67e-01 -3.23e-01 -2.81e-01 -2.45e-01 -2.12e-01 -1.80e-01 -1.47e-01 -1.14e-01 -8.36e-02 -5.72e-02 -3.63e-02 -2.14e-02 -1.17e-02 -5.96e-03 -2.80e-03 -1.19e-03 -4.44e-04 -1.44e-04 -3.96e-05 -9.23e-06 -1.81e-06 -2.98e-07 -4.11e-08 -4.72e-09 -4.46e-10 -3.44e-11 -2.12e-12 -9.86e-14 9.86e-14 
4.52e-14 -4.52e-14 -6.02e-13 -1.20e-11 -1.84e-10 -2.26e-09 -2.23e-08 -1.81e-07 -1.21e-06 -6.66e-06 -3.07e-05 -1.18e-04 -3.84e-04 -1.07e-03 -2.59e-03 -5.62e-03 -1.12e-02 -2.08e-02 -3.59e-02 -5.74e-02 -8.54e-02 -1.19e-01 -1.55e-01 -1.92e-01 -2.28e-01 -2.62e-01 -2.95e-01 -3.28e-01 -3.58e-01 -3.82e-01 -3.91e-01 -3.82e-01 -3.58e-01 -3.28e-01 -2.95e-01 -2.62e-01 -2.28e-01 -1.92e-01 -1.55e-01 -1.19e-01 -8.54e-02 -5.74e-02 -3.59e-02 -2.08e-02 -1.12e-02 -5.62e-03 -2.59e-03 -1.07e-03 -3.84e-04 -1.18e-04 -3.07e-05 -6.66e-06 -1.21e-06 -1.81e-07 -2.23e-08 -2.26e-09 -1.84e-10 -1.20e-11 -6.01e-13 -2.20e-14 2.20e-14 
6.02e-15 -6.02e-15 -1.10e-13 -2.83e-12 -5.40e-11 -7.94e-10 -9.21e-09 -8.57e-08 -6.47e-07 -3.99e-06 -2.02e-05 -8.43e-05 -2.93e-04 -8.60e-04 -2.17e-03 -4.83e-03 -9.80e-03 -1.85e-02 -3.25e-02 -5.31e-02 -8.05e-02 -1.14e-01 -1.52e-01 -1.92e-01 -2.30e-01 -2.66e-01 -2.98e-01 -3.27e-01 -3.51e-01 -3.67e-01 -3.73e-01 -3.67e-01 -3.51e-01 -3.27e-01 -2.98e-01 -2.66e-01 -2.30e-01 -1.92e-01 -1.52e-01 -1.14e-01 -8.05e-02 -5.31e-02 -3.25e-02 -1.85e-02 -9.80e-03 -4.83e-03 -2.17e-03 -8.60e-04 -2.93e-04 -8.43e-05 -2.02e-05 -3.99e-06 -6.47e-07 -8.57e-08 -9.21e-09 -7.94e-10 -5.40e-11 -2.83e-12 -1.10e-13 -2.96e-15 2.96e-15 
4.41e-16 -4.41e-16 -1.26e-14 -4.45e-13 -1.10e-11 -2.01e-10 -2.82e-09 -3.11e-08 -2.73e-07 -1.93e-06 -1.10e-05 -5.13e-05 -1.96e-04 -6.18e-04 -1.64e-03 -3.80e-03 -7.89e-03 -1.51e-02 -2.71e-02 -4.52e-02 -7.03e-02 -1.02e-01 -1.39e-01 -1.78e-01 -2.18e-01 -2.55e-01 -2.87e-01 -3.15e-01 -3.36e-01 -3.50e-01 -3.55e-01 -3.50e-01 -3.36e-01 -3.15e-01 -2.87e-01 -2.55e-01 -2.18e-01 -1.78e-01 -1.39e-01 -1.02e-01 -7.03e-02 -4.52e-02 -2.71e-02 -1.51e-02 -7.89e-03 -3.80e-03 -1.64e-03 -6.18e-04 -1.96e-04 -5.13e-05 -1.10e-05 -1.93e-06 -2.73e-07 -3.11e-08 -2.82e-09 -2.01e-10 -1.10e-11 -4.45e-13 -1.26e-14 -2.19e-16 2.19e-16 
1.36e-17 -1.36e-17 -8.01e-16 -4.42e-14 -1.51e-12 -3.60e-11 -6.30e-10 -8.45e-09 -8.85e-08 -7.34e-07 -4.86e-06 -2.59e-05 -1.11e-04 -3.90e-04 -1.12e-03 -2.73e-03 -5.84e-03 -1.15e-02 -2.10e-02 -3.57e-02 -5.67e-02 -8.43e-02 -1.17e-01 -1.54e-01 -1.92e-01 -2.29e-01 -2.61e-01 -2.88e-01 -3.09e-01 -3.22e-01 -3.26e-01 -3.22e-01 -3.09e-01 -2.88e-01 -2.61e-01 -2.29e-01 -1.92e-01 -1.54e-01 -1.17e-01 -8.43e-02 -5.67e-02 -3.57e-02 -2.10e-02 -1.15e-02 -5.84e-03 -2.73e-03 -1.12e-03 -3.90e-04 -1.11e-04 -2.59e-05 -4.86e-06 -7.34e-07 -8.85e-08 -8.45e-09 -6.30e-10 -3.60e-11 -1.51e-12 -4.42e-14 -8.01e-16 -6.79e-18 6.79e-18 
-0.00e+00 0.00e+00 -2.19e-17 -2.50e-15 -1.33e-13 -4.39e-12 -1.00e-10 -1.69e-09 -2.16e-08 -2.15e-07 -1.68e-06 -1.05e-05 -5.23e-05 -2.09e-04 -6.73e-04 -1.78e-03 -4.00e-03 -8.00e-03 -1.49e-02 -2.61e-02 -4.25e-02 -6.45e-02 -9.20e-02 -1.24e-01 -1.57e-01 -1.91e-01 -2.21e-01 -2.47e-01 -2.67e-01 -2.79e-01 -2.83e-01 -2.79e-01 -2.67e-01 -2.47e-01 -2.21e-01 -1.91e-01 -1.57e-01 -1.24e-01 -9.20e-02 -6.45e-02 -4.25e-02 -2.61e-02 -1.49e-02 -8.00e-03 -4.00e-03 -1.78e-03 -6.73e-04 -2.09e-04 -5.23e-05 -1.05e-05 -1.68e-06 -2.15e-07 -2.16e-08 -1.69e-09 -1.00e-10 -4.39e-12 -1.33e-13 -2.50e-15 -2.19e-17 0.00e+00 -0.00e+00 
-0.00e+00 0.00e+00 0.00e+00 -6.13e-17 -6.77e-15 -3.48e-13 -1.10e-11 -2.42e-10 -3.89e-09 -4.75e-08 -4.49e-07 -3.33e-06 -1.96e-05 -9.12e-05 -3.39e-04 -1.02e-03 -2.49e-03 -5.21e-03 -9.86e-03 -1.75e-02 -2.94e-02 -4.58e-02 -6.67e-02 -9.18e-02 -1.19e-01 -1.47e-01 -1.74e-01 -1.96e-01 -2.14e-01 -2.25e-01 -2.29e-01 -2.25e-01 -2.14e-01 -1.96e-01 -1.74e-01 -1.47e-01 -1.19e-01 -9.18e-02 -6.67e-02 -4.58e-02 -2.94e-02 -1.75e-02 -9.86e-03 -5.21e-03 -2.49e-03 -1.02e-03 -3.39e-04 -9.12e-05 -1.96e-05 -3.33e-06 -4.49e-07 -4.75e-08 -3.89e-09 -2.42e-10 -1.10e-11 -3.48e-13 -6.77e-15 -6.13e-17 0.00e+00 0.00e+00 -0.00e+00 
-0.00e+00 0.00e+00 0.00e+00 0.00e+00 -1.50e-16 -1.60e-14 -7.92e-13 -2.42e-11 -5.08e-10 -7.80e-09 -9.07e-08 -8.15e-07 -5.72e-06 -3.17e-05 -1.39e-04 -4.83e-04 -1.35e-03 -3.09e-03 -6.10e-03 -1.10e-02 -1.87e-02 -2.99e-02 -4.46e-02 -6.28e-02 -8.33e-02 -1.05e-01 -1.26e-01 -1.44e-01 -1.58e-01 -1.67e-01 -1.70e-01 -1.67e-01 -1.58e-01 -1.44e-01 -1.26e-01 -1.05e-01 -8.33e-02 -6.28e-02 -4.46e-02 -2.99e-02 -1.87e-02 -1.10e-02 -6.10e-03 -3.09e-03 -1.35e-03 -4.83e-04 -1.39e-04 -3.17e-05 -5.72e-06 -8.15e-07 -9.07e-08 -7.80e-09 -5.08e-10 -2.42e-11 -7.92e-13 -1.60e-14 -1.50e-16 0.00e+00 0.00e+00 0.00e+00 -0.00e+00 
-0.00e+00 0.00e+00 0.00e+00 0.00e+00 0.00e+00 -3.26e-16 -3.34e-14 -1.59e-12 -4.65e-11 -9.34e-10 -1.37e-08 -1.52e-07 -1.29e-06 -8.58e-06 -4.47e-05 -1.84e-04 -6.02e-04 -1.58e-03 -3.42e-03 -6.43e-03 -1.11e-02 -1.80e-02 -2.75e-02 -3.95e-02 -5.35e-02 -6.86e-02 -8.35e-02 -9.69e-02 -1.08e-01 -1.14e-01 -1.17e-01 -1.14e-01 -1.08e-01 -9.69e-02 -8.35e-02 -6.86e-02 -5.35e-02 -3.95e-02 -2.75e-02 -1.80e-02 -1.11e-02 -6.43e-03 -3.42e-03 -1.58e-03 -6.02e-04 -1.84e-04 -4.47e-05 -8.58e-06 -1.29e-06 -1.52e-07 -1.37e-08 -9.34e-10 -4.65e-11 -1.59e-12 -3.34e-14 -3.26e-16 0.00e+00 0.00e+00 0.00e+00 0.00e+00 -0.00e+00 
-0.00e+00 0.00e+00 0.00e+00 0.00e+00 0.00e+00 0.00e+00 -6.27e-16 -6.18e-14 -2.82e-12 -7.89e-11 -1.51e-09 -2.11e-08 -2.22e-07 -1.79e-06 -1.13e-05 -5.54e-05 -2.14e-04 -6.60e-04 -1.64e-03 -3.38e-03 -6.10e-03 -1.01e-02 -1.57e-02 -2.30e-02 -3.17e-02 -4.13e-02 -5.10e-02 -5.99e-02 -6.70e-02 -7.17e-02 -7.33e-02 -7.17e-02 -6.70e-02 -5.99e-02 -5.10e-02 -4.13e-02 -3.17e-02 -2.30e-02 -1.57e-02 -1.01e-02 -6.10e-03 -3.38e-03 -1.64e-03 -6.60e-04 -2.14e-04 -5.54e-05 -1.13e-05 -1.79e-06 -2.22e-07 -2.11e-08 -1.51e-09 -7.89e-11 -2.82e-12 -6.18e-14 -6.27e-16 0.00e+00 0.00e+00 0.00e+00 0.00e+00 0.00e+00 -0.00e+00 
-0.00e+00 0.00e+00 0.00e+00 0.00e+00 0.00e+00 0.00e+00 0.00e+00 -1.07e-15 -1.02e-13 -4.44e-12 -1.19e-10 -2.17e-09 -2.88e-08 -2.87e-07 -2.19e-06 -1.30e-05 -6.01e-05 -2.19e-04 -6.37e-04 -1.50e-03 -2.98e-03 -5.19e-03 -8.30e-03 -1.24e-02 -1.74e-02 -2.30e-02 -2.87e-02 -3.41e-02 -3.85e-02 -4.13e-02 -4.23e-02 -4.13e-02 -3.85e-02 -3.41e-02 -2.87e-02 -2.30e-02 -1.74e-02 -1.24e-02 -8.30e-03 -5.19e-03 -2.98e-03 -1.50e-03 -6.37e-04 -2.19e-04 -6.01e-05 -1.30e-05 -2.19e-06 -2.87e-07 -2.88e-08 -2.17e-09 -1.19e-10 -4.44e-12 -1.02e-13 -1.07e-15 0.00e+00 0.00e+00 0.00e+00 0.00e+00 0.00e+00 0.00e+00 -0.00e+00 
-0.00e+00 0.00e+00 0.00e+00 0.00e+00 0.00e+00 0.00e+00 0.00e+00 0.00e+00 -1.65e-15 -1.49e-13 -6.23e-12 -1.59e-10 -2.76e-09 -3.47e-08 -3.27e-07 -2.36e-06 -1.31e-05 -5.72e-05 -1.97e-04 -5.41e-04 -1.22e-03 -2.32e-03 -3.93e-03 -6.08e-03 -8.75e-03 -1.18e-02 -1.49e-02 -1.79e-02 -2.04e-02 -2.20e-02 -2.26e-02 -2.20e-02 -2.04e-02 -1.79e-02 -1.49e-02 -1.18e-02 -8.75e-03 -6.08e-03 -3.93e-03 -2.32e-03 -1.22e-03 -5.41e-04 -1.97e-04 -5.72e-05 -1.31e-05 -2.36e-06 -3.27e-07 -3.47e-08 -2.76e-09 -1.59e-10 -6.23e-12 -1.49e-13 -1.65e-15 0.00e+00 0.00e+00 0.00e+00 0.00e+00 0.00e+00 0.00e+00 0.00e+00 -0.00e+00 
-0.00e+00 0.00e+00 0.00e+00 0.00e+00 0.00e+00 0.00e+00 0.00e+00 0.00e+00 0.00e+00 -2.26e-15 -1.96e-13 -7.80e-12 -1.89e-10 -3.11e-09 -3.71e-08 -3.30e-07 -2.23e-06 -1.17e-05 -4.79e-05 -1.55e-04 -4.03e-04 -8.67e-04 -1.60e-03 -2.62e-03 -3.93e-03 -5.45e-03 -7.06e-03 -8.60e-03 -9.87e-03 -1.07e-02 -1.10e-02 -1.07e-02 -9.87e-03 -8.60e-03 -7.06e-03 -5.45e-03 -3.93e-03 -2.62e-03 -1.60e-03 -8.67e-04 -4.03e-04 -1.55e-04 -4.79e-05 -1.17e-05 -2.23e-06 -3.30e-07 -3.71e-08 -3.11e-09 -1.89e-10 -7.80e-12 -1.96e-13 -2.26e-15 0.00e+00 0.00e+00 0.00e+00 0.00e+00 0.00e+00 0.00e+00 0.00e+00 0.00e+00 -0.00e+00 
-0.00e+00 0.00e+00 0.00e+00 0.00e+00 0.00e+00 0.00e+00 0.00e+00 0.00e+00 0.00e+00 0.00e+00 -2.80e-15 -2.31e-13 -8.73e-12 -2.00e-10 -3.13e-09 -3.51e-08 -2.93e-07 -1.86e-06 -9.15e-06 -3.51e-05 -1.07e-04 -2.63e-04 -5.41e-04 -9.63e-04 -1.53e-03 -2.21e-03 -2.96e-03 -3.68e-03 -4.28e-03 -4.68e-03 -4.83e-03 -4.68e-03 -4.28e-03 -3.68e-03 -2.96e-03 -2.21e-03 -1.53e-03 -9.63e-04 -5.41e-04 -2.63e-04 -1.07e-04 -3.51e-05 -9.15e-06 -1.86e-06 -2.93e-07 -3.51e-08 -3.13e-09 -2.00e-10 -8.73e-12 -2.31e-13 -2.80e-15 0.00e+00 0.00e+00 0.00e+00 0.00e+00 0.00e+00 0.00e+00 0.00e+00 0.00e+00 0.00e+00 -0.00e+00 
-0.00e+00 0.00e+00 0.00e+00 0.00e+00 0.00e+00 0.00e+00 0.00e+00 0.00e+00 0.00e+00 0.00e+00 0.00e+00 -3.11e-15 -2.44e-13 -8.74e-12 -1.90e-10 -2.79e-09 -2.94e-08 -2.31e-07 -1.37e-06 -6.28e-06 -2.25e-05 -6.43e-05 -1.50e-04 -2.94e-04 -5.03e-04 -7.69e-04 -1.07e-03 -1.37e-03 -1.63e-03 -1.80e-03 -1.86e-03 -1.80e-03 -1.63e-03 -1.37e-03 -1.07e-03 -7.69e-04 -5.03e-04 -2.94e-04 -1.50e-04 -6.43e-05 -2.25e-05 -6.28e-06 -1.37e-06 -2.31e-07 -2.94e-08 -2.79e-09 -1.90e-10 -8.74e-12 -2.44e-13 -3.11e-15 0.00e+00 0.00e+00 0.00e+00 0.00e+00 0.00e+00 0.00e+00 0.00e+00 0.00e+00 0.00e+00 0.00e+00 -0.00e+00 
-0.00e+00 0.00e+00 0.00e+00 0.00e+00 0.00e+00 0.00e+00 0.00e+00 0.00e+00 0.00e+00 0.00e+00 0.00e+00 0.00e+00 -3.11e-15 -2.31e-13 -7.83e-12 -1.60e-10 -2.21e-09 -2.18e-08 -1.60e-07 -8.84e-07 -3.77e-06 -1.26e-05 -3.36e-05 -7.39e-05 -1.38e-04 -2.26e-04 -3.30e-04 -4.37e-04 -5.32e-04 -5.96e-04 -6.19e-04 -5.96e-04 -5.32e-04 -4.37e-04 -3.30e-04 -2.26e-04 -1.38e-04 -7.39e-05 -3.36e-05 -1.26e-05 -3.77e-06 -8.84e-07 -1.60e-07 -2.18e-08 -2.21e-09 -1.60e-10 -7.83e-12 -2.31e-13 -3.11e-15 0.00e+00 0.00e+00 0.00e+00 0.00e+00 0.00e+00 0.00e+00 0.00e+00 0.00e+00 0.00e+00 0.00e+00 0.00e+00 -0.00e+00 
-0.00e+00 0.00e+00 0.00e+00 0.00e+00 0.00e+00 0.00e+00 0.00e+00 0.00e+00 0.00e+00 0.00e+00 0.00e+00 0.00e+00 0.00e+00 -2.80e-15 -1.97e-13 -6.27e-12 -1.20e-10 -1.56e-09 -1.43e-08 -9.72e-08 -4.99e-07 -1.97e-06 -6.10e-06 -1.52e-05 -3.14e-05 -5.54e-05 -8.57e-05 -1.19e-04 -1.48e-04 -1.69e-04 -1.77e-04 -1.69e-04 -1.48e-04 -1.19e-04 -8.57e-05 -5.54e-05 -3.14e-05 -1.52e-05 -6.10e-06 -1.97e-06 -4.99e-07 -9.72e-08 -1.43e-08 -1.56e-09 -1.20e-10 -6.27e-12 -1.97e-13 -2.80e-15 0.00e+00 0.00e+00 0.00e+00 0.00e+00 0.00e+00 0.00e+00 0.00e+00 0.00e+00 0.00e+00 0.00e+00 0.00e+00 0.00e+00 -0.00e+00 
-0.00e+00 0.00e+00 0.00e+00 0.00e+00 0.00e+00 0.00e+00 0.00e+00 0.00e+00 0.00e+00 0.00e+00 0.00e+00 0.00e+00 0.00e+00 0.00e+00 -2.26e-15 -1.50e-13 -4.49e-12 -8.05e-11 -9.68e-10 -8.26e-09 -5.18e-08 -2.45e-07 -8.90e-07 -2.55e-06 -5.88e-06 -1.13e-05 -1.88e-05 -2.72e-05 -3.51e-05 -4.08e-05 -4.29e-05 -4.08e-05 -3.51e-05 -2.72e-05 -1.88e-05 -1.13e-05 -5.88e-06 -2.55e-06 -8.90e-07 -2.45e-07 -5.18e-08 -8.26e-09 -9.68e-10 -8.05e-11 -4.49e-12 -1.50e-13 -2.26e-15 0.00e+00 0.00e+00 0.00e+00 0.00e+00 0.00e+00 0.00e+00 0.00e+00 0.00e+00 0.00e+00 0.00e+00 0.00e+00 0.00e+00 0.00e+00 -0.00e+00 
-0.00e+00 0.00e+00 0.00e+00 0.00e+00 0.00e+00 0.00e+00 0.00e+00 0.00e+00 0.00e+00 0.00e+00 0.00e+00 0.00e+00 0.00e+00 0.00e+00 0.00e+00 -1.65e-15 -1.02e-13 -2.86e-12 -4.77e-11 -5.31e-10 -4.18e-09 -2.41e-08 -1.04e-07 -3.46e-07 -9.07e-07 -1.93e-06 -3.44e-06 -5.28e-06 -7.07e-06 -8.39e-06 -8.88e-06 -8.39e-06 -7.07e-06 -5.28e-06 -3.44e-06 -1.93e-06 -9.07e-07 -3.46e-07 -1.04e-07 -2.41e-08 -4.18e-09 -5.31e-10 -4.77e-11 -2.86e-12 -1.02e-13 -1.65e-15 0.00e+00 0.00e+00 0.00e+00 0.00e+00 0.00e+00 0.00e+00 0.00e+00 0.00e+00 0.00e+00 0.00e+00 0.00e+00 0.00e+00 0.00e+00 0.00e+00 -0.00e+00 
-0.00e+00 0.00e+00 0.00e+00 0.00e+00 0.00e+00 0.00e+00 0.00e+00 0.00e+00 0.00e+00 0.00e+00 0.00e+00 0.00e+00 0.00e+00 0.00e+00 0.00e+00 0.00e+00 -1.07e-15 -6.22e-14 -1.62e-12 -2.50e-11 -2.56e-10 -1.84e-09 -9.66e-09 -3.79e-08 -1.14e-07 -2.73e-07 -5.30e-07 -8.64e-07 -1.21e-06 -1.47e-06 -1.57e-06 -1.47e-06 -1.21e-06 -8.64e-07 -5.30e-07 -2.73e-07 -1.14e-07 -3.79e-08 -9.66e-09 -1.84e-09 -2.56e-10 -2.50e-11 -1.62e-12 -6.22e-14 -1.07e-15 0.00e+00 0.00e+00 0.00e+00 0.00e+00 0.00e+00 0.00e+00 0.00e+00 0.00e+00 0.00e+00 0.00e+00 0.00e+00 0.00e+00 0.00e+00 0.00e+00 0.00e+00 -0.00e+00 
-0.00e+00 0.00e+00 0.00e+00 0.00e+00 0.00e+00 0.00e+00 0.00e+00 0.00e+00 0.00e+00 0.00e+00 0.00e+00 0.00e+00 0.00e+00 0.00e+00 0.00e+00 0.00e+00 0.00e+00 -6.27e-16 -3.37e-14 -8.10e-13 -1.15e-11 -1.07e-10 -7.02e-10 -3.32e-09 -1.17e-08 -3.18e-08 -6.83e-08 -1.19e-07 -1.75e-07 -2.19e-07 -2.36e-07 -2.19e-07 -1.75e-07 -1.19e-07 -6.83e-08 -3.18e-08 -1.17e-08 -3.32e-09 -7.02e-10 -1.07e-10 -1.15e-11 -8.10e-13 -3.37e-14 -6.27e-16 0.00e+00 0.00e+00 0.00e+00 0.00e+00 0.00e+00 0.00e+00 0.00e+00 0.00e+00 0.00e+00 0.00e+00 0.00e+00 0.00e+00 0.00e+00 0.00e+00 0.00e+00 0.00e+00 -0.00e+00 
-0.00e+00 0.00e+00 0.00e+00 0.00e+00 0.00e+00 0.00e+00 0.00e+00 0.00e+00 0.00e+00 0.00e+00 0.00e+00 0.00e+00 0.00e+00 0.00e+00 0.00e+00 0.00e+00 0.00e+00 0.00e+00 -3.26e-16 -1.62e-14 -3.57e-13 -4.62e-12 -3.91e-11 -2.29e-10 -9.69e-10 -3.04e-09 -7.31e-09 -1.39e-08 -2.16e-08 -2.78e-08 -3.02e-08 -2.78e-08 -2.16e-08 -1.39e-08 -7.31e-09 -3.04e-09 -9.69e-10 -2.29e-10 -3.91e-11 -4.62e-12 -3.57e-13 -1.62e-14 -3.26e-16 0.00e+00 0.00e+00 0.00e+00 0.00e+00 0.00e+00 0.00e+00 0.00e+00 0.00e+00 0.00e+00 0.00e+00 0.00e+00 0.00e+00 0.00e+00 0.00e+00 0.00e+00 0.00e+00 0.00e+00 -0.00e+00 
-0.00e+00 0.00e+00 0.00e+00 0.00e+00 0.00e+00 0.00e+00 0.00e+00 0.00e+00 0.00e+00 0.00e+00 0.00e+00 0.00e+00 0.00e+00 0.00e+00 0.00e+00 0.00e+00 0.00e+00 0.00e+00 0.00e+00 -1.50e-16 -6.85e-15 -1.38e-13 -1.61e-12 -1.22e-11 -6.33e-11 -2.36e-10 -6.47e-10 -1.36e-09 -2.25e-09 -3.01e-09 -3.31e-09 -3.01e-09 -2.25e-09 -1.36e-09 -6.47e-10 -2.36e-10 -6.33e-11 -1.22e-11 -1.61e-12 -1.38e-13 -6.85e-15 -1.50e-16 0.00e+00 0.00e+00 0.00e+00 0.00e+00 0.00e+00 0.00e+00 0.00e+00 0.00e+00 0.00e+00 0.00e+00 0.00e+00 0.00e+00 0.00e+00 0.00e+00 0.00e+00 0.00e+00 0.00e+00 0.00e+00 -0.00e+00 
-0.00e+00 0.00e+00 0.00e+00 0.00e+00 0.00e+00 0.00e+00 0.00e+00 0.00e+00 0.00e+00 0.00e+00 0.00e+00 0.00e+00 0.00e+00 0.00e+00 0.00e+00 0.00e+00 0.00e+00 0.00e+00 0.00e+00 0.00e+00 -6.13e-17 -2.54e-15 -4.59e-14 -4.78e-13 -3.20e-12 -1.45e-11 -4.68e-11 -1.10e-10 -1.97e-10 -2.76e-10 -3.08e-10 -2.76e-10 -1.97e-10 -1.10e-10 -4.68e-11 -1.45e-11 -3.20e-12 -4.78e-13 -4.59e-14 -2.54e-15 -6.13e-17 0.00e+00 0.00e+00 0.00e+00 0.00e+00 0.00e+00 0.00e+00 0.00e+00 0.00e+00 0.00e+00 0.00e+00 0.00e+00 0.00e+00 0.00e+00 0.00e+00 0.00e+00 0.00e+00 0.00e+00 0.00e+00 0.00e+00 -0.00e+00 
-0.00e+00 0.00e+00 0.00e+00 0.00e+00 0.00e+00 0.00e+00 0.00e+00 0.00e+00 0.00e+00 0.00e+00 0.00e+00 0.00e+00 0.00e+00 0.00e+00 0.00e+00 0.00e+00 0.00e+00 0.00e+00 0.00e+00 0.00e+00 0.00e+00 -2.19e-17 -8.17e-16 -1.32e-14 -1.21e-13 -7.00e-13 -2.72e-12 -7.40e-12 -1.46e-11 -2.15e-11 -2.45e-11 -2.15e-11 -1.46e-11 -7.40e-12 -2.72e-12 -7.00e-13 -1.21e-13 -1.32e-14 -8.17e-16 -2.19e-17 0.00e+00 0.00e+00 0.00e+00 0.00e+00 0.00e+00 0.00e+00 0.00e+00 0.00e+00 0.00e+00 0.00e+00 0.00e+00 0.00e+00 0.00e+00 0.00e+00 0.00e+00 0.00e+00 0.00e+00 0.00e+00 0.00e+00 0.00e+00 -0.00e+00 
-0.00e+00 0.00e+00 0.00e+00 0.00e+00 0.00e+00 0.00e+00 0.00e+00 0.00e+00 0.00e+00 0.00e+00 0.00e+00 0.00e+00 0.00e+00 0.00e+00 0.00e+00 0.00e+00 0.00e+00 0.00e+00 0.00e+00 0.00e+00 0.00e+00 0.00e+00 -1.36e-17 -4.51e-16 -6.37e-15 -5.03e-14 -2.47e-13 -8.00e-13 -1.77e-12 -2.80e-12 -3.25e-12 -2.80e-12 -1.77e-12 -8.00e-13 -2.47e-13 -5.03e-14 -6.37e-15 -4.51e-16 -1.36e-17 0.00e+00 0.00e+00 0.00e+00 0.00e+00 0.00e+00 0.00e+00 0.00e+00 0.00e+00 0.00e+00 0.00e+00 0.00e+00 0.00e+00 0.00e+00 0.00e+00 0.00e+00 0.00e+00 0.00e+00 0.00e+00 0.00e+00 0.00e+00 0.00e+00 -0.00e+00 
0.00e+00 -0.00e+00 -0.00e+00 -0.00e+00 -0.00e+00 -0.00e+00 -0.00e+00 -0.00e+00 -0.00e+00 -0.00e+00 -0.00e+00 -0.00e+00 -0.00e+00 -0.00e+00 -0.00e+00 -0.00e+00 -0.00e+00 -0.00e+00 -0.00e+00 -0.00e+00 -0.00e+00 -0.00e+00 1.36e-17 4.51e-16 6.37e-15 5.03e-14 2.47e-13 8.00e-13 1.77e-12 2.80e-12 3.25e-12 2.80e-12 1.77e-12 8.00e-13 2.47e-13 5.03e-14 6.37e-15 4.51e-16 1.36e-17 -0.00e+00 -0.00e+00 -0.00e+00 -0.00e+00 -0.00e+00 -0.00e+00 -0.00e+00 -0.00e+00 -0.00e+00 -0.00e+00 -0.00e+00 -0.00e+00 -0.00e+00 -0.00e+00 -0.00e+00 -0.00e+00 -0.00e+00 -0.00e+00 -0.00e+00 -0.00e+00 -0.00e+00 0.00e+00 
