0.00e+00 -0.00e+00 -0.00e+00 -0.00e+00 -0.00e+00 -0.00e+00 -0.00e+00 -0.00e+00 -0.00e+00 -0.00e+00 -0.00e+00 -0.00e+00 -0.00e+00 -0.00e+00 -0.00e+00 -0.00e+00 -0.00e+00 -0.00e+00 -0.00e+00 -0.00e+00 -0.00e+00 -0.00e+00 -0.00e+00 -0.00e+00 -0.00e+00 -0.00e+00 -0.00e+00 -0.00e+00 -0.00e+00 -0.00e+00 -4.61e-20 -0.00e+00 -0.00e+00 -0.00e+00 -0.00e+00 -0.00e+00 -0.00e+00 -0.00e+00 -0.00e+00 -0.00e+00 -0.00e+00 -0.00e+00 -0.00e+00 -0.00e+00 -0.00e+00 -0.00e+00 -0.00e+00 -0.00e+00 -0.00e+00 -0.00e+00 -0.00e+00 -0.00e+00 -0.00e+00 -0.00e+00 -0.00e+00 -0.00e+00 -0.00e+00 -0.00e+00 -0.00e+00 -0.00e+00 0.00e+00 
-0.00e+00 0.00e+00 0.00e+00 0.00e+00 0.00e+00 0.00e+00 0.00e+00 0.00e+00 0.00e+00 0.00e+00 0.00e+00 0.00e+00 0.00e+00 0.00e+00 0.00e+00 0.00e+00 0.00e+00 0.00e+00 0.00e+00 0.00e+00 0.00e+00 0.00e+00 0.00e+00 0.00e+00 0.00e+00 0.00e+00 0.00e+00 0.00e+00 0.00e+00 0.00e+00 4.61e-20 0.00e+00 0.00e+00 0.00e+00 0.00e+00 0.00e+00 0.00e+00 0.00e+00 0.00e+00 0.00e+00 0.00e+00 0.00e+00 0.00e+00 0.00e+00 0.00e+00 0.00e+00 0.00e+00 0.00e+00 0.00e+00 0.00e+00 0.00e+00 0.00e+00 0.00e+00 0.00e+00 0.00e+00 0.00e+00 0.00e+00 0.00e+00 0.00e+00 0.00e+00 -0.00e+00 
-0.00e+00 0.00e+00 0.00e+00 0.00e+00 0.00e+00 0.00e+00 0.00e+00 0.00e+00 0.00e+00 0.00e+00 0.00e+00 0.00e+00 0.00e+00 0.00e+00 0.00e+00 0.00e+00 0.00e+00 0.00e+00 0.00e+00 0.00e+00 0.00e+00 0.00e+00 0.00e+00 0.00e+00 0.00e+00 0.00e+00 0.00e+00 0.00e+00 0.00e+00 1.29e-18 5.43e-18 1.29e-18 0.00e+00 0.00e+00 0.00e+00 0.00e+00 0.00e+00 0.00e+00 0.00e+00 0.00e+00 0.00e+00 0.00e+00 0.00e+00 0.00e+00 0.00e+00 0.00e+00 0.00e+00 0.00e+00 0.00e+00 0.00e+00 0.00e+00 0.00e+00 0.00e+00 0.00e+00 0.00e+00 0.00e+00 0.00e+00 0.00e+00 0.00e+00 0.00e+00 -0.00e+00 
-0.00e+00 0.00e+00 0.00e+00 0.00e+00 0.00e+00 0.00e+00 0.00e+00 0.00e+00 0.00e+00 0.00e+00 0.00e+00 0.00e+00 0.00e+00 0.00e+00 0.00e+00 0.00e+00 0.00e+00 0.00e+00 0.00e+00 0.00e+00 0.00e+00 0.00e+00 0.00e+00 0.00e+00 0.00e+00 0.00e+00 0.00e+00 0.00e+00 1.74e-17 1.46e-16 3.25e-16 1.46e-16 1.74e-17 0.00e+00 0.00e+00 0.00e+00 0.00e+00 0.00e+00 0.00e+00 0.00e+00 0.00e+00 0.00e+00 0.00e+00 0.00e+00 0.00e+00 0.00e+00 0.00e+00 0.00e+00 0.00e+00 0.00e+00 0.00e+00 0.00e+00 0.00e+00 0.00e+00 0.00e+00 0.00e+00 0.00e+00 0.00e+00 0.00e+00 0.00e+00 -0.00e+00 
-0.00e+00 0.00e+00 0.00e+00 0.00e+00 0.00e+00 0.00e+00 0.00e+00 0.00e+00 0.00e+00 0.00e+00 0.00e+00 0.00e+00 0.00e+00 0.00e+00 0.00e+00 0.00e+00 0.00e+00 0.00e+00 0.00e+00 0.00e+00 0.00e+00 0.00e+00 0.00e+00 0.00e+00 0.00e+00 0.00e+00 0.00e+00 1.51e-16 1.90e-15 8.01e-15 1.31e-14 8.01e-15 1.90e-15 1.51e-16 0.00e+00 0.00e+00 0.00e+00 0.00e+00 0.00e+00 0.00e+00 0.00e+00 0.00e+00 0.00e+00 0.00e+00 0.00e+00 0.00e+00 0.00e+00 0.00e+00 0.00e+00 0.00e+00 0.00e+00 0.00e+00 0.00e+00 0.00e+00 0.00e+00 0.00e+00 0.00e+00 0.00e+00 0.00e+00 0.00e+00 -0.00e+00 
-0.00e+00 0.00e+00 0.00e+00 0.00e+00 0.00e+00 0.00e+00 0.00e+00 0.00e+00 0.00e+00 0.00e+00 0.00e+00 0.00e+00 0.00e+00 0.00e+00 0.00e+00 0.00e+00 0.00e+00 0.00e+00 0.00e+00 0.00e+00 0.00e+00 0.00e+00 0.00e+00 0.00e+00 0.00e+00 0.00e+00 9.44e-16 1.59e-14 9.81e-14 2.81e-13 3.93e-13 2.81e-13 9.81e-14 1.59e-14 9.44e-16 0.00e+00 0.00e+00 0.00e+00 0.00e+00 0.00e+00 0.00e+00 0.00e+00 0.00e+00 0.00e+00 0.00e+00 0.00e+00 0.00e+00 0.00e+00 0.00e+00 0.00e+00 0.00e+00 0.00e+00 0.00e+00 0.00e+00 0.00e+00 0.00e+00 0.00e+00 0.00e+00 0.00e+00 0.00e+00 -0.00e+00 
-0.00e+00 0.00e+00 0.00e+00 0.00e+00 0.00e+00 0.00e+00 0.00e+00 0.00e+00 0.00e+00 0.00e+00 0.00e+00 0.00e+00 0.00e+00 0.00e+00 0.00e+00 0.00e+00 0.00e+00 0.00e+00 0.00e+00 0.00e+00 0.00e+00 0.00e+00 0.00e+00 0.00e+00 0.00e+00 4.53e-15 9.51e-14 7.77e-13 3.18e-12 7.08e-12 9.10e-12 7.08e-12 3.18e-12 7.77e-13 9.51e-14 4.53e-15 0.00e+00 0.00e+00 0.00e+00 0.00e+00 0.00e+00 0.00e+00 0.00e+00 0.00e+00 0.00e+00 0.00e+00 0.00e+00 0.00e+00 0.00e+00 0.00e+00 0.00e+00 0.00e+00 0.00e+00 0.00e+00 0.00e+00 0.00e+00 0.00e+00 0.00e+00 0.00e+00 0.00e+00 -0.00e+00 
-0.00e+00 0.00e+00 0.00e+00 0.00e+00 0.00e+00 0.00e+00 0.00e+00 0.00e+00 0.00e+00 0.00e+00 0.00e+00 0.00e+00 0.00e+00 0.00e+00 0.00e+00 0.00e+00 0.00e+00 0.00e+00 0.00e+00 0.00e+00 0.00e+00 0.00e+00 0.00e+00 0.00e+00 1.74e-14 4.37e-13 4.44e-12 2.36e-11 7.25e-11 1.36e-10 1.66e-10 1.36e-10 7.25e-11 2.36e-11 4.44e-12 4.37e-13 1.74e-14 0.00e+00 0.00e+00 0.00e+00 0.00e+00 0.00e+00 0.00e+00 0.00e+00 0.00e+00 0.00e+00 0.00e+00 0.00e+00 0.00e+00 0.00e+00 0.00e+00 0.00e+00 0.00e+00 0.00e+00 0.00e+00 0.00e+00 0.00e+00 0.00e+00 0.00e+00 0.00e+00 -0.00e+00 
-0.00e+00 0.00e+00 0.00e+00 0.00e+00 0.00e+00 0.00e+00 0.00e+00 0.00e+00 0.00e+00 0.00e+00 0.00e+00 0.00e+00 0.00e+00 0.00e+00 0.00e+00 0.00e+00 0.00e+00 0.00e+00 0.00e+00 0.00e+00 0.00e+00 0.00e+00 0.00e+00 5.46e-14 1.60e-12 1.94e-11 1.27e-10 4.99e-10 1.24e-09 2.06e-09 2.43e-09 2.06e-09 1.24e-09 4.99e-10 1.27e-10 1.94e-11 1.60e-12 5.46e-14 0.00e+00 0.00e+00 0.00e+00 0.00e+00 0.00e+00 0.00e+00 0.00e+00 0.00e+00 0.00e+00 0.00e+00 0.00e+00 0.00e+00 0.00e+00 0.00e+00 0.00e+00 0.00e+00 0.00e+00 0.00e+00 0.00e+00 0.00e+00 0.00e+00 0.00e+00 -0.00e+00 
-0.00e+00 0.00e+00 0.00e+00 0.00e+00 0.00e+00 0.00e+00 0.00e+00 0.00e+00 0.00e+00 0.00e+00 0.00e+00 0.00e+00 0.00e+00 0.00e+00 0.00e+00 0.00e+00 0.00e+00 0.00e+00 0.00e+00 0.00e+00 0.00e+00 0.00e+00 1.43e-13 4.81e-12 6.78e-11 5.28e-10 2.51e-09 7.78e-09 1.64e-08 2.50e-08 2.86e-08 2.50e-08 1.64e-08 7.78e-09 2.51e-09 5.28e-10 6.78e-11 4.81e-12 1.43e-13 0.00e+00 0.00e+00 0.00e+00 0.00e+00 0.00e+00 0.00e+00 0.00e+00 0.00e+00 0.00e+00 0.00e+00 0.00e+00 0.00e+00 0.00e+00 0.00e+00 0.00e+00 0.00e+00 0.00e+00 0.00e+00 0.00e+00 0.00e+00 0.00e+00 -0.00e+00 
-0.00e+00 0.00e+00 0.00e+00 0.00e+00 0.00e+00 0.00e+00 0.00e+00 0.00e+00 0.00e+00 0.00e+00 0.00e+00 0.00e+00 0.00e+00 0.00e+00 0.00e+00 0.00e+00 0.00e+00 0.00e+00 0.00e+00 0.00e+00 0.00e+00 3.18e-13 1.20e-11 1.93e-10 1.74e-09 9.78e-09 3.62e-08 9.28e-08 1.72e-07 2.45e-07 2.75e-07 2.45e-07 1.72e-07 9.28e-08 3.62e-08 9.78e-09 1.74e-09 1.93e-10 1.20e-11 3.18e-13 0.00e+00 0.00e+00 0.00e+00 0.00e+00 0.00e+00 0.00e+00 0.00e+00 0.00e+00 0.00e+00 0.00e+00 0.00e+00 0.00e+00 0.00e+00 0.00e+00 0.00e+00 0.00e+00 0.00e+00 0.00e+00 0.00e+00 0.00e+00 -0.00e+00 
-0.00e+00 0.00e+00 0.00e+00 0.00e+00 0.00e+00 0.00e+00 0.00e+00 0.00e+00 0.00e+00 0.00e+00 0.00e+00 0.00e+00 0.00e+00 0.00e+00 0.00e+00 0.00e+00 0.00e+00 0.00e+00 0.00e+00 0.00e+00 6.05e-13 2.53e-11 4.57e-10 4.69e-09 3.03e-08 1.31e-07 3.95e-07 8.66e-07 1.46e-06 1.96e-06 2.16e-06 1.96e-06 1.46e-06 8.66e-07 3.95e-07 1.31e-07 3.03e-08 4.69e-09 4.57e-10 2.53e-11 6.05e-13 0.00e+00 0.00e+00 0.00e+00 0.00e+00 0.00e+00 0.00e+00 0.00e+00 0.00e+00 0.00e+00 0.00e+00 0.00e+00 0.00e+00 0.00e+00 0.00e+00 0.00e+00 0.00e+00 0.00e+00 0.00e+00 0.00e+00 -0.00e+00 
-0.00e+00 0.00e+00 0.00e+00 0.00e+00 0.00e+00 0.00e+00 0.00e+00 0.00e+00 0.00e+00 0.00e+00 0.00e+00 0.00e+00 0.00e+00 0.00e+00 0.00e+00 0.00e+00 0.00e+00 0.00e+00 0.00e+00 9.90e-13 4.56e-11 9.12e-10 1.05e-08 7.68e-08 3.79e-07 1.31e-06 3.32e-06 6.41e-06 9.94e-06 1.28e-05 1.39e-05 1.28e-05 9.94e-06 6.41e-06 3.32e-06 1.31e-06 3.79e-07 7.68e-08 1.05e-08 9.12e-10 4.56e-11 9.90e-13 0.00e+00 0.00e+00 0.00e+00 0.00e+00 0.00e+00 0.00e+00 0.00e+00 0.00e+00 0.00e+00 0.00e+00 0.00e+00 0.00e+00 0.00e+00 0.00e+00 0.00e+00 0.00e+00 0.00e+00 0.00e+00 -0.00e+00 
-0.00e+00 0.00e+00 0.00e+00 0.00e+00 0.00e+00 0.00e+00 0.00e+00 0.00e+00 0.00e+00 0.00e+00 0.00e+00 0.00e+00 0.00e+00 0.00e+00 0.00e+00 0.00e+00 0.00e+00 0.00e+00 1.40e-12 7.04e-11 1.55e-09 1.97e-08 1.61e-07 8.96e-07 3.51e-06 1.00e-05 2.18e-05 3.80e-05 5.51e-05 6.82e-05 7.32e-05 6.82e-05 5.51e-05 3.80e-05 2.18e-05 1.00e-05 3.51e-06 8.96e-07 1.61e-07 1.97e-08 1.55e-09 7.04e-11 1.40e-12 0.00e+00 0.00e+00 0.00e+00 0.00e+00 0.00e+00 0.00e+00 0.00e+00 0.00e+00 0.00e+00 0.00e+00 0.00e+00 0.00e+00 0.00e+00 0.00e+00 0.00e+00 0.00e+00 0.00e+00 -0.00e+00 
-0.00e+00 0.00e+00 0.00e+00 0.00e+00 0.00e+00 0.00e+00 0.00e+00 0.00e+00 0.00e+00 0.00e+00 0.00e+00 0.00e+00 0.00e+00 0.00e+00 0.00e+00 0.00e+00 0.00e+00 1.73e-12 9.37e-11 2.25e-09 3.13e-08 2.83e-07 1.75e-06 7.68e-06 2.45e-05 5.93e-05 1.13e-04 1.81e-04 2.48e-04 2.98e-04 3.17e-04 2.98e-04 2.48e-04 1.81e-04 1.13e-04 5.93e-05 2.45e-05 7.68e-06 1.75e-06 2.83e-07 3.13e-08 2.25e-09 9.37e-11 1.73e-12 0.00e+00 0.00e+00 0.00e+00 0.00e+00 0.00e+00 0.00e+00 0.00e+00 0.00e+00 0.00e+00 0.00e+00 0.00e+00 0.00e+00 0.00e+00 0.00e+00 0.00e+00 0.00e+00 -0.00e+00 
-0.00e+00 0.00e+00 0.00e+00 0.00e+00 0.00e+00 0.00e+00 0.00e+00 0.00e+00 0.00e+00 0.00e+00 0.00e+00 0.00e+00 0.00e+00 0.00e+00 0.00e+00 0.00e+00 1.85e-12 1.08e-10 2.80e-09 4.25e-08 4.21e-07 2.87e-06 1.39e-05 4.92e-05 1.31e-04 2.73e-04 4.70e-04 6.98e-04 9.15e-04 1.07e-03 1.13e-03 1.07e-03 9.15e-04 6.98e-04 4.70e-04 2.73e-04 1.31e-04 4.92e-05 1.39e-05 2.87e-06 4.21e-07 4.25e-08 2.80e-09 1.08e-10 1.85e-12 0.00e+00 0.00e+00 0.00e+00 0.00e+00 0.00e+00 0.00e+00 0.00e+00 0.00e+00 0.00e+00 0.00e+00 0.00e+00 0.00e+00 0.00e+00 0.00e+00 0.00e+00 -0.00e+00 
-0.00e+00 0.00e+00 0.00e+00 0.00e+00 0.00e+00 0.00e+00 0.00e+00 0.00e+00 0.00e+00 0.00e+00 0.00e+00 0.00e+00 0.00e+00 0.00e+00 0.00e+00 1.73e-12 1.08e-10 3.01e-09 4.94e-08 5.32e-07 3.96e-06 2.11e-05 8.18e-05 2.38e-04 5.35e-04 9.86e-04 1.56e-03 2.20e-03 2.78e-03 3.20e-03 3.35e-03 3.20e-03 2.78e-03 2.20e-03 1.56e-03 9.86e-04 5.35e-04 2.38e-04 8.18e-05 2.11e-05 3.96e-06 5.32e-07 4.94e-08 3.01e-09 1.08e-10 1.73e-12 0.00e+00 0.00e+00 0.00e+00 0.00e+00 0.00e+00 0.00e+00 0.00e+00 0.00e+00 0.00e+00 0.00e+00 0.00e+00 0.00e+00 0.00e+00 0.00e+00 -0.00e+00 
-0.00e+00 0.00e+00 0.00e+00 0.00e+00 0.00e+00 0.00e+00 0.00e+00 0.00e+00 0.00e+00 0.00e+00 0.00e+00 0.00e+00 0.00e+00 0.00e+00 1.40e-12 9.34e-11 2.79e-09 4.92e-08 5.72e-07 4.62e-06 2.68e-05 1.14e-04 3.59e-04 8.71e-04 1.71e-03 2.86e-03 4.27e-03 5.77e-03 7.13e-03 8.09e-03 8.43e-03 8.09e-03 7.13e-03 5.77e-03 4.27e-03 2.86e-03 1.71e-03 8.71e-04 3.59e-04 1.14e-04 2.68e-05 4.62e-06 5.72e-07 4.92e-08 2.79e-09 9.34e-11 1.40e-12 0.00e+00 0.00e+00 0.00e+00 0.00e+00 0.00e+00 0.00e+00 0.00e+00 0.00e+00 0.00e+00 0.00e+00 0.00e+00 0.00e+00 0.00e+00 -0.00e+00 
-0.00e+00 0.00e+00 0.00e+00 0.00e+00 0.00e+00 0.00e+00 0.00e+00 0.00e+00 0.00e+00 0.00e+00 0.00e+00 0.00e+00 0.00e+00 9.90e-13 6.99e-11 2.22e-09 4.19e-08 5.24e-07 4.58e-06 2.87e-05 1.32e-04 4.53e-04 1.18e-03 2.46e-03 4.33e-03 6.84e-03 9.86e-03 1.30e-02 1.59e-02 1.79e-02 1.87e-02 1.79e-02 1.59e-02 1.30e-02 9.86e-03 6.84e-03 4.33e-03 2.46e-03 1.18e-03 4.53e-04 1.32e-04 2.87e-05 4.58e-06 5.24e-07 4.19e-08 2.22e-09 6.99e-11 9.90e-13 0.00e+00 0.00e+00 0.00e+00 0.00e+00 0.00e+00 0.00e+00 0.00e+00 0.00e+00 0.00e+00 0.00e+00 0.00e+00 0.00e+00 -0.00e+00 
-0.00e+00 0.00e+00 0.00e+00 0.00e+00 0.00e+00 0.00e+00 0.00e+00 0.00e+00 0.00e+00 0.00e+00 0.00e+00 0.00e+00 6.05e-13 4.52e-11 1.52e-09 3.06e-08 4.09e-07 3.84e-06 2.60e-05 1.30e-04 4.81e-04 1.35e-03 2.99e-03 5.54e-03 9.23e-03 1.42e-02 2.02e-02 2.65e-02 3.22e-02 3.61e-02 3.76e-02 3.61e-02 3.22e-02 2.65e-02 2.02e-02 1.42e-02 9.23e-03 5.54e-03 2.99e-03 1.35e-03 4.81e-04 1.30e-04 2.60e-05 3.84e-06 4.09e-07 3.06e-08 1.52e-09 4.52e-11 6.05e-13 0.00e+00 0.00e+00 0.00e+00 0.00e+00 0.00e+00 0.00e+00 0.00e+00 0.00e+00 0.00e+00 0.00e+00 0.00e+00 -0.00e+00 
-0.00e+00 0.00e+00 0.00e+00 0.00e+00 0.00e+00 0.00e+00 0.00e+00 0.00e+00 0.00e+00 0.00e+00 0.00e+00 3.18e-13 2.50e-11 8.92e-10 1.90e-08 2.71e-07 2.72e-06 1.98e-05 1.07e-04 4.28e-04 1.30e-03 3.08e-03 6.05e-03 1.07e-02 1.75e-02 2.68e-02 3.78e-02 4.95e-02 5.99e-02 6.72e-02 6.98e-02 6.72e-02 5.99e-02 4.95e-02 3.78e-02 2.68e-02 1.75e-02 1.07e-02 6.05e-03 3.08e-03 1.30e-03 4.28e-04 1.07e-04 1.98e-05 2.72e-06 2.71e-07 1.90e-08 8.92e-10 2.50e-11 3.18e-13 0.00e+00 0.00e+00 0.00e+00 0.00e+00 0.00e+00 0.00e+00 0.00e+00 0.00e+00 0.00e+00 0.00e+00 -0.00e+00 
-0.00e+00 0.00e+00 0.00e+00 0.00e+00 0.00e+00 0.00e+00 0.00e+00 0.00e+00 0.00e+00 0.00e+00 1.43e-13 1.18e-11 4.44e-10 1.00e-08 1.51e-07 1.62e-06 1.27e-05 7.34e-05 3.19e-04 1.05e-03 2.69e-03 5.66e-03 1.06e-02 1.87e-02 3.07e-02 4.65e-02 6.54e-02 8.51e-02 1.03e-01 1.15e-01 1.20e-01 1.15e-01 1.03e-01 8.51e-02 6.54e-02 4.65e-02 3.07e-02 1.87e-02 1.06e-02 5.66e-03 2.69e-03 1.05e-03 3.19e-04 7.34e-05 1.27e-05 1.62e-06 1.51e-07 1.00e-08 4.44e-10 1.18e-11 1.43e-13 0.00e+00 0.00e+00 0.00e+00 0.00e+00 0.00e+00 0.00e+00 0.00e+00 0.00e+00 0.00e+00 -0.00e+00 
-0.00e+00 0.00e+00 0.00e+00 0.00e+00 0.00e+00 0.00e+00 0.00e+00 0.00e+00 0.00e+00 5.46e-14 4.72e-12 1.86e-10 4.42e-09 7.07e-08 8.06e-07 6.74e-06 4.20e-05 1.98e-04 7.10e-04 1.99e-03 4.54e-03 9.15e-03 1.72e-02 3.04e-02 4.93e-02 7.41e-02 1.04e-01 1.34e-01 1.62e-01 1.82e-01 1.89e-01 1.82e-01 1.62e-01 1.34e-01 1.04e-01 7.41e-02 4.93e-02 3.04e-02 1.72e-02 9.15e-03 4.54e-03 1.99e-03 7.10e-04 1.98e-04 4.20e-05 6.74e-06 8.06e-07 7.07e-08 4.42e-09 1.86e-10 4.72e-12 5.46e-14 0.00e+00 0.00e+00 0.00e+00 0.00e+00 0.00e+00 0.00e+00 0.00e+00 0.00e+00 -0.00e+00 
-0.00e+00 0.00e+00 0.00e+00 0.00e+00 0.00e+00 0.00e+00 0.00e+00 0.00e+00 1.74e-14 1.57e-12 6.45e-11 1.61e-09 2.73e-08 3.30e-07 2.95e-06 1.98e-05 1.01e-04 3.99e-04 1.23e-03 3.11e-03 6.80e-03 1.37e-02 2.57e-02 4.46e-02 7.17e-02 1.07e-01 1.50e-01 1.94e-01 2.35e-01 2.64e-01 2.75e-01 2.64e-01 2.35e-01 1.94e-01 1.50e-01 1.07e-01 7.17e-02 4.46e-02 2.57e-02 1.37e-02 6.80e-03 3.11e-03 1.23e-03 3.99e-04 1.01e-04 1.98e-05 2.95e-06 3.30e-07 2.73e-08 1.61e-09 6.45e-11 1.57e-12 1.74e-14 0.00e+00 0.00e+00 0.00e+00 0.00e+00 0.00e+00 0.00e+00 0.00e+00 -0.00e+00 
-0.00e+00 0.00e+00 0.00e+00 0.00e+00 0.00e+00 0.00e+00 0.00e+00 4.53e-15 4.24e-13 1.83e-11 4.78e-10 8.52e-09 1.09e-07 1.04e-06 7.57e-06 4.23e-05 1.84e-04 6.35e-04 1.79e-03 4.29e-03 9.27e-03 1.85e-02 3.43e-02 5.91e-02 9.48e-02 1.42e-01 1.98e-01 2.58e-01 3.16e-01 3.59e-01 3.75e-01 3.59e-01 3.16e-01 2.58e-01 1.98e-01 1.42e-01 9.48e-02 5.91e-02 3.43e-02 1.85e-02 9.27e-03 4.29e-03 1.79e-03 6.35e-04 1.84e-04 4.23e-05 7.57e-06 1.04e-06 1.09e-07 8.52e-09 4.78e-10 1.83e-11 4.24e-13 4.53e-15 0.00e+00 0.00e+00 0.00e+00 0.00e+00 0.00e+00 0.00e+00 -0.00e+00 
-0.00e+00 0.00e+00 0.00e+00 0.00e+00 0.00e+00 0.00e+00 9.44e-16 9.15e-14 4.09e-12 1.12e-10 2.10e-09 2.86e-08 2.92e-07 2.30e-06 1.41e-05 6.83e-05 2.65e-04 8.43e-04 2.25e-03 5.27e-03 1.12e-02 2.22e-02 4.11e-02 7.05e-02 1.13e-01 1.69e-01 2.38e-01 3.15e-01 3.94e-01 4.59e-01 4.87e-01 4.59e-01 3.94e-01 3.15e-01 2.38e-01 1.69e-01 1.13e-01 7.05e-02 4.11e-02 2.22e-02 1.12e-02 5.27e-03 2.25e-03 8.43e-04 2.65e-04 6.83e-05 1.41e-05 2.30e-06 2.92e-07 2.86e-08 2.10e-09 1.12e-10 4.09e-12 9.15e-14 9.44e-16 0.00e+00 0.00e+00 0.00e+00 0.00e+00 0.00e+00 -0.00e+00 
-0.00e+00 0.00e+00 0.00e+00 0.00e+00 0.00e+00 1.51e-16 1.51e-14 6.97e-13 1.99e-11 3.91e-10 5.65e-09 6.22e-08 5.33e-07 3.62e-06 1.97e-05 8.72e-05 3.16e-04 9.51e-04 2.46e-03 5.64e-03 1.19e-02 2.36e-02 4.34e-02 7.41e-02 1.19e-01 1.80e-01 2.57e-01 3.53e-01 4.61e-01 5.66e-01 6.22e-01 5.66e-01 4.61e-01 3.53e-01 2.57e-01 1.80e-01 1.19e-01 7.41e-02 4.34e-02 2.36e-02 1.19e-02 5.64e-03 2.46e-03 9.51e-04 3.16e-04 8.72e-05 1.97e-05 3.62e-06 5.33e-07 6.22e-08 5.65e-09 3.91e-10 1.99e-11 6.97e-13 1.51e-14 1.51e-16 0.00e+00 0.00e+00 0.00e+00 0.00e+00 -0.00e+00 
-0.00e+00 0.00e+00 0.00e+00 0.00e+00 1.74e-17 1.77e-15 8.40e-14 2.48e-12 5.14e-11 7.91e-10 9.43e-09 8.92e-08 6.79e-07 4.21e-06 2.13e-05 8.86e-05 3.05e-04 8.88e-04 2.25e-03 5.13e-03 1.08e-02 2.12e-02 3.89e-02 6.67e-02 1.08e-01 1.65e-01 2.44e-01 3.52e-01 5.01e-01 6.87e-01 8.35e-01 6.87e-01 5.01e-01 3.52e-01 2.44e-01 1.65e-01 1.08e-01 6.67e-02 3.89e-02 2.12e-02 1.08e-02 5.13e-03 2.25e-03 8.88e-04 3.05e-04 8.86e-05 2.13e-05 4.21e-06 6.79e-07 8.92e-08 9.43e-09 7.91e-10 5.14e-11 2.48e-12 8.40e-14 1.77e-15 1.74e-17 0.00e+00 0.00e+00 0.00e+00 -0.00e+00 
-0.00e+00 0.00e+00 0.00e+00 1.29e-18 1.30e-16 6.23e-15 1.89e-13 4.10e-12 6.78e-11 8.90e-10 9.46e-09 8.22e-08 5.87e-07 3.44e-06 1.66e-05 6.65e-05 2.23e-04 6.37e-04 1.60e-03 3.61e-03 7.58e-03 1.49e-02 2.73e-02 4.68e-02 7.60e-02 1.19e-01 1.84e-01 2.89e-01 4.76e-01 8.16e-01 1.31e+00 8.16e-01 4.76e-01 2.89e-01 1.84e-01 1.19e-01 7.60e-02 4.68e-02 2.73e-02 1.49e-02 7.58e-03 3.61e-03 1.60e-03 6.37e-04 2.23e-04 6.65e-05 1.66e-05 3.44e-06 5.87e-07 8.22e-08 9.46e-09 8.90e-10 6.78e-11 4.10e-12 1.89e-13 6.23e-15 1.30e-16 1.29e-18 0.00e+00 0.00e+00 -0.00e+00 
-0.00e+00 0.00e+00 4.61e-20 4.18e-18 1.83e-16 5.32e-15 1.18e-13 2.13e-12 3.21e-11 3.98e-10 4.05e-09 3.38e-08 2.33e-07 1.33e-06 6.29e-06 2.48e-05 8.20e-05 2.31e-04 5.75e-04 1.31e-03 2.75e-03 5.36e-03 9.77e-03 1.69e-02 2.78e-02 4.44e-02 7.23e-02 1.29e-01 2.76e-01 7.69e-01 2.74e+00 7.69e-01 2.76e-01 1.29e-01 7.23e-02 4.44e-02 2.78e-02 1.69e-02 9.77e-03 5.36e-03 2.75e-03 1.31e-03 5.75e-04 2.31e-04 8.20e-05 2.48e-05 6.29e-06 1.33e-06 2.33e-07 3.38e-08 4.05e-09 3.98e-10 3.21e-11 2.13e-12 1.18e-13 5.32e-15 1.83e-16 4.18e-18 4.61e-20 0.00e+00 -0.00e+00 
-0.00e+00 0.00e+00 -4.61e-20 -4.18e-18 -1.83e-16 -5.32e-15 -1.18e-13 -2.13e-12 -3.21e-11 -3.98e-10 -4.05e-09 -3.38e-08 -2.33e-07 -1.33e-06 -6.29e-06 -2.48e-05 -8.20e-05 -2.31e-04 -5.75e-04 -1.31e-03 -2.75e-03 -5.36e-03 -9.77e-03 -1.69e-02 -2.78e-02 -4.44e-02 -7.23e-02 -1.29e-01 -2.76e-01 -7.69e-01 -2.74e+00 -7.69e-01 -2.76e-01 -1.29e-01 -7.23e-02 -4.44e-02 -2.78e-02 -1.69e-02 -9.77e-03 -5.36e-03 -2.75e-03 -1.31e-03 -5.75e-04 -2.31e-04 -8.20e-05 -2.48e-05 -6.29e-06 -1.33e-06 -2.33e-07 -3.38e-08 -4.05e-09 -3.98e-10 -3.21e-11 -2.13e-12 -1.18e-13 -5.32e-15 -1.83e-16 -4.18e-18 -4.61e-20 0.00e+00 -0.00e+00 
-0.00e+00 0.00e+00 0.00e+00 -1.29e-18 -1.30e-16 -6.23e-15 -1.89e-13 -4.10e-12 -6.78e-11 -8.90e-10 -9.46e-09 -8.22e-08 -5.87e-07 -3.44e-06 -1.66e-05 -6.65e-05 -2.23e-04 -6.37e-04 -1.60e-03 -3.61e-03 -7.58e-03 -1.49e-02 -2.73e-02 -4.68e-02 -7.60e-02 -1.19e-01 -1.84e-01 -2.89e-01 -4.76e-01 -8.16e-01 -1.31e+00 -8.16e-01 -4.76e-01 -2.89e-01 -1.84e-01 -1.19e-01 -7.60e-02 -4.68e-02 -2.73e-02 -1.49e-02 -7.58e-03 -3.61e-03 -1.60e-03 -6.37e-04 -2.23e-04 -6.65e-05 -1.66e-05 -3.44e-06 -5.87e-07 -8.22e-08 -9.46e-09 -8.90e-10 -6.78e-11 -4.10e-12 -1.89e-13 -6.23e-15 -1.30e-16 -1.29e-18 0.00e+00 0.00e+00 -0.00e+00 
-0.00e+00 0.00e+00 0.00e+00 0.00e+00 -1.74e-17 -1.77e-15 -8.40e-14 -2.48e-12 -5.14e-11 -7.91e-10 -9.43e-09 -8.92e-08 -6.79e-07 -4.21e-06 -2.13e-05 -8.86e-05 -3.05e-04 -8.88e-04 -2.25e-03 -5.13e-03 -1.08e-02 -2.12e-02 -3.89e-02 -6.67e-02 -1.08e-01 -1.65e-01 -2.44e-01 -3.52e-01 -5.01e-01 -6.87e-01 -8.35e-01 -6.87e-01 -5.01e-01 -3.52e-01 -2.44e-01 -1.65e-01 -1.08e-01 -6.67e-02 -3.89e-02 -2.12e-02 -1.08e-02 -5.13e-03 -2.25e-03 -8.88e-04 -3.05e-04 -8.86e-05 -2.13e-05 -4.21e-06 -6.79e-07 -8.92e-08 -9.43e-09 -7.91e-10 -5.14e-11 -2.48e-12 -8.40e-14 -1.77e-15 -1.74e-17 0.00e+00 0.00e+00 0.00e+00 -0.00e+00 
-0.00e+00 0.00e+00 0.00e+00 0.00e+00 0.00e+00 -1.51e-16 -1.51e-14 -6.97e-13 -1.99e-11 -3.91e-10 -5.65e-09 -6.22e-08 -5.33e-07 -3.62e-06 -1.97e-05 -8.72e-05 -3.16e-04 -9.51e-04 -2.46e-03 -5.64e-03 -1.19e-02 -2.36e-02 -4.34e-02 -7.41e-02 -1.19e-01 -1.80e-01 -2.57e-01 -3.53e-01 -4.61e-01 -5.66e-01 -6.22e-01 -5.66e-01 -4.61e-01 -3.53e-01 -2.57e-01 -1.80e-01 -1.19e-01 -7.41e-02 -4.34e-02 -2.36e-02 -1.19e-02 -5.64e-03 -2.46e-03 -9.51e-04 -3.16e-04 -8.72e-05 -1.97e-05 -3.62e-06 -5.33e-07 -6.22e-08 -5.65e-09 -3.91e-10 -1.99e-11 -6.97e-13 -1.51e-14 -1.51e-16 0.00e+00 0.00e+00 0.00e+00 0.00e+00 -0.00e+00 
-0.00e+00 0.00e+00 0.00e+00 0.00e+00 0.00e+00 0.00e+00 -9.44e-16 -9.15e-14 -4.09e-12 -1.12e-10 -2.10e-09 -2.86e-08 -2.92e-07 -2.30e-06 -1.41e-05 -6.83e-05 -2.65e-04 -8.43e-04 -2.25e-03 -5.27e-03 -1.12e-02 -2.22e-02 -4.11e-02 -7.05e-02 -1.13e-01 -1.69e-01 -2.38e-01 -3.15e-01 -3.94e-01 -4.59e-01 -4.87e-01 -4.59e-01 -3.94e-01 -3.15e-01 -2.38e-01 -1.69e-01 -1.13e-01 -7.05e-02 -4.11e-02 -2.22e-02 -1.12e-02 -5.27e-03 -2.25e-03 -8.43e-04 -2.65e-04 -6.83e-05 -1.41e-05 -2.30e-06 -2.92e-07 -2.86e-08 -2.10e-09 -1.12e-10 -4.09e-12 -9.15e-14 -9.44e-16 0.00e+00 0.00e+00 0.00e+00 0.00e+00 0.00e+00 -0.00e+00 
-0.00e+00 0.00e+00 0.00e+00 0.00e+00 0.00e+00 0.00e+00 0.00e+00 -4.53e-15 -4.24e-13 -1.83e-11 -4.78e-10 -8.52e-09 -1.09e-07 -1.04e-06 -7.57e-06 -4.23e-05 -1.84e-04 -6.35e-04 -1.79e-03 -4.29e-03 -9.27e-03 -1.85e-02 -3.43e-02 -5.91e-02 -9.48e-02 -1.42e-01 -1.98e-01 -2.58e-01 -3.16e-01 -3.59e-01 -3.75e-01 -3.59e-01 -3.16e-01 -2.58e-01 -1.98e-01 -1.42e-01 -9.48e-02 -5.91e-02 -3.43e-02 -1.85e-02 -9.27e-03 -4.29e-03 -1.79e-03 -6.35e-04 -1.84e-04 -4.23e-05 -7.57e-06 -1.04e-06 -1.09e-07 -8.52e-09 -4.78e-10 -1.83e-11 -4.24e-13 -4.53e-15 0.00e+00 0.00e+00 0.00e+00 0.00e+00 0.00e+00 0.00e+00 -0.00e+00 
-0.00e+00 0.00e+00 0.00e+00 0.00e+00 0.00e+00 0.00e+00 0.00e+00 0.00e+00 -1.74e-14 -1.57e-12 -6.45e-11 -1.61e-09 -2.73e-08 -3.30e-07 -2.95e-06 -1.98e-05 -1.01e-04 -3.99e-04 -1.23e-03 -3.11e-03 -6.80e-03 -1.37e-02 -2.57e-02 -4.46e-02 -7.17e-02 -1.07e-01 -1.50e-01 -1.94e-01 -2.35e-01 -2.64e-01 -2.75e-01 -2.64e-01 -2.35e-01 -1.94e-01 -1.50e-01 -1.07e-01 -7.17e-02 -4.46e-02 -2.57e-02 -1.37e-02 -6.80e-03 -3.11e-03 -1.23e-03 -3.99e-04 -1.01e-04 -1.98e-05 -2.95e-06 -3.30e-07 -2.73e-08 -1.61e-09 -6.45e-11 -1.57e-12 -1.74e-14 0.00e+00 0.00e+00 0.00e+00 0.00e+00 0.00e+00 0.00e+00 0.00e+00 -0.00e+00 
-0.00e+00 0.00e+00 0.00e+00 0.00e+00 0.00e+00 0.00e+00 0.00e+00 0.00e+00 0.00e+00 -5.46e-14 -4.72e-12 -1.86e-10 -4.42e-09 -7.07e-08 -8.06e-07 -6.74e-06 -4.20e-05 -1.98e-04 -7.10e-04 -1.99e-03 -4.54e-03 -9.15e-03 -1.72e-02 -3.04e-02 -4.93e-02 -7.41e-02 -1.04e-01 -1.34e-01 -1.62e-01 -1.82e-01 -1.89e-01 -1.82e-01 -1.62e-01 -1.34e-01 -1.04e-01 -7.41e-02 -4.93e-02 -3.04e-02 -1.72e-02 -9.15e-03 -4.54e-03 -1.99e-03 -7.10e-04 -1.98e-04 -4.20e-05 -6.74e-06 -8.06e-07 -7.07e-08 -4.42e-09 -1.86e-10 -4.72e-12 -5.46e-14 0.00e+00 0.00e+00 0.00e+00 0.00e+00 0.00e+00 0.00e+00 0.00e+00 0.00e+00 -0.00e+00 
-0.00e+00 0.00e+00 0.00e+00 0.00e+00 0.00e+00 0.00e+00 0.00e+00 0.00e+00 0.00e+00 0.00e+00 -1.43e-13 -1.18e-11 -4.44e-10 -1.00e-08 -1.51e-07 -1.62e-06 -1.27e-05 -7.34e-05 -3.19e-04 -1.05e-03 -2.69e-03 -5.66e-03 -1.06e-02 -1.87e-02 -3.07e-02 -4.65e-02 -6.54e-02 -8.51e-02 -1.03e-01 -1.15e-01 -1.20e-01 -1.15e-01 -1.03e-01 -8.51e-02 -6.54e-02 -4.65e-02 -3.07e-02 -1.87e-02 -1.06e-02 -5.66e-03 -2.69e-03 -1.05e-03 -3.19e-04 -7.34e-05 -1.27e-05 -1.62e-06 -1.51e-07 -1.00e-08 -4.44e-10 -1.18e-11 -1.43e-13 0.00e+00 0.00e+00 0.00e+00 0.00e+00 0.00e+00 0.00e+00 0.00e+00 0.00e+00 0.00e+00 -0.00e+00 
-0.00e+00 0.00e+00 0.00e+00 0.00e+00 0.00e+00 0.00e+00 0.00e+00 0.00e+00 0.00e+00 0.00e+00 0.00e+00 -3.18e-13 -2.50e-11 -8.92e-10 -1.90e-08 -2.71e-07 -2.72e-06 -1.98e-05 -1.07e-04 -4.28e-04 -1.30e-03 -3.08e-03 -6.05e-03 -1.07e-02 -1.75e-02 -2.68e-02 -3.78e-02 -4.95e-02 -5.99e-02 -6.72e-02 -6.98e-02 -6.72e-02 -5.99e-02 -4.95e-02 -3.78e-02 -2.68e-02 -1.75e-02 -1.07e-02 -6.05e-03 -3.08e-03 -1.30e-03 -4.28e-04 -1.07e-04 -1.98e-05 -2.72e-06 -2.71e-07 -1.90e-08 -8.92e-10 -2.50e-11 -3.18e-13 0.00e+00 0.00e+00 0.00e+00 0.00e+00 0.00e+00 0.00e+00 0.00e+00 0.00e+00 0.00e+00 0.00e+00 -0.00e+00 
-0.00e+00 0.00e+00 0.00e+00 0.00e+00 0.00e+00 0.00e+00 0.00e+00 0.00e+00 0.00e+00 0.00e+00 0.00e+00 0.00e+00 -6.05e-13 -4.52e-11 -1.52e-09 -3.06e-08 -4.09e-07 -3.84e-06 -2.60e-05 -1.30e-04 -4.81e-04 -1.35e-03 -2.99e-03 -5.54e-03 -9.23e-03 -1.42e-02 -2.02e-02 -2.65e-02 -3.22e-02 -3.61e-02 -3.76e-02 -3.61e-02 -3.22e-02 -2.65e-02 -2.02e-02 -1.42e-02 -9.23e-03 -5.54e-03 -2.99e-03 -1.35e-03 -4.81e-04 -1.30e-04 -2.60e-05 -3.84e-06 -4.09e-07 -3.06e-08 -1.52e-09 -4.52e-11 -6.05e-13 0.00e+00 0.00e+00 0.00e+00 0.00e+00 0.00e+00 0.00e+00 0.00e+00 0.00e+00 0.00e+00 0.00e+00 0.00e+00 -0.00e+00 
-0.00e+00 0.00e+00 0.00e+00 0.00e+00 0.00e+00 0.00e+00 0.00e+00 0.00e+00 0.00e+00 0.00e+00 0.00e+00 0.00e+00 0.00e+00 -9.90e-13 -6.99e-11 -2.22e-09 -4.19e-08 -5.24e-07 -4.58e-06 -2.87e-05 -1.32e-04 -4.53e-04 -1.18e-03 -2.46e-03 -4.33e-03 -6.84e-03 -9.86e-03 -1.30e-02 -1.59e-02 -1.79e-02 -1.87e-02 -1.79e-02 -1.59e-02 -1.30e-02 -9.86e-03 -6.84e-03 -4.33e-03 -2.46e-03 -1.18e-03 -4.53e-04 -1.32e-04 -2.87e-05 -4.58e-06 -5.24e-07 -4.19e-08 -2.22e-09 -6.99e-11 -9.90e-13 0.00e+00 0.00e+00 0.00e+00 0.00e+00 0.00e+00 0.00e+00 0.00e+00 0.00e+00 0.00e+00 0.00e+00 0.00e+00 0.00e+00 -0.00e+00 
-0.00e+00 0.00e+00 0.00e+00 0.00e+00 0.00e+00 0.00e+00 0.00e+00 0.00e+00 0.00e+00 0.00e+00 0.00e+00 0.00e+00 0.00e+00 0.00e+00 -1.40e-12 -9.34e-11 -2.79e-09 -4.92e-08 -5.72e-07 -4.62e-06 -2.68e-05 -1.14e-04 -3.59e-04 -8.71e-04 -1.71e-03 -2.86e-03 -4.27e-03 -5.77e-03 -7.13e-03 -8.09e-03 -8.43e-03 -8.09e-03 -7.13e-03 -5.77e-03 -4.27e-03 -2.86e-03 -1.71e-03 -8.71e-04 -3.59e-04 -1.14e-04 -2.68e-05 -4.62e-06 -5.72e-07 -4.92e-08 -2.79e-09 -9.34e-11 -1.40e-12 0.00e+00 0.00e+00 0.00e+00 0.00e+00 0.00e+00 0.00e+00 0.00e+00 0.00e+00 0.00e+00 0.00e+00 0.00e+00 0.00e+00 0.00e+00 -0.00e+00 
-0.00e+00 0.00e+00 0.00e+00 0.00e+00 0.00e+00 0.00e+00 0.00e+00 0.00e+00 0.00e+00 0.00e+00 0.00e+00 0.00e+00 0.00e+00 0.00e+00 0.00e+00 -1.73e-12 -1.08e-10 -3.01e-09 -4.94e-08 -5.32e-07 -3.96e-06 -2.11e-05 -8.18e-05 -2.38e-04 -5.35e-04 -9.86e-04 -1.56e-03 -2.20e-03 -2.78e-03 -3.20e-03 -3.35e-03 -3.20e-03 -2.78e-03 -2.20e-03 -1.56e-03 -9.86e-04 -5.35e-04 -2.38e-04 -8.18e-05 -2.11e-05 -3.96e-06 -5.32e-07 -4.94e-08 -3.01e-09 -1.08e-10 -1.73e-12 0.00e+00 0.00e+00 0.00e+00 0.00e+00 0.00e+00 0.00e+00 0.00e+00 0.00e+00 0.00e+00 0.00e+00 0.00e+00 0.00e+00 0.00e+00 0.00e+00 -0.00e+00 
-0.00e+00 0.00e+00 0.00e+00 0.00e+00 0.00e+00 0.00e+00 0.00e+00 0.00e+00 0.00e+00 0.00e+00 0.00e+00 0.00e+00 0.00e+00 0.00e+00 0.00e+00 0.00e+00 -1.85e-12 -1.08e-10 -2.80e-09 -4.25e-08 -4.21e-07 -2.87e-06 -1.39e-05 -4.92e-05 -1.31e-04 -2.73e-04 -4.70e-04 -6.98e-04 -9.15e-04 -1.07e-03 -1.13e-03 -1.07e-03 -9.15e-04 -6.98e-04 -4.70e-04 -2.73e-04 -1.31e-04 -4.92e-05 -1.39e-05 -2.87e-06 -4.21e-07 -4.25e-08 -2.80e-09 -1.08e-10 -1.85e-12 0.00e+00 0.00e+00 0.00e+00 0.00e+00 0.00e+00 0.00e+00 0.00e+00 0.00e+00 0.00e+00 0.00e+00 0.00e+00 0.00e+00 0.00e+00 0.00e+00 0.00e+00 -0.00e+00 
-0.00e+00 0.00e+00 0.00e+00 0.00e+00 0.00e+00 0.00e+00 0.00e+00 0.00e+00 0.00e+00 0.00e+00 0.00e+00 0.00e+00 0.00e+00 0.00e+00 0.00e+00 0.00e+00 0.00e+00 -1.73e-12 -9.37e-11 -2.25e-09 -3.13e-08 -2.83e-07 -1.75e-06 -7.68e-06 -2.45e-05 -5.93e-05 -1.13e-04 -1.81e-04 -2.48e-04 -2.98e-04 -3.17e-04 -2.98e-04 -2.48e-04 -1.81e-04 -1.13e-04 -5.93e-05 -2.45e-05 -7.68e-06 -1.75e-06 -2.83e-07 -3.13e-08 -2.25e-09 -9.37e-11 -1.73e-12 0.00e+00 0.00e+00 0.00e+00 0.00e+00 0.00e+00 0.00e+00 0.00e+00 0.00e+00 0.00e+00 0.00e+00 0.00e+00 0.00e+00 0.00e+00 0.00e+00 0.00e+00 0.00e+00 -0.00e+00 
-0.00e+00 0.00e+00 0.00e+00 0.00e+00 0.00e+00 0.00e+00 0.00e+00 0.00e+00 0.00e+00 0.00e+00 0.00e+00 0.00e+00 0.00e+00 0.00e+00 0.00e+00 0.00e+00 0.00e+00 0.00e+00 -1.40e-12 -7.04e-11 -1.55e-09 -1.97e-08 -1.61e-07 -8.96e-07 -3.51e-06 -1.00e-05 -2.18e-05 -3.80e-05 -5.51e-05 -6.82e-05 -7.32e-05 -6.82e-05 -5.51e-05 -3.80e-05 -2.18e-05 -1.00e-05 -3.51e-06 -8.96e-07 -1.61e-07 -1.97e-08 -1.55e-09 -7.04e-11 -1.40e-12 0.00e+00 0.00e+00 0.00e+00 0.00e+00 0.00e+00 0.00e+00 0.00e+00 0.00e+00 0.00e+00 0.00e+00 0.00e+00 0.00e+00 0.00e+00 0.00e+00 0.00e+00 0.00e+00 0.00e+00 -0.00e+00 
-0.00e+00 0.00e+00 0.00e+00 0.00e+00 0.00e+00 0.00e+00 0.00e+00 0.00e+00 0.00e+00 0.00e+00 0.00e+00 0.00e+00 0.00e+00 0.00e+00 0.00e+00 0.00e+00 0.00e+00 0.00e+00 0.00e+00 -9.90e-13 -4.56e-11 -9.12e-10 -1.05e-08 -7.68e-08 -3.79e-07 -1.31e-06 -3.32e-06 -6.41e-06 -9.94e-06 -1.28e-05 -1.39e-05 -1.28e-05 -9.94e-06 -6.41e-06 -3.32e-06 -1.31e-06 -3.79e-07 -7.68e-08 -1.05e-08 -9.12e-10 -4.56e-11 -9.90e-13 0.00e+00 0.00e+00 0.00e+00 0.00e+00 0.00e+00 0.00e+00 0.00e+00 0.00e+00 0.00e+00 0.00e+00 0.00e+00 0.00e+00 0.00e+00 0.00e+00 0.00e+00 0.00e+00 0.00e+00 0.00e+00 -0.00e+00 
-0.00e+00 0.00e+00 0.00e+00 0.00e+00 0.00e+00 0.00e+00 0.00e+00 0.00e+00 0.00e+00 0.00e+00 0.00e+00 0.00e+00 0.00e+00 0.00e+00 0.00e+00 0.00e+00 0.00e+00 0.00e+00 0.00e+00 0.00e+00 -6.05e-13 -2.53e-11 -4.57e-10 -4.69e-09 -3.03e-08 -1.31e-07 -3.95e-07 -8.66e-07 -1.46e-06 -1.96e-06 -2.16e-06 -1.96e-06 -1.46e-06 -8.66e-07 -3.95e-07 -1.31e-07 -3.03e-08 -4.69e-09 -4.57e-10 -2.53e-11 -6.05e-13 0.00e+00 0.00e+00 0.00e+00 0.00e+00 0.00e+00 0.00e+00 0.00e+00 0.00e+00 0.00e+00 0.00e+00 0.00e+00 0.00e+00 0.00e+00 0.00e+00 0.00e+00 0.00e+00 0.00e+00 0.00e+00 0.00e+00 -0.00e+00 
-0.00e+00 0.00e+00 0.00e+00 0.00e+00 0.00e+00 0.00e+00 0.00e+00 0.00e+00 0.00e+00 0.00e+00 0.00e+00 0.00e+00 0.00e+00 0.00e+00 0.00e+00 0.00e+00 0.00e+00 0.00e+00 0.00e+00 0.00e+00 0.00e+00 -3.18e-13 -1.20e-11 -1.93e-10 -1.74e-09 -9.78e-09 -3.62e-08 -9.28e-08 -1.72e-07 -2.45e-07 -2.75e-07 -2.45e-07 -1.72e-07 -9.28e-08 -3.62e-08 -9.78e-09 -1.74e-09 -1.93e-10 -1.20e-11 -3.18e-13 0.00e+00 0.00e+00 0.00e+00 0.00e+00 0.00e+00 0.00e+00 0.00e+00 0.00e+00 0.00e+00 0.00e+00 0.00e+00 0.00e+00 0.00e+00 0.00e+00 0.00e+00 0.00e+00 0.00e+00 0.00e+00 0.00e+00 0.00e+00 -0.00e+00 
-0.00e+00 0.00e+00 0.00e+00 0.00e+00 0.00e+00 0.00e+00 0.00e+00 0.00e+00 0.00e+00 0.00e+00 0.00e+00 0.00e+00 0.00e+00 0.00e+00 0.00e+00 0.00e+00 0.00e+00 0.00e+00 0.00e+00 0.00e+00 0.00e+00 0.00e+00 -1.43e-13 -4.81e-12 -6.78e-11 -5.28e-10 -2.51e-09 -7.78e-09 -1.64e-08 -2.50e-08 -2.86e-08 -2.50e-08 -1.64e-08 -7.78e-09 -2.51e-09 -5.28e-10 -6.78e-11 -4.81e-12 -1.43e-13 0.00e+00 0.00e+00 0.00e+00 0.00e+00 0.00e+00 0.00e+00 0.00e+00 0.00e+00 0.00e+00 0.00e+00 0.00e+00 0.00e+00 0.00e+00 0.00e+00 0.00e+00 0.00e+00 0.00e+00 0.00e+00 0.00e+00 0.00e+00 0.00e+00 -0.00e+00 
-0.00e+00 0.00e+00 0.00e+00 0.00e+00 0.00e+00 0.00e+00 0.00e+00 0.00e+00 0.00e+00 0.00e+00 0.00e+00 0.00e+00 0.00e+00 0.00e+00 0.00e+00 0.00e+00 0.00e+00 0.00e+00 0.00e+00 0.00e+00 0.00e+00 0.00e+00 0.00e+00 -5.46e-14 -1.60e-12 -1.94e-11 -1.27e-10 -4.99e-10 -1.24e-09 -2.06e-09 -2.43e-09 -2.06e-09 -1.24e-09 -4.99e-10 -1.27e-10 -1.94e-11 -1.60e-12 -5.46e-14 0.00e+00 0.00e+00 0.00e+00 0.00e+00 0.00e+00 0.00e+00 0.00e+00 0.00e+00 0.00e+00 0.00e+00 0.00e+00 0.00e+00 0.00e+00 0.00e+00 0.00e+00 0.00e+00 0.00e+00 0.00e+00 0.00e+00 0.00e+00 0.00e+00 0.00e+00 -0.00e+00 
-0.00e+00 0.00e+00 0.00e+00 0.00e+00 0.00e+00 0.00e+00 0.00e+00 0.00e+00 0.00e+00 0.00e+00 0.00e+00 0.00e+00 0.00e+00 0.00e+00 0.00e+00 0.00e+00 0.00e+00 0.00e+00 0.00e+00 0.00e+00 0.00e+00 0.00e+00 0.00e+00 0.00e+00 -1.74e-14 -4.37e-13 -4.44e-12 -2.36e-11 -7.25e-11 -1.36e-10 -1.66e-10 -1.36e-10 -7.25e-11 -2.36e-11 -4.44e-12 -4.37e-13 -1.74e-14 0.00e+00 0.00e+00 0.00e+00 0.00e+00 0.00e+00 0.00e+00 0.00e+00 0.00e+00 0.00e+00 0.00e+00 0.00e+00 0.00e+00 0.00e+00 0.00e+00 0.00e+00 0.00e+00 0.00e+00 0.00e+00 0.00e+00 0.00e+00 0.00e+00 0.00e+00 0.00e+00 -0.00e+00 
-0.00e+00 0.00e+00 0.00e+00 0.00e+00 0.00e+00 0.00e+00 0.00e+00 0.00e+00 0.00e+00 0.00e+00 0.00e+00 0.00e+00 0.00e+00 0.00e+00 0.00e+00 0.00e+00 0.00e+00 0.00e+00 0.00e+00 0.00e+00 0.00e+00 0.00e+00 0.00e+00 0.00e+00 0.00e+00 -4.53e-15 -9.51e-14 -7.77e-13 -3.18e-12 -7.08e-12 -9.10e-12 -7.08e-12 -3.18e-12 -7.77e-13 -9.51e-14 -4.53e-15 0.00e+00 0.00e+00 0.00e+00 0.00e+00 0.00e+00 0.00e+00 0.00e+00 0.00e+00 0.00e+00 0.00e+00 0.00e+00 0.00e+00 0.00e+00 0.00e+00 0.00e+00 0.00e+00 0.00e+00 0.00e+00 0.00e+00 0.00e+00 0.00e+00 0.00e+00 0.00e+00 0.00e+00 -0.00e+00 
-0.00e+00 0.00e+00 0.00e+00 0.00e+00 0.00e+00 0.00e+00 0.00e+00 0.00e+00 0.00e+00 0.00e+00 0.00e+00 0.00e+00 0.00e+00 0.00e+00 0.00e+00 0.00e+00 0.00e+00 0.00e+00 0.00e+00 0.00e+00 0.00e+00 0.00e+00 0.00e+00 0.00e+00 0.00e+00 0.00e+00 -9.44e-16 -1.59e-14 -9.81e-14 -2.81e-13 -3.93e-13 -2.81e-13 -9.81e-14 -1.59e-14 -9.44e-16 0.00e+00 0.00e+00 0.00e+00 0.00e+00 0.00e+00 0.00e+00 0.00e+00 0.00e+00 0.00e+00 0.00e+00 0.00e+00 0.00e+00 0.00e+00 0.00e+00 0.00e+00 0.00e+00 0.00e+00 0.00e+00 0.00e+00 0.00e+00 0.00e+00 0.00e+00 0.00e+00 0.00e+00 0.00e+00 -0.00e+00 
-0.00e+00 0.00e+00 0.00e+00 0.00e+00 0.00e+00 0.00e+00 0.00e+00 0.00e+00 0.00e+00 0.00e+00 0.00e+00 0.00e+00 0.00e+00 0.00e+00 0.00e+00 0.00e+00 0.00e+00 0.00e+00 0.00e+00 0.00e+00 0.00e+00 0.00e+00 0.00e+00 0.00e+00 0.00e+00 0.00e+00 0.00e+00 -1.51e-16 -1.90e-15 -8.01e-15 -1.31e-14 -8.01e-15 -1.90e-15 -1.51e-16 0.00e+00 0.00e+00 0.00e+00 0.00e+00 0.00e+00 0.00e+00 0.00e+00 0.00e+00 0.00e+00 0.00e+00 0.00e+00 0.00e+00 0.00e+00 0.00e+00 0.00e+00 0.00e+00 0.00e+00 0.00e+00 0.00e+00 0.00e+00 0.00e+00 0.00e+00 0.00e+00 0.00e+00 0.00e+00 0.00e+00 -0.00e+00 
-0.00e+00 0.00e+00 0.00e+00 0.00e+00 0.00e+00 0.00e+00 0.00e+00 0.00e+00 0.00e+00 0.00e+00 0.00e+00 0.00e+00 0.00e+00 0.00e+00 0.00e+00 0.00e+00 0.00e+00 0.00e+00 0.00e+00 0.00e+00 0.00e+00 0.00e+00 0.00e+00 0.00e+00 0.00e+00 0.00e+00 0.00e+00 0.00e+00 -1.74e-17 -1.46e-16 -3.25e-16 -1.46e-16 -1.74e-17 0.00e+00 0.00e+00 0.00e+00 0.00e+00 0.00e+00 0.00e+00 0.00e+00 0.00e+00 0.00e+00 0.00e+00 0.00e+00 0.00e+00 0.00e+00 0.00e+00 0.00e+00 0.00e+00 0.00e+00 0.00e+00 0.00e+00 0.00e+00 0.00e+00 0.00e+00 0.00e+00 0.00e+00 0.00e+00 0.00e+00 0.00e+00 -0.00e+00 
-0.00e+00 0.00e+00 0.00e+00 0.00e+00 0.00e+00 0.00e+00 0.00e+00 0.00e+00 0.00e+00 0.00e+00 0.00e+00 0.00e+00 0.00e+00 0.00e+00 0.00e+00 0.00e+00 0.00e+00 0.00e+00 0.00e+00 0.00e+00 0.00e+00 0.00e+00 0.00e+00 0.00e+00 0.00e+00 0.00e+00 0.00e+00 0.00e+00 0.00e+00 -1.29e-18 -5.43e-18 -1.29e-18 0.00e+00 0.00e+00 0.00e+00 0.00e+00 0.00e+00 0.00e+00 0.00e+00 0.00e+00 0.00e+00 0.00e+00 0.00e+00 0.00e+00 0.00e+00 0.00e+00 0.00e+00 0.00e+00 0.00e+00 0.00e+00 0.00e+00 0.00e+00 0.00e+00 0.00e+00 0.00e+00 0.00e+00 0.00e+00 0.00e+00 0.00e+00 0.00e+00 -0.00e+00 
-0.00e+00 0.00e+00 0.00e+00 0.00e+00 0.00e+00 0.00e+00 0.00e+00 0.00e+00 0.00e+00 0.00e+00 0.00e+00 0.00e+00 0.00e+00 0.00e+00 0.00e+00 0.00e+00 0.00e+00 0.00e+00 0.00e+00 0.00e+00 0.00e+00 0.00e+00 0.00e+00 0.00e+00 0.00e+00 0.00e+00 0.00e+00 0.00e+00 0.00e+00 0.00e+00 -4.61e-20 0.00e+00 0.00e+00 0.00e+00 0.00e+00 0.00e+00 0.00e+00 0.00e+00 0.00e+00 0.00e+00 0.00e+00 0.00e+00 0.00e+00 0.00e+00 0.00e+00 0.00e+00 0.00e+00 0.00e+00 0.00e+00 0.00e+00 0.00e+00 0.00e+00 0.00e+00 0.00e+00 0.00e+00 0.00e+00 0.00e+00 0.00e+00 0.00e+00 0.00e+00 -0.00e+00 
-0.00e+00 0.00e+00 0.00e+00 0.00e+00 0.00e+00 0.00e+00 0.00e+00 0.00e+00 0.00e+00 0.00e+00 0.00e+00 0.00e+00 0.00e+00 0.00e+00 0.00e+00 0.00e+00 0.00e+00 0.00e+00 0.00e+00 0.00e+00 0.00e+00 0.00e+00 0.00e+00 0.00e+00 0.00e+00 0.00e+00 0.00e+00 0.00e+00 0.00e+00 0.00e+00 0.00e+00 0.00e+00 0.00e+00 0.00e+00 0.00e+00 0.00e+00 0.00e+00 0.00e+00 0.00e+00 0.00e+00 0.00e+00 0.00e+00 0.00e+00 0.00e+00 0.00e+00 0.00e+00 0.00e+00 0.00e+00 0.00e+00 0.00e+00 0.00e+00 0.00e+00 0.00e+00 0.00e+00 0.00e+00 0.00e+00 0.00e+00 0.00e+00 0.00e+00 0.00e+00 -0.00e+00 
0.00e+00 -0.00e+00 -0.00e+00 -0.00e+00 -0.00e+00 -0.00e+00 -0.00e+00 -0.00e+00 -0.00e+00 -0.00e+00 -0.00e+00 -0.00e+00 -0.00e+00 -0.00e+00 -0.00e+00 -0.00e+00 -0.00e+00 -0.00e+00 -0.00e+00 -0.00e+00 -0.00e+00 -0.00e+00 -0.00e+00 -0.00e+00 -0.00e+00 -0.00e+00 -0.00e+00 -0.00e+00 -0.00e+00 -0.00e+00 -0.00e+00 -0.00e+00 -0.00e+00 -0.00e+00 -0.00e+00 -0.00e+00 -0.00e+00 -0.00e+00 -0.00e+00 -0.00e+00 -0.00e+00 -0.00e+00 -0.00e+00 -0.00e+00 -0.00e+00 -0.00e+00 -0.00e+00 -0.00e+00 -0.00e+00 -0.00e+00 -0.00e+00 -0.00e+00 -0.00e+00 -0.00e+00 -0.00e+00 -0.00e+00 -0.00e+00 -0.00e+00 -0.00e+00 -0.00e+00 0.00e+00 
