0.00e+00 -0.00e+00 -0.00e+00 -0.00e+00 -0.00e+00 -0.00e+00 -0.00e+00 -0.00e+00 -0.00e+00 -0.00e+00 -0.00e+00 -0.00e+00 -0.00e+00 -0.00e+00 -0.00e+00 -0.00e+00 -0.00e+00 -0.00e+00 -0.00e+00 -0.00e+00 -0.00e+00 -0.00e+00 -0.00e+00 -0.00e+00 -0.00e+00 -0.00e+00 -0.00e+00 -0.00e+00 -0.00e+00 -0.00e+00 -0.00e+00 -0.00e+00 -0.00e+00 -0.00e+00 -0.00e+00 -0.00e+00 -0.00e+00 -0.00e+00 -0.00e+00 -0.00e+00 -0.00e+00 -0.00e+00 -0.00e+00 -0.00e+00 -0.00e+00 -0.00e+00 -0.00e+00 -0.00e+00 -0.00e+00 -0.00e+00 -0.00e+00 -0.00e+00 -0.00e+00 -0.00e+00 -0.00e+00 -0.00e+00 -0.00e+00 -0.00e+00 -0.00e+00 -0.00e+00 0.00e+00 
-0.00e+00 0.00e+00 0.00e+00 0.00e+00 0.00e+00 0.00e+00 0.00e+00 0.00e+00 0.00e+00 0.00e+00 0.00e+00 0.00e+00 0.00e+00 0.00e+00 0.00e+00 0.00e+00 0.00e+00 0.00e+00 0.00e+00 0.00e+00 0.00e+00 0.00e+00 0.00e+00 0.00e+00 0.00e+00 0.00e+00 0.00e+00 0.00e+00 0.00e+00 0.00e+00 0.00e+00 0.00e+00 0.00e+00 0.00e+00 0.00e+00 0.00e+00 0.00e+00 0.00e+00 0.00e+00 0.00e+00 0.00e+00 0.00e+00 0.00e+00 0.00e+00 0.00e+00 0.00e+00 0.00e+00 0.00e+00 0.00e+00 0.00e+00 0.00e+00 0.00e+00 0.00e+00 0.00e+00 0.00e+00 0.00e+00 0.00e+00 0.00e+00 0.00e+00 0.00e+00 -0.00e+00 
-0.00e+00 0.00e+00 0.00e+00 0.00e+00 0.00e+00 0.00e+00 0.00e+00 0.00e+00 0.00e+00 0.00e+00 0.00e+00 0.00e+00 0.00e+00 0.00e+00 0.00e+00 0.00e+00 0.00e+00 0.00e+00 0.00e+00 0.00e+00 0.00e+00 0.00e+00 0.00e+00 0.00e+00 0.00e+00 0.00e+00 0.00e+00 0.00e+00 0.00e+00 0.00e+00 0.00e+00 0.00e+00 0.00e+00 0.00e+00 0.00e+00 0.00e+00 0.00e+00 0.00e+00 0.00e+00 0.00e+00 0.00e+00 0.00e+00 0.00e+00 0.00e+00 0.00e+00 0.00e+00 0.00e+00 0.00e+00 0.00e+00 0.00e+00 0.00e+00 0.00e+00 0.00e+00 0.00e+00 0.00e+00 0.00e+00 0.00e+00 0.00e+00 0.00e+00 0.00e+00 -0.00e+00 
-0.00e+00 0.00e+00 0.00e+00 0.00e+00 0.00e+00 0.00e+00 0.00e+00 0.00e+00 0.00e+00 0.00e+00 0.00e+00 0.00e+00 0.00e+00 0.00e+00 0.00e+00 0.00e+00 0.00e+00 0.00e+00 0.00e+00 0.00e+00 0.00e+00 0.00e+00 0.00e+00 0.00e+00 0.00e+00 0.00e+00 0.00e+00 0.00e+00 0.00e+00 0.00e+00 0.00e+00 0.00e+00 0.00e+00 0.00e+00 0.00e+00 0.00e+00 0.00e+00 0.00e+00 0.00e+00 0.00e+00 0.00e+00 0.00e+00 0.00e+00 0.00e+00 0.00e+00 0.00e+00 0.00e+00 0.00e+00 0.00e+00 0.00e+00 0.00e+00 0.00e+00 0.00e+00 0.00e+00 0.00e+00 0.00e+00 0.00e+00 0.00e+00 0.00e+00 0.00e+00 -0.00e+00 
-0.00e+00 0.00e+00 0.00e+00 0.00e+00 0.00e+00 0.00e+00 0.00e+00 0.00e+00 0.00e+00 0.00e+00 0.00e+00 0.00e+00 0.00e+00 0.00e+00 0.00e+00 0.00e+00 0.00e+00 0.00e+00 0.00e+00 0.00e+00 0.00e+00 0.00e+00 0.00e+00 0.00e+00 0.00e+00 0.00e+00 0.00e+00 0.00e+00 0.00e+00 0.00e+00 0.00e+00 0.00e+00 0.00e+00 0.00e+00 0.00e+00 0.00e+00 0.00e+00 0.00e+00 0.00e+00 0.00e+00 0.00e+00 0.00e+00 0.00e+00 0.00e+00 0.00e+00 0.00e+00 0.00e+00 0.00e+00 0.00e+00 0.00e+00 0.00e+00 0.00e+00 0.00e+00 0.00e+00 0.00e+00 0.00e+00 0.00e+00 0.00e+00 0.00e+00 0.00e+00 -0.00e+00 
-0.00e+00 0.00e+00 0.00e+00 0.00e+00 0.00e+00 0.00e+00 0.00e+00 0.00e+00 0.00e+00 0.00e+00 0.00e+00 0.00e+00 0.00e+00 0.00e+00 0.00e+00 0.00e+00 0.00e+00 0.00e+00 0.00e+00 0.00e+00 0.00e+00 0.00e+00 0.00e+00 0.00e+00 0.00e+00 0.00e+00 0.00e+00 0.00e+00 0.00e+00 0.00e+00 0.00e+00 0.00e+00 0.00e+00 0.00e+00 0.00e+00 0.00e+00 0.00e+00 0.00e+00 0.00e+00 0.00e+00 0.00e+00 0.00e+00 0.00e+00 0.00e+00 0.00e+00 0.00e+00 0.00e+00 0.00e+00 0.00e+00 0.00e+00 0.00e+00 0.00e+00 0.00e+00 0.00e+00 0.00e+00 0.00e+00 0.00e+00 0.00e+00 0.00e+00 0.00e+00 -0.00e+00 
-0.00e+00 0.00e+00 0.00e+00 0.00e+00 0.00e+00 0.00e+00 0.00e+00 0.00e+00 0.00e+00 0.00e+00 0.00e+00 0.00e+00 0.00e+00 0.00e+00 0.00e+00 0.00e+00 0.00e+00 0.00e+00 0.00e+00 0.00e+00 0.00e+00 0.00e+00 0.00e+00 0.00e+00 0.00e+00 0.00e+00 0.00e+00 0.00e+00 0.00e+00 0.00e+00 4.72e-17 0.00e+00 0.00e+00 0.00e+00 0.00e+00 0.00e+00 0.00e+00 0.00e+00 0.00e+00 0.00e+00 0.00e+00 0.00e+00 0.00e+00 0.00e+00 0.00e+00 0.00e+00 0.00e+00 0.00e+00 0.00e+00 0.00e+00 0.00e+00 0.00e+00 0.00e+00 0.00e+00 0.00e+00 0.00e+00 0.00e+00 0.00e+00 0.00e+00 0.00e+00 -0.00e+00 
-0.00e+00 0.00e+00 0.00e+00 0.00e+00 0.00e+00 0.00e+00 0.00e+00 0.00e+00 0.00e+00 0.00e+00 0.00e+00 0.00e+00 0.00e+00 0.00e+00 0.00e+00 0.00e+00 0.00e+00 0.00e+00 0.00e+00 0.00e+00 0.00e+00 0.00e+00 0.00e+00 0.00e+00 0.00e+00 0.00e+00 0.00e+00 0.00e+00 0.00e+00 1.09e-15 4.61e-15 1.09e-15 0.00e+00 0.00e+00 0.00e+00 0.00e+00 0.00e+00 0.00e+00 0.00e+00 0.00e+00 0.00e+00 0.00e+00 0.00e+00 0.00e+00 0.00e+00 0.00e+00 0.00e+00 0.00e+00 0.00e+00 0.00e+00 0.00e+00 0.00e+00 0.00e+00 0.00e+00 0.00e+00 0.00e+00 0.00e+00 0.00e+00 0.00e+00 0.00e+00 -0.00e+00 
-0.00e+00 0.00e+00 0.00e+00 0.00e+00 0.00e+00 0.00e+00 0.00e+00 0.00e+00 0.00e+00 0.00e+00 0.00e+00 0.00e+00 0.00e+00 0.00e+00 0.00e+00 0.00e+00 0.00e+00 0.00e+00 0.00e+00 0.00e+00 0.00e+00 0.00e+00 0.00e+00 0.00e+00 0.00e+00 0.00e+00 0.00e+00 0.00e+00 1.19e-14 1.01e-13 2.25e-13 1.01e-13 1.19e-14 0.00e+00 0.00e+00 0.00e+00 0.00e+00 0.00e+00 0.00e+00 0.00e+00 0.00e+00 0.00e+00 0.00e+00 0.00e+00 0.00e+00 0.00e+00 0.00e+00 0.00e+00 0.00e+00 0.00e+00 0.00e+00 0.00e+00 0.00e+00 0.00e+00 0.00e+00 0.00e+00 0.00e+00 0.00e+00 0.00e+00 0.00e+00 -0.00e+00 
-0.00e+00 0.00e+00 0.00e+00 0.00e+00 0.00e+00 0.00e+00 0.00e+00 0.00e+00 0.00e+00 0.00e+00 0.00e+00 0.00e+00 0.00e+00 0.00e+00 0.00e+00 0.00e+00 0.00e+00 0.00e+00 0.00e+00 0.00e+00 0.00e+00 0.00e+00 0.00e+00 0.00e+00 0.00e+00 0.00e+00 0.00e+00 8.36e-14 1.06e-12 4.48e-12 7.28e-12 4.48e-12 1.06e-12 8.36e-14 0.00e+00 0.00e+00 0.00e+00 0.00e+00 0.00e+00 0.00e+00 0.00e+00 0.00e+00 0.00e+00 0.00e+00 0.00e+00 0.00e+00 0.00e+00 0.00e+00 0.00e+00 0.00e+00 0.00e+00 0.00e+00 0.00e+00 0.00e+00 0.00e+00 0.00e+00 0.00e+00 0.00e+00 0.00e+00 0.00e+00 -0.00e+00 
-0.00e+00 0.00e+00 0.00e+00 0.00e+00 0.00e+00 0.00e+00 0.00e+00 0.00e+00 0.00e+00 0.00e+00 0.00e+00 0.00e+00 0.00e+00 0.00e+00 0.00e+00 0.00e+00 0.00e+00 0.00e+00 0.00e+00 0.00e+00 0.00e+00 0.00e+00 0.00e+00 0.00e+00 0.00e+00 0.00e+00 4.18e-13 7.09e-12 4.39e-11 1.24e-10 1.72e-10 1.24e-10 4.39e-11 7.09e-12 4.18e-13 0.00e+00 0.00e+00 0.00e+00 0.00e+00 0.00e+00 0.00e+00 0.00e+00 0.00e+00 0.00e+00 0.00e+00 0.00e+00 0.00e+00 0.00e+00 0.00e+00 0.00e+00 0.00e+00 0.00e+00 0.00e+00 0.00e+00 0.00e+00 0.00e+00 0.00e+00 0.00e+00 0.00e+00 0.00e+00 -0.00e+00 
-0.00e+00 0.00e+00 0.00e+00 0.00e+00 0.00e+00 0.00e+00 0.00e+00 0.00e+00 0.00e+00 0.00e+00 0.00e+00 0.00e+00 0.00e+00 0.00e+00 0.00e+00 0.00e+00 0.00e+00 0.00e+00 0.00e+00 0.00e+00 0.00e+00 0.00e+00 0.00e+00 0.00e+00 0.00e+00 1.59e-12 3.37e-11 2.75e-10 1.11e-09 2.43e-09 3.08e-09 2.43e-09 1.11e-09 2.75e-10 3.37e-11 1.59e-12 0.00e+00 0.00e+00 0.00e+00 0.00e+00 0.00e+00 0.00e+00 0.00e+00 0.00e+00 0.00e+00 0.00e+00 0.00e+00 0.00e+00 0.00e+00 0.00e+00 0.00e+00 0.00e+00 0.00e+00 0.00e+00 0.00e+00 0.00e+00 0.00e+00 0.00e+00 0.00e+00 0.00e+00 -0.00e+00 
-0.00e+00 0.00e+00 0.00e+00 0.00e+00 0.00e+00 0.00e+00 0.00e+00 0.00e+00 0.00e+00 0.00e+00 0.00e+00 0.00e+00 0.00e+00 0.00e+00 0.00e+00 0.00e+00 0.00e+00 0.00e+00 0.00e+00 0.00e+00 0.00e+00 0.00e+00 0.00e+00 0.00e+00 4.77e-12 1.21e-10 1.23e-09 6.46e-09 1.94e-08 3.54e-08 4.27e-08 3.54e-08 1.94e-08 6.46e-09 1.23e-09 1.21e-10 4.77e-12 0.00e+00 0.00e+00 0.00e+00 0.00e+00 0.00e+00 0.00e+00 0.00e+00 0.00e+00 0.00e+00 0.00e+00 0.00e+00 0.00e+00 0.00e+00 0.00e+00 0.00e+00 0.00e+00 0.00e+00 0.00e+00 0.00e+00 0.00e+00 0.00e+00 0.00e+00 0.00e+00 -0.00e+00 
-0.00e+00 0.00e+00 0.00e+00 0.00e+00 0.00e+00 0.00e+00 0.00e+00 0.00e+00 0.00e+00 0.00e+00 0.00e+00 0.00e+00 0.00e+00 0.00e+00 0.00e+00 0.00e+00 0.00e+00 0.00e+00 0.00e+00 0.00e+00 0.00e+00 0.00e+00 0.00e+00 1.16e-11 3.43e-10 4.16e-09 2.69e-08 1.03e-07 2.46e-07 3.97e-07 4.63e-07 3.97e-07 2.46e-07 1.03e-07 2.69e-08 4.16e-09 3.43e-10 1.16e-11 0.00e+00 0.00e+00 0.00e+00 0.00e+00 0.00e+00 0.00e+00 0.00e+00 0.00e+00 0.00e+00 0.00e+00 0.00e+00 0.00e+00 0.00e+00 0.00e+00 0.00e+00 0.00e+00 0.00e+00 0.00e+00 0.00e+00 0.00e+00 0.00e+00 0.00e+00 -0.00e+00 
-0.00e+00 0.00e+00 0.00e+00 0.00e+00 0.00e+00 0.00e+00 0.00e+00 0.00e+00 0.00e+00 0.00e+00 0.00e+00 0.00e+00 0.00e+00 0.00e+00 0.00e+00 0.00e+00 0.00e+00 0.00e+00 0.00e+00 0.00e+00 0.00e+00 0.00e+00 2.32e-11 7.83e-10 1.10e-08 8.48e-08 3.94e-07 1.17e-06 2.36e-06 3.49e-06 3.96e-06 3.49e-06 2.36e-06 1.17e-06 3.94e-07 8.48e-08 1.10e-08 7.83e-10 2.32e-11 0.00e+00 0.00e+00 0.00e+00 0.00e+00 0.00e+00 0.00e+00 0.00e+00 0.00e+00 0.00e+00 0.00e+00 0.00e+00 0.00e+00 0.00e+00 0.00e+00 0.00e+00 0.00e+00 0.00e+00 0.00e+00 0.00e+00 0.00e+00 0.00e+00 -0.00e+00 
-0.00e+00 0.00e+00 0.00e+00 0.00e+00 0.00e+00 0.00e+00 0.00e+00 0.00e+00 0.00e+00 0.00e+00 0.00e+00 0.00e+00 0.00e+00 0.00e+00 0.00e+00 0.00e+00 0.00e+00 0.00e+00 0.00e+00 0.00e+00 0.00e+00 3.86e-11 1.47e-09 2.36e-08 2.10e-07 1.15e-06 4.07e-06 9.86e-06 1.75e-05 2.41e-05 2.67e-05 2.41e-05 1.75e-05 9.86e-06 4.07e-06 1.15e-06 2.10e-07 2.36e-08 1.47e-09 3.86e-11 0.00e+00 0.00e+00 0.00e+00 0.00e+00 0.00e+00 0.00e+00 0.00e+00 0.00e+00 0.00e+00 0.00e+00 0.00e+00 0.00e+00 0.00e+00 0.00e+00 0.00e+00 0.00e+00 0.00e+00 0.00e+00 0.00e+00 0.00e+00 -0.00e+00 
-0.00e+00 0.00e+00 0.00e+00 0.00e+00 0.00e+00 0.00e+00 0.00e+00 0.00e+00 0.00e+00 0.00e+00 0.00e+00 0.00e+00 0.00e+00 0.00e+00 0.00e+00 0.00e+00 0.00e+00 0.00e+00 0.00e+00 0.00e+00 5.40e-11 2.28e-09 4.11e-08 4.16e-07 2.62e-06 1.08e-05 3.06e-05 6.29e-05 1.00e-04 1.31e-04 1.43e-04 1.31e-04 1.00e-04 6.29e-05 3.06e-05 1.08e-05 2.62e-06 4.16e-07 4.11e-08 2.28e-09 5.40e-11 0.00e+00 0.00e+00 0.00e+00 0.00e+00 0.00e+00 0.00e+00 0.00e+00 0.00e+00 0.00e+00 0.00e+00 0.00e+00 0.00e+00 0.00e+00 0.00e+00 0.00e+00 0.00e+00 0.00e+00 0.00e+00 0.00e+00 -0.00e+00 
-0.00e+00 0.00e+00 0.00e+00 0.00e+00 0.00e+00 0.00e+00 0.00e+00 0.00e+00 0.00e+00 0.00e+00 0.00e+00 0.00e+00 0.00e+00 0.00e+00 0.00e+00 0.00e+00 0.00e+00 0.00e+00 0.00e+00 6.38e-11 2.96e-09 5.92e-08 6.70e-07 4.77e-06 2.25e-05 7.31e-05 1.71e-04 3.07e-04 4.54e-04 5.69e-04 6.12e-04 5.69e-04 4.54e-04 3.07e-04 1.71e-04 7.31e-05 2.25e-05 4.77e-06 6.70e-07 5.92e-08 2.96e-09 6.38e-11 0.00e+00 0.00e+00 0.00e+00 0.00e+00 0.00e+00 0.00e+00 0.00e+00 0.00e+00 0.00e+00 0.00e+00 0.00e+00 0.00e+00 0.00e+00 0.00e+00 0.00e+00 0.00e+00 0.00e+00 0.00e+00 -0.00e+00 
-0.00e+00 0.00e+00 0.00e+00 0.00e+00 0.00e+00 0.00e+00 0.00e+00 0.00e+00 0.00e+00 0.00e+00 0.00e+00 0.00e+00 0.00e+00 0.00e+00 0.00e+00 0.00e+00 0.00e+00 0.00e+00 6.38e-11 3.22e-09 7.07e-08 8.87e-07 7.06e-06 3.75e-05 1.37e-04 3.60e-04 7.18e-04 1.17e-03 1.63e-03 1.97e-03 2.10e-03 1.97e-03 1.63e-03 1.17e-03 7.18e-04 3.60e-04 1.37e-04 3.75e-05 7.06e-06 8.87e-07 7.07e-08 3.22e-09 6.38e-11 0.00e+00 0.00e+00 0.00e+00 0.00e+00 0.00e+00 0.00e+00 0.00e+00 0.00e+00 0.00e+00 0.00e+00 0.00e+00 0.00e+00 0.00e+00 0.00e+00 0.00e+00 0.00e+00 0.00e+00 -0.00e+00 
-0.00e+00 0.00e+00 0.00e+00 0.00e+00 0.00e+00 0.00e+00 0.00e+00 0.00e+00 0.00e+00 0.00e+00 0.00e+00 0.00e+00 0.00e+00 0.00e+00 0.00e+00 0.00e+00 0.00e+00 5.40e-11 2.95e-09 7.05e-08 9.69e-07 8.52e-06 5.03e-05 2.06e-04 6.01e-04 1.31e-03 2.32e-03 3.52e-03 4.71e-03 5.60e-03 5.93e-03 5.60e-03 4.71e-03 3.52e-03 2.32e-03 1.31e-03 6.01e-04 2.06e-04 5.03e-05 8.52e-06 9.69e-07 7.05e-08 2.95e-09 5.40e-11 0.00e+00 0.00e+00 0.00e+00 0.00e+00 0.00e+00 0.00e+00 0.00e+00 0.00e+00 0.00e+00 0.00e+00 0.00e+00 0.00e+00 0.00e+00 0.00e+00 0.00e+00 0.00e+00 -0.00e+00 
-0.00e+00 0.00e+00 0.00e+00 0.00e+00 0.00e+00 0.00e+00 0.00e+00 0.00e+00 0.00e+00 0.00e+00 0.00e+00 0.00e+00 0.00e+00 0.00e+00 0.00e+00 0.00e+00 3.86e-11 2.26e-09 5.85e-08 8.75e-07 8.43e-06 5.49e-05 2.49e-04 8.02e-04 1.92e-03 3.64e-03 5.96e-03 8.72e-03 1.14e-02 1.35e-02 1.42e-02 1.35e-02 1.14e-02 8.72e-03 5.96e-03 3.64e-03 1.92e-03 8.02e-04 2.49e-04 5.49e-05 8.43e-06 8.75e-07 5.85e-08 2.26e-09 3.86e-11 0.00e+00 0.00e+00 0.00e+00 0.00e+00 0.00e+00 0.00e+00 0.00e+00 0.00e+00 0.00e+00 0.00e+00 0.00e+00 0.00e+00 0.00e+00 0.00e+00 0.00e+00 -0.00e+00 
-0.00e+00 0.00e+00 0.00e+00 0.00e+00 0.00e+00 0.00e+00 0.00e+00 0.00e+00 0.00e+00 0.00e+00 0.00e+00 0.00e+00 0.00e+00 0.00e+00 0.00e+00 2.32e-11 1.45e-09 4.03e-08 6.51e-07 6.82e-06 4.86e-05 2.42e-04 8.61e-04 2.25e-03 4.61e-03 8.09e-03 1.29e-02 1.87e-02 2.45e-02 2.90e-02 3.06e-02 2.90e-02 2.45e-02 1.87e-02 1.29e-02 8.09e-03 4.61e-03 2.25e-03 8.61e-04 2.42e-04 4.86e-05 6.82e-06 6.51e-07 4.03e-08 1.45e-09 2.32e-11 0.00e+00 0.00e+00 0.00e+00 0.00e+00 0.00e+00 0.00e+00 0.00e+00 0.00e+00 0.00e+00 0.00e+00 0.00e+00 0.00e+00 0.00e+00 0.00e+00 -0.00e+00 
-0.00e+00 0.00e+00 0.00e+00 0.00e+00 0.00e+00 0.00e+00 0.00e+00 0.00e+00 0.00e+00 0.00e+00 0.00e+00 0.00e+00 0.00e+00 0.00e+00 1.16e-11 7.72e-10 2.29e-08 3.98e-07 4.50e-06 3.49e-05 1.90e-04 7.44e-04 2.13e-03 4.74e-03 8.97e-03 1.57e-02 2.52e-02 3.66e-02 4.84e-02 5.74e-02 6.08e-02 5.74e-02 4.84e-02 3.66e-02 2.52e-02 1.57e-02 8.97e-03 4.74e-03 2.13e-03 7.44e-04 1.90e-04 3.49e-05 4.50e-06 3.98e-07 2.29e-08 7.72e-10 1.16e-11 0.00e+00 0.00e+00 0.00e+00 0.00e+00 0.00e+00 0.00e+00 0.00e+00 0.00e+00 0.00e+00 0.00e+00 0.00e+00 0.00e+00 0.00e+00 -0.00e+00 
-0.00e+00 0.00e+00 0.00e+00 0.00e+00 0.00e+00 0.00e+00 0.00e+00 0.00e+00 0.00e+00 0.00e+00 0.00e+00 0.00e+00 0.00e+00 4.77e-12 3.36e-10 1.06e-08 1.97e-07 2.40e-06 2.01e-05 1.20e-04 5.15e-04 1.63e-03 3.99e-03 8.22e-03 1.56e-02 2.78e-02 4.49e-02 6.60e-02 8.81e-02 1.05e-01 1.12e-01 1.05e-01 8.81e-02 6.60e-02 4.49e-02 2.78e-02 1.56e-02 8.22e-03 3.99e-03 1.63e-03 5.15e-04 1.20e-04 2.01e-05 2.40e-06 1.97e-07 1.06e-08 3.36e-10 4.77e-12 0.00e+00 0.00e+00 0.00e+00 0.00e+00 0.00e+00 0.00e+00 0.00e+00 0.00e+00 0.00e+00 0.00e+00 0.00e+00 0.00e+00 -0.00e+00 
-0.00e+00 0.00e+00 0.00e+00 0.00e+00 0.00e+00 0.00e+00 0.00e+00 0.00e+00 0.00e+00 0.00e+00 0.00e+00 0.00e+00 1.59e-12 1.18e-10 3.93e-09 7.77e-08 1.01e-06 9.20e-06 5.98e-05 2.83e-04 9.96e-04 2.72e-03 6.20e-03 1.29e-02 2.50e-02 4.45e-02 7.25e-02 1.08e-01 1.47e-01 1.78e-01 1.91e-01 1.78e-01 1.47e-01 1.08e-01 7.25e-02 4.45e-02 2.50e-02 1.29e-02 6.20e-03 2.72e-03 9.96e-04 2.83e-04 5.98e-05 9.20e-06 1.01e-06 7.77e-08 3.93e-09 1.18e-10 1.59e-12 0.00e+00 0.00e+00 0.00e+00 0.00e+00 0.00e+00 0.00e+00 0.00e+00 0.00e+00 0.00e+00 0.00e+00 0.00e+00 -0.00e+00 
-0.00e+00 0.00e+00 0.00e+00 0.00e+00 0.00e+00 0.00e+00 0.00e+00 0.00e+00 0.00e+00 0.00e+00 0.00e+00 4.18e-13 3.25e-11 1.14e-09 2.39e-08 3.33e-07 3.25e-06 2.31e-05 1.21e-04 4.79e-04 1.48e-03 3.80e-03 8.64e-03 1.82e-02 3.52e-02 6.32e-02 1.05e-01 1.61e-01 2.24e-01 2.81e-01 3.06e-01 2.81e-01 2.24e-01 1.61e-01 1.05e-01 6.32e-02 3.52e-02 1.82e-02 8.64e-03 3.80e-03 1.48e-03 4.79e-04 1.21e-04 2.31e-05 3.25e-06 3.33e-07 2.39e-08 1.14e-09 3.25e-11 4.18e-13 0.00e+00 0.00e+00 0.00e+00 0.00e+00 0.00e+00 0.00e+00 0.00e+00 0.00e+00 0.00e+00 0.00e+00 -0.00e+00 
-0.00e+00 0.00e+00 0.00e+00 0.00e+00 0.00e+00 0.00e+00 0.00e+00 0.00e+00 0.00e+00 0.00e+00 8.36e-14 6.76e-12 2.48e-10 5.48e-09 8.12e-08 8.57e-07 6.65e-06 3.89e-05 1.75e-04 6.25e-04 1.83e-03 4.60e-03 1.04e-02 2.19e-02 4.30e-02 7.89e-02 1.34e-01 2.13e-01 3.13e-01 4.15e-01 4.71e-01 4.15e-01 3.13e-01 2.13e-01 1.34e-01 7.89e-02 4.30e-02 2.19e-02 1.04e-02 4.60e-03 1.83e-03 6.25e-04 1.75e-04 3.89e-05 6.65e-06 8.57e-07 8.12e-08 5.48e-09 2.48e-10 6.76e-12 8.36e-14 0.00e+00 0.00e+00 0.00e+00 0.00e+00 0.00e+00 0.00e+00 0.00e+00 0.00e+00 0.00e+00 -0.00e+00 
-0.00e+00 0.00e+00 0.00e+00 0.00e+00 0.00e+00 0.00e+00 0.00e+00 0.00e+00 0.00e+00 1.19e-14 9.93e-13 3.78e-11 8.74e-10 1.38e-08 1.57e-07 1.35e-06 8.94e-06 4.65e-05 1.93e-04 6.53e-04 1.85e-03 4.56e-03 1.04e-02 2.21e-02 4.42e-02 8.25e-02 1.46e-01 2.46e-01 3.93e-01 5.80e-01 7.28e-01 5.80e-01 3.93e-01 2.46e-01 1.46e-01 8.25e-02 4.42e-02 2.21e-02 1.04e-02 4.56e-03 1.85e-03 6.53e-04 1.93e-04 4.65e-05 8.94e-06 1.35e-06 1.57e-07 1.38e-08 8.74e-10 3.78e-11 9.93e-13 1.19e-14 0.00e+00 0.00e+00 0.00e+00 0.00e+00 0.00e+00 0.00e+00 0.00e+00 0.00e+00 -0.00e+00 
-0.00e+00 0.00e+00 0.00e+00 0.00e+00 0.00e+00 0.00e+00 0.00e+00 0.00e+00 1.09e-15 9.06e-14 3.50e-12 8.38e-11 1.40e-09 1.75e-08 1.69e-07 1.29e-06 7.91e-06 3.88e-05 1.54e-04 4.99e-04 1.38e-03 3.44e-03 7.88e-03 1.69e-02 3.41e-02 6.58e-02 1.23e-01 2.25e-01 4.12e-01 7.54e-01 1.24e+00 7.54e-01 4.12e-01 2.25e-01 1.23e-01 6.58e-02 3.41e-02 1.69e-02 7.88e-03 3.44e-03 1.38e-03 4.99e-04 1.54e-04 3.88e-05 7.91e-06 1.29e-06 1.69e-07 1.75e-08 1.40e-09 8.38e-11 3.50e-12 9.06e-14 1.09e-15 0.00e+00 0.00e+00 0.00e+00 0.00e+00 0.00e+00 0.00e+00 0.00e+00 -0.00e+00 
-0.00e+00 0.00e+00 0.00e+00 0.00e+00 0.00e+00 0.00e+00 0.00e+00 4.72e-17 3.57e-15 1.27e-13 2.93e-12 5.05e-11 7.02e-10 8.00e-09 7.39e-08 5.45e-07 3.19e-06 1.51e-05 5.82e-05 1.89e-04 5.24e-04 1.28e-03 2.92e-03 6.37e-03 1.32e-02 2.61e-02 5.14e-02 1.07e-01 2.55e-01 7.40e-01 2.65e+00 7.40e-01 2.55e-01 1.07e-01 5.14e-02 2.61e-02 1.32e-02 6.37e-03 2.92e-03 1.28e-03 5.24e-04 1.89e-04 5.82e-05 1.51e-05 3.19e-06 5.45e-07 7.39e-08 8.00e-09 7.02e-10 5.05e-11 2.93e-12 1.27e-13 3.57e-15 4.72e-17 0.00e+00 0.00e+00 0.00e+00 0.00e+00 0.00e+00 0.00e+00 -0.00e+00 
-0.00e+00 0.00e+00 0.00e+00 0.00e+00 0.00e+00 0.00e+00 0.00e+00 -4.72e-17 -3.57e-15 -1.27e-13 -2.93e-12 -5.05e-11 -7.02e-10 -8.00e-09 -7.39e-08 -5.45e-07 -3.19e-06 -1.51e-05 -5.82e-05 -1.89e-04 -5.24e-04 -1.28e-03 -2.92e-03 -6.37e-03 -1.32e-02 -2.61e-02 -5.14e-02 -1.07e-01 -2.55e-01 -7.40e-01 -2.65e+00 -7.40e-01 -2.55e-01 -1.07e-01 -5.14e-02 -2.61e-02 -1.32e-02 -6.37e-03 -2.92e-03 -1.28e-03 -5.24e-04 -1.89e-04 -5.82e-05 -1.51e-05 -3.19e-06 -5.45e-07 -7.39e-08 -8.00e-09 -7.02e-10 -5.05e-11 -2.93e-12 -1.27e-13 -3.57e-15 -4.72e-17 0.00e+00 0.00e+00 0.00e+00 0.00e+00 0.00e+00 0.00e+00 -0.00e+00 
-0.00e+00 0.00e+00 0.00e+00 0.00e+00 0.00e+00 0.00e+00 0.00e+00 0.00e+00 -1.09e-15 -9.06e-14 -3.50e-12 -8.38e-11 -1.40e-09 -1.75e-08 -1.69e-07 -1.29e-06 -7.91e-06 -3.88e-05 -1.54e-04 -4.99e-04 -1.38e-03 -3.44e-03 -7.88e-03 -1.69e-02 -3.41e-02 -6.58e-02 -1.23e-01 -2.25e-01 -4.12e-01 -7.54e-01 -1.24e+00 -7.54e-01 -4.12e-01 -2.25e-01 -1.23e-01 -6.58e-02 -3.41e-02 -1.69e-02 -7.88e-03 -3.44e-03 -1.38e-03 -4.99e-04 -1.54e-04 -3.88e-05 -7.91e-06 -1.29e-06 -1.69e-07 -1.75e-08 -1.40e-09 -8.38e-11 -3.50e-12 -9.06e-14 -1.09e-15 0.00e+00 0.00e+00 0.00e+00 0.00e+00 0.00e+00 0.00e+00 0.00e+00 -0.00e+00 
-0.00e+00 0.00e+00 0.00e+00 0.00e+00 0.00e+00 0.00e+00 0.00e+00 0.00e+00 0.00e+00 -1.19e-14 -9.93e-13 -3.78e-11 -8.74e-10 -1.38e-08 -1.57e-07 -1.35e-06 -8.94e-06 -4.65e-05 -1.93e-04 -6.53e-04 -1.85e-03 -4.56e-03 -1.04e-02 -2.21e-02 -4.42e-02 -8.25e-02 -1.46e-01 -2.46e-01 -3.93e-01 -5.80e-01 -7.28e-01 -5.80e-01 -3.93e-01 -2.46e-01 -1.46e-01 -8.25e-02 -4.42e-02 -2.21e-02 -1.04e-02 -4.56e-03 -1.85e-03 -6.53e-04 -1.93e-04 -4.65e-05 -8.94e-06 -1.35e-06 -1.57e-07 -1.38e-08 -8.74e-10 -3.78e-11 -9.93e-13 -1.19e-14 0.00e+00 0.00e+00 0.00e+00 0.00e+00 0.00e+00 0.00e+00 0.00e+00 0.00e+00 -0.00e+00 
-0.00e+00 0.00e+00 0.00e+00 0.00e+00 0.00e+00 0.00e+00 0.00e+00 0.00e+00 0.00e+00 0.00e+00 -8.36e-14 -6.76e-12 -2.48e-10 -5.48e-09 -8.12e-08 -8.57e-07 -6.65e-06 -3.89e-05 -1.75e-04 -6.25e-04 -1.83e-03 -4.60e-03 -1.04e-02 -2.19e-02 -4.30e-02 -7.89e-02 -1.34e-01 -2.13e-01 -3.13e-01 -4.15e-01 -4.71e-01 -4.15e-01 -3.13e-01 -2.13e-01 -1.34e-01 -7.89e-02 -4.30e-02 -2.19e-02 -1.04e-02 -4.60e-03 -1.83e-03 -6.25e-04 -1.75e-04 -3.89e-05 -6.65e-06 -8.57e-07 -8.12e-08 -5.48e-09 -2.48e-10 -6.76e-12 -8.36e-14 0.00e+00 0.00e+00 0.00e+00 0.00e+00 0.00e+00 0.00e+00 0.00e+00 0.00e+00 0.00e+00 -0.00e+00 
-0.00e+00 0.00e+00 0.00e+00 0.00e+00 0.00e+00 0.00e+00 0.00e+00 0.00e+00 0.00e+00 0.00e+00 0.00e+00 -4.18e-13 -3.25e-11 -1.14e-09 -2.39e-08 -3.33e-07 -3.25e-06 -2.31e-05 -1.21e-04 -4.79e-04 -1.48e-03 -3.80e-03 -8.64e-03 -1.82e-02 -3.52e-02 -6.32e-02 -1.05e-01 -1.61e-01 -2.24e-01 -2.81e-01 -3.06e-01 -2.81e-01 -2.24e-01 -1.61e-01 -1.05e-01 -6.32e-02 -3.52e-02 -1.82e-02 -8.64e-03 -3.80e-03 -1.48e-03 -4.79e-04 -1.21e-04 -2.31e-05 -3.25e-06 -3.33e-07 -2.39e-08 -1.14e-09 -3.25e-11 -4.18e-13 0.00e+00 0.00e+00 0.00e+00 0.00e+00 0.00e+00 0.00e+00 0.00e+00 0.00e+00 0.00e+00 0.00e+00 -0.00e+00 
-0.00e+00 0.00e+00 0.00e+00 0.00e+00 0.00e+00 0.00e+00 0.00e+00 0.00e+00 0.00e+00 0.00e+00 0.00e+00 0.00e+00 -1.59e-12 -1.18e-10 -3.93e-09 -7.77e-08 -1.01e-06 -9.20e-06 -5.98e-05 -2.83e-04 -9.96e-04 -2.72e-03 -6.20e-03 -1.29e-02 -2.50e-02 -4.45e-02 -7.25e-02 -1.08e-01 -1.47e-01 -1.78e-01 -1.91e-01 -1.78e-01 -1.47e-01 -1.08e-01 -7.25e-02 -4.45e-02 -2.50e-02 -1.29e-02 -6.20e-03 -2.72e-03 -9.96e-04 -2.83e-04 -5.98e-05 -9.20e-06 -1.01e-06 -7.77e-08 -3.93e-09 -1.18e-10 -1.59e-12 0.00e+00 0.00e+00 0.00e+00 0.00e+00 0.00e+00 0.00e+00 0.00e+00 0.00e+00 0.00e+00 0.00e+00 0.00e+00 -0.00e+00 
-0.00e+00 0.00e+00 0.00e+00 0.00e+00 0.00e+00 0.00e+00 0.00e+00 0.00e+00 0.00e+00 0.00e+00 0.00e+00 0.00e+00 0.00e+00 -4.77e-12 -3.36e-10 -1.06e-08 -1.97e-07 -2.40e-06 -2.01e-05 -1.20e-04 -5.15e-04 -1.63e-03 -3.99e-03 -8.22e-03 -1.56e-02 -2.78e-02 -4.49e-02 -6.60e-02 -8.81e-02 -1.05e-01 -1.12e-01 -1.05e-01 -8.81e-02 -6.60e-02 -4.49e-02 -2.78e-02 -1.56e-02 -8.22e-03 -3.99e-03 -1.63e-03 -5.15e-04 -1.20e-04 -2.01e-05 -2.40e-06 -1.97e-07 -1.06e-08 -3.36e-10 -4.77e-12 0.00e+00 0.00e+00 0.00e+00 0.00e+00 0.00e+00 0.00e+00 0.00e+00 0.00e+00 0.00e+00 0.00e+00 0.00e+00 0.00e+00 -0.00e+00 
-0.00e+00 0.00e+00 0.00e+00 0.00e+00 0.00e+00 0.00e+00 0.00e+00 0.00e+00 0.00e+00 0.00e+00 0.00e+00 0.00e+00 0.00e+00 0.00e+00 -1.16e-11 -7.72e-10 -2.29e-08 -3.98e-07 -4.50e-06 -3.49e-05 -1.90e-04 -7.44e-04 -2.13e-03 -4.74e-03 -8.97e-03 -1.57e-02 -2.52e-02 -3.66e-02 -4.84e-02 -5.74e-02 -6.08e-02 -5.74e-02 -4.84e-02 -3.66e-02 -2.52e-02 -1.57e-02 -8.97e-03 -4.74e-03 -2.13e-03 -7.44e-04 -1.90e-04 -3.49e-05 -4.50e-06 -3.98e-07 -2.29e-08 -7.72e-10 -1.16e-11 0.00e+00 0.00e+00 0.00e+00 0.00e+00 0.00e+00 0.00e+00 0.00e+00 0.00e+00 0.00e+00 0.00e+00 0.00e+00 0.00e+00 0.00e+00 -0.00e+00 
-0.00e+00 0.00e+00 0.00e+00 0.00e+00 0.00e+00 0.00e+00 0.00e+00 0.00e+00 0.00e+00 0.00e+00 0.00e+00 0.00e+00 0.00e+00 0.00e+00 0.00e+00 -2.32e-11 -1.45e-09 -4.03e-08 -6.51e-07 -6.82e-06 -4.86e-05 -2.42e-04 -8.61e-04 -2.25e-03 -4.61e-03 -8.09e-03 -1.29e-02 -1.87e-02 -2.45e-02 -2.90e-02 -3.06e-02 -2.90e-02 -2.45e-02 -1.87e-02 -1.29e-02 -8.09e-03 -4.61e-03 -2.25e-03 -8.61e-04 -2.42e-04 -4.86e-05 -6.82e-06 -6.51e-07 -4.03e-08 -1.45e-09 -2.32e-11 0.00e+00 0.00e+00 0.00e+00 0.00e+00 0.00e+00 0.00e+00 0.00e+00 0.00e+00 0.00e+00 0.00e+00 0.00e+00 0.00e+00 0.00e+00 0.00e+00 -0.00e+00 
-0.00e+00 0.00e+00 0.00e+00 0.00e+00 0.00e+00 0.00e+00 0.00e+00 0.00e+00 0.00e+00 0.00e+00 0.00e+00 0.00e+00 0.00e+00 0.00e+00 0.00e+00 0.00e+00 -3.86e-11 -2.26e-09 -5.85e-08 -8.75e-07 -8.43e-06 -5.49e-05 -2.49e-04 -8.02e-04 -1.92e-03 -3.64e-03 -5.96e-03 -8.72e-03 -1.14e-02 -1.35e-02 -1.42e-02 -1.35e-02 -1.14e-02 -8.72e-03 -5.96e-03 -3.64e-03 -1.92e-03 -8.02e-04 -2.49e-04 -5.49e-05 -8.43e-06 -8.75e-07 -5.85e-08 -2.26e-09 -3.86e-11 0.00e+00 0.00e+00 0.00e+00 0.00e+00 0.00e+00 0.00e+00 0.00e+00 0.00e+00 0.00e+00 0.00e+00 0.00e+00 0.00e+00 0.00e+00 0.00e+00 0.00e+00 -0.00e+00 
-0.00e+00 0.00e+00 0.00e+00 0.00e+00 0.00e+00 0.00e+00 0.00e+00 0.00e+00 0.00e+00 0.00e+00 0.00e+00 0.00e+00 0.00e+00 0.00e+00 0.00e+00 0.00e+00 0.00e+00 -5.40e-11 -2.95e-09 -7.05e-08 -9.69e-07 -8.52e-06 -5.03e-05 -2.06e-04 -6.01e-04 -1.31e-03 -2.32e-03 -3.52e-03 -4.71e-03 -5.60e-03 -5.93e-03 -5.60e-03 -4.71e-03 -3.52e-03 -2.32e-03 -1.31e-03 -6.01e-04 -2.06e-04 -5.03e-05 -8.52e-06 -9.69e-07 -7.05e-08 -2.95e-09 -5.40e-11 0.00e+00 0.00e+00 0.00e+00 0.00e+00 0.00e+00 0.00e+00 0.00e+00 0.00e+00 0.00e+00 0.00e+00 0.00e+00 0.00e+00 0.00e+00 0.00e+00 0.00e+00 0.00e+00 -0.00e+00 
-0.00e+00 0.00e+00 0.00e+00 0.00e+00 0.00e+00 0.00e+00 0.00e+00 0.00e+00 0.00e+00 0.00e+00 0.00e+00 0.00e+00 0.00e+00 0.00e+00 0.00e+00 0.00e+00 0.00e+00 0.00e+00 -6.38e-11 -3.22e-09 -7.07e-08 -8.87e-07 -7.06e-06 -3.75e-05 -1.37e-04 -3.60e-04 -7.18e-04 -1.17e-03 -1.63e-03 -1.97e-03 -2.10e-03 -1.97e-03 -1.63e-03 -1.17e-03 -7.18e-04 -3.60e-04 -1.37e-04 -3.75e-05 -7.06e-06 -8.87e-07 -7.07e-08 -3.22e-09 -6.38e-11 0.00e+00 0.00e+00 0.00e+00 0.00e+00 0.00e+00 0.00e+00 0.00e+00 0.00e+00 0.00e+00 0.00e+00 0.00e+00 0.00e+00 0.00e+00 0.00e+00 0.00e+00 0.00e+00 0.00e+00 -0.00e+00 
-0.00e+00 0.00e+00 0.00e+00 0.00e+00 0.00e+00 0.00e+00 0.00e+00 0.00e+00 0.00e+00 0.00e+00 0.00e+00 0.00e+00 0.00e+00 0.00e+00 0.00e+00 0.00e+00 0.00e+00 0.00e+00 0.00e+00 -6.38e-11 -2.96e-09 -5.92e-08 -6.70e-07 -4.77e-06 -2.25e-05 -7.31e-05 -1.71e-04 -3.07e-04 -4.54e-04 -5.69e-04 -6.12e-04 -5.69e-04 -4.54e-04 -3.07e-04 -1.71e-04 -7.31e-05 -2.25e-05 -4.77e-06 -6.70e-07 -5.92e-08 -2.96e-09 -6.38e-11 0.00e+00 0.00e+00 0.00e+00 0.00e+00 0.00e+00 0.00e+00 0.00e+00 0.00e+00 0.00e+00 0.00e+00 0.00e+00 0.00e+00 0.00e+00 0.00e+00 0.00e+00 0.00e+00 0.00e+00 0.00e+00 -0.00e+00 
-0.00e+00 0.00e+00 0.00e+00 0.00e+00 0.00e+00 0.00e+00 0.00e+00 0.00e+00 0.00e+00 0.00e+00 0.00e+00 0.00e+00 0.00e+00 0.00e+00 0.00e+00 0.00e+00 0.00e+00 0.00e+00 0.00e+00 0.00e+00 -5.40e-11 -2.28e-09 -4.11e-08 -4.16e-07 -2.62e-06 -1.08e-05 -3.06e-05 -6.29e-05 -1.00e-04 -1.31e-04 -1.43e-04 -1.31e-04 -1.00e-04 -6.29e-05 -3.06e-05 -1.08e-05 -2.62e-06 -4.16e-07 -4.11e-08 -2.28e-09 -5.40e-11 0.00e+00 0.00e+00 0.00e+00 0.00e+00 0.00e+00 0.00e+00 0.00e+00 0.00e+00 0.00e+00 0.00e+00 0.00e+00 0.00e+00 0.00e+00 0.00e+00 0.00e+00 0.00e+00 0.00e+00 0.00e+00 0.00e+00 -0.00e+00 
-0.00e+00 0.00e+00 0.00e+00 0.00e+00 0.00e+00 0.00e+00 0.00e+00 0.00e+00 0.00e+00 0.00e+00 0.00e+00 0.00e+00 0.00e+00 0.00e+00 0.00e+00 0.00e+00 0.00e+00 0.00e+00 0.00e+00 0.00e+00 0.00e+00 -3.86e-11 -1.47e-09 -2.36e-08 -2.10e-07 -1.15e-06 -4.07e-06 -9.86e-06 -1.75e-05 -2.41e-05 -2.67e-05 -2.41e-05 -1.75e-05 -9.86e-06 -4.07e-06 -1.15e-06 -2.10e-07 -2.36e-08 -1.47e-09 -3.86e-11 0.00e+00 0.00e+00 0.00e+00 0.00e+00 0.00e+00 0.00e+00 0.00e+00 0.00e+00 0.00e+00 0.00e+00 0.00e+00 0.00e+00 0.00e+00 0.00e+00 0.00e+00 0.00e+00 0.00e+00 0.00e+00 0.00e+00 0.00e+00 -0.00e+00 
-0.00e+00 0.00e+00 0.00e+00 0.00e+00 0.00e+00 0.00e+00 0.00e+00 0.00e+00 0.00e+00 0.00e+00 0.00e+00 0.00e+00 0.00e+00 0.00e+00 0.00e+00 0.00e+00 0.00e+00 0.00e+00 0.00e+00 0.00e+00 0.00e+00 0.00e+00 -2.32e-11 -7.83e-10 -1.10e-08 -8.48e-08 -3.94e-07 -1.17e-06 -2.36e-06 -3.49e-06 -3.96e-06 -3.49e-06 -2.36e-06 -1.17e-06 -3.94e-07 -8.48e-08 -1.10e-08 -7.83e-10 -2.32e-11 0.00e+00 0.00e+00 0.00e+00 0.00e+00 0.00e+00 0.00e+00 0.00e+00 0.00e+00 0.00e+00 0.00e+00 0.00e+00 0.00e+00 0.00e+00 0.00e+00 0.00e+00 0.00e+00 0.00e+00 0.00e+00 0.00e+00 0.00e+00 0.00e+00 -0.00e+00 
-0.00e+00 0.00e+00 0.00e+00 0.00e+00 0.00e+00 0.00e+00 0.00e+00 0.00e+00 0.00e+00 0.00e+00 0.00e+00 0.00e+00 0.00e+00 0.00e+00 0.00e+00 0.00e+00 0.00e+00 0.00e+00 0.00e+00 0.00e+00 0.00e+00 0.00e+00 0.00e+00 -1.16e-11 -3.43e-10 -4.16e-09 -2.69e-08 -1.03e-07 -2.46e-07 -3.97e-07 -4.63e-07 -3.97e-07 -2.46e-07 -1.03e-07 -2.69e-08 -4.16e-09 -3.43e-10 -1.16e-11 0.00e+00 0.00e+00 0.00e+00 0.00e+00 0.00e+00 0.00e+00 0.00e+00 0.00e+00 0.00e+00 0.00e+00 0.00e+00 0.00e+00 0.00e+00 0.00e+00 0.00e+00 0.00e+00 0.00e+00 0.00e+00 0.00e+00 0.00e+00 0.00e+00 0.00e+00 -0.00e+00 
-0.00e+00 0.00e+00 0.00e+00 0.00e+00 0.00e+00 0.00e+00 0.00e+00 0.00e+00 0.00e+00 0.00e+00 0.00e+00 0.00e+00 0.00e+00 0.00e+00 0.00e+00 0.00e+00 0.00e+00 0.00e+00 0.00e+00 0.00e+00 0.00e+00 0.00e+00 0.00e+00 0.00e+00 -4.77e-12 -1.21e-10 -1.23e-09 -6.46e-09 -1.94e-08 -3.54e-08 -4.27e-08 -3.54e-08 -1.94e-08 -6.46e-09 -1.23e-09 -1.21e-10 -4.77e-12 0.00e+00 0.00e+00 0.00e+00 0.00e+00 0.00e+00 0.00e+00 0.00e+00 0.00e+00 0.00e+00 0.00e+00 0.00e+00 0.00e+00 0.00e+00 0.00e+00 0.00e+00 0.00e+00 0.00e+00 0.00e+00 0.00e+00 0.00e+00 0.00e+00 0.00e+00 0.00e+00 -0.00e+00 
-0.00e+00 0.00e+00 0.00e+00 0.00e+00 0.00e+00 0.00e+00 0.00e+00 0.00e+00 0.00e+00 0.00e+00 0.00e+00 0.00e+00 0.00e+00 0.00e+00 0.00e+00 0.00e+00 0.00e+00 0.00e+00 0.00e+00 0.00e+00 0.00e+00 0.00e+00 0.00e+00 0.00e+00 0.00e+00 -1.59e-12 -3.37e-11 -2.75e-10 -1.11e-09 -2.43e-09 -3.08e-09 -2.43e-09 -1.11e-09 -2.75e-10 -3.37e-11 -1.59e-12 0.00e+00 0.00e+00 0.00e+00 0.00e+00 0.00e+00 0.00e+00 0.00e+00 0.00e+00 0.00e+00 0.00e+00 0.00e+00 0.00e+00 0.00e+00 0.00e+00 0.00e+00 0.00e+00 0.00e+00 0.00e+00 0.00e+00 0.00e+00 0.00e+00 0.00e+00 0.00e+00 0.00e+00 -0.00e+00 
-0.00e+00 0.00e+00 0.00e+00 0.00e+00 0.00e+00 0.00e+00 0.00e+00 0.00e+00 0.00e+00 0.00e+00 0.00e+00 0.00e+00 0.00e+00 0.00e+00 0.00e+00 0.00e+00 0.00e+00 0.00e+00 0.00e+00 0.00e+00 0.00e+00 0.00e+00 0.00e+00 0.00e+00 0.00e+00 0.00e+00 -4.18e-13 -7.09e-12 -4.39e-11 -1.24e-10 -1.72e-10 -1.24e-10 -4.39e-11 -7.09e-12 -4.18e-13 0.00e+00 0.00e+00 0.00e+00 0.00e+00 0.00e+00 0.00e+00 0.00e+00 0.00e+00 0.00e+00 0.00e+00 0.00e+00 0.00e+00 0.00e+00 0.00e+00 0.00e+00 0.00e+00 0.00e+00 0.00e+00 0.00e+00 0.00e+00 0.00e+00 0.00e+00 0.00e+00 0.00e+00 0.00e+00 -0.00e+00 
-0.00e+00 0.00e+00 0.00e+00 0.00e+00 0.00e+00 0.00e+00 0.00e+00 0.00e+00 0.00e+00 0.00e+00 0.00e+00 0.00e+00 0.00e+00 0.00e+00 0.00e+00 0.00e+00 0.00e+00 0.00e+00 0.00e+00 0.00e+00 0.00e+00 0.00e+00 0.00e+00 0.00e+00 0.00e+00 0.00e+00 0.00e+00 -8.36e-14 -1.06e-12 -4.48e-12 -7.28e-12 -4.48e-12 -1.06e-12 -8.36e-14 0.00e+00 0.00e+00 0.00e+00 0.00e+00 0.00e+00 0.00e+00 0.00e+00 0.00e+00 0.00e+00 0.00e+00 0.00e+00 0.00e+00 0.00e+00 0.00e+00 0.00e+00 0.00e+00 0.00e+00 0.00e+00 0.00e+00 0.00e+00 0.00e+00 0.00e+00 0.00e+00 0.00e+00 0.00e+00 0.00e+00 -0.00e+00 
-0.00e+00 0.00e+00 0.00e+00 0.00e+00 0.00e+00 0.00e+00 0.00e+00 0.00e+00 0.00e+00 0.00e+00 0.00e+00 0.00e+00 0.00e+00 0.00e+00 0.00e+00 0.00e+00 0.00e+00 0.00e+00 0.00e+00 0.00e+00 0.00e+00 0.00e+00 0.00e+00 0.00e+00 0.00e+00 0.00e+00 0.00e+00 0.00e+00 -1.19e-14 -1.01e-13 -2.25e-13 -1.01e-13 -1.19e-14 0.00e+00 0.00e+00 0.00e+00 0.00e+00 0.00e+00 0.00e+00 0.00e+00 0.00e+00 0.00e+00 0.00e+00 0.00e+00 0.00e+00 0.00e+00 0.00e+00 0.00e+00 0.00e+00 0.00e+00 0.00e+00 0.00e+00 0.00e+00 0.00e+00 0.00e+00 0.00e+00 0.00e+00 0.00e+00 0.00e+00 0.00e+00 -0.00e+00 
-0.00e+00 0.00e+00 0.00e+00 0.00e+00 0.00e+00 0.00e+00 0.00e+00 0.00e+00 0.00e+00 0.00e+00 0.00e+00 0.00e+00 0.00e+00 0.00e+00 0.00e+00 0.00e+00 0.00e+00 0.00e+00 0.00e+00 0.00e+00 0.00e+00 0.00e+00 0.00e+00 0.00e+00 0.00e+00 0.00e+00 0.00e+00 0.00e+00 0.00e+00 -1.09e-15 -4.61e-15 -1.09e-15 0.00e+00 0.00e+00 0.00e+00 0.00e+00 0.00e+00 0.00e+00 0.00e+00 0.00e+00 0.00e+00 0.00e+00 0.00e+00 0.00e+00 0.00e+00 0.00e+00 0.00e+00 0.00e+00 0.00e+00 0.00e+00 0.00e+00 0.00e+00 0.00e+00 0.00e+00 0.00e+00 0.00e+00 0.00e+00 0.00e+00 0.00e+00 0.00e+00 -0.00e+00 
-0.00e+00 0.00e+00 0.00e+00 0.00e+00 0.00e+00 0.00e+00 0.00e+00 0.00e+00 0.00e+00 0.00e+00 0.00e+00 0.00e+00 0.00e+00 0.00e+00 0.00e+00 0.00e+00 0.00e+00 0.00e+00 0.00e+00 0.00e+00 0.00e+00 0.00e+00 0.00e+00 0.00e+00 0.00e+00 0.00e+00 0.00e+00 0.00e+00 0.00e+00 0.00e+00 -4.72e-17 0.00e+00 0.00e+00 0.00e+00 0.00e+00 0.00e+00 0.00e+00 0.00e+00 0.00e+00 0.00e+00 0.00e+00 0.00e+00 0.00e+00 0.00e+00 0.00e+00 0.00e+00 0.00e+00 0.00e+00 0.00e+00 0.00e+00 0.00e+00 0.00e+00 0.00e+00 0.00e+00 0.00e+00 0.00e+00 0.00e+00 0.00e+00 0.00e+00 0.00e+00 -0.00e+00 
-0.00e+00 0.00e+00 0.00e+00 0.00e+00 0.00e+00 0.00e+00 0.00e+00 0.00e+00 0.00e+00 0.00e+00 0.00e+00 0.00e+00 0.00e+00 0.00e+00 0.00e+00 0.00e+00 0.00e+00 0.00e+00 0.00e+00 0.00e+00 0.00e+00 0.00e+00 0.00e+00 0.00e+00 0.00e+00 0.00e+00 0.00e+00 0.00e+00 0.00e+00 0.00e+00 0.00e+00 0.00e+00 0.00e+00 0.00e+00 0.00e+00 0.00e+00 0.00e+00 0.00e+00 0.00e+00 0.00e+00 0.00e+00 0.00e+00 0.00e+00 0.00e+00 0.00e+00 0.00e+00 0.00e+00 0.00e+00 0.00e+00 0.00e+00 0.00e+00 0.00e+00 0.00e+00 0.00e+00 0.00e+00 0.00e+00 0.00e+00 0.00e+00 0.00e+00 0.00e+00 -0.00e+00 
-0.00e+00 0.00e+00 0.00e+00 0.00e+00 0.00e+00 0.00e+00 0.00e+00 0.00e+00 0.00e+00 0.00e+00 0.00e+00 0.00e+00 0.00e+00 0.00e+00 0.00e+00 0.00e+00 0.00e+00 0.00e+00 0.00e+00 0.00e+00 0.00e+00 0.00e+00 0.00e+00 0.00e+00 0.00e+00 0.00e+00 0.00e+00 0.00e+00 0.00e+00 0.00e+00 0.00e+00 0.00e+00 0.00e+00 0.00e+00 0.00e+00 0.00e+00 0.00e+00 0.00e+00 0.00e+00 0.00e+00 0.00e+00 0.00e+00 0.00e+00 0.00e+00 0.00e+00 0.00e+00 0.00e+00 0.00e+00 0.00e+00 0.00e+00 0.00e+00 0.00e+00 0.00e+00 0.00e+00 0.00e+00 0.00e+00 0.00e+00 0.00e+00 0.00e+00 0.00e+00 -0.00e+00 
-0.00e+00 0.00e+00 0.00e+00 0.00e+00 0.00e+00 0.00e+00 0.00e+00 0.00e+00 0.00e+00 0.00e+00 0.00e+00 0.00e+00 0.00e+00 0.00e+00 0.00e+00 0.00e+00 0.00e+00 0.00e+00 0.00e+00 0.00e+00 0.00e+00 0.00e+00 0.00e+00 0.00e+00 0.00e+00 0.00e+00 0.00e+00 0.00e+00 0.00e+00 0.00e+00 0.00e+00 0.00e+00 0.00e+00 0.00e+00 0.00e+00 0.00e+00 0.00e+00 0.00e+00 0.00e+00 0.00e+00 0.00e+00 0.00e+00 0.00e+00 0.00e+00 0.00e+00 0.00e+00 0.00e+00 0.00e+00 0.00e+00 0.00e+00 0.00e+00 0.00e+00 0.00e+00 0.00e+00 0.00e+00 0.00e+00 0.00e+00 0.00e+00 0.00e+00 0.00e+00 -0.00e+00 
-0.00e+00 0.00e+00 0.00e+00 0.00e+00 0.00e+00 0.00e+00 0.00e+00 0.00e+00 0.00e+00 0.00e+00 0.00e+00 0.00e+00 0.00e+00 0.00e+00 0.00e+00 0.00e+00 0.00e+00 0.00e+00 0.00e+00 0.00e+00 0.00e+00 0.00e+00 0.00e+00 0.00e+00 0.00e+00 0.00e+00 0.00e+00 0.00e+00 0.00e+00 0.00e+00 0.00e+00 0.00e+00 0.00e+00 0.00e+00 0.00e+00 0.00e+00 0.00e+00 0.00e+00 0.00e+00 0.00e+00 0.00e+00 0.00e+00 0.00e+00 0.00e+00 0.00e+00 0.00e+00 0.00e+00 0.00e+00 0.00e+00 0.00e+00 0.00e+00 0.00e+00 0.00e+00 0.00e+00 0.00e+00 0.00e+00 0.00e+00 0.00e+00 0.00e+00 0.00e+00 -0.00e+00 
-0.00e+00 0.00e+00 0.00e+00 0.00e+00 0.00e+00 0.00e+00 0.00e+00 0.00e+00 0.00e+00 0.00e+00 0.00e+00 0.00e+00 0.00e+00 0.00e+00 0.00e+00 0.00e+00 0.00e+00 0.00e+00 0.00e+00 0.00e+00 0.00e+00 0.00e+00 0.00e+00 0.00e+00 0.00e+00 0.00e+00 0.00e+00 0.00e+00 0.00e+00 0.00e+00 0.00e+00 0.00e+00 0.00e+00 0.00e+00 0.00e+00 0.00e+00 0.00e+00 0.00e+00 0.00e+00 0.00e+00 0.00e+00 0.00e+00 0.00e+00 0.00e+00 0.00e+00 0.00e+00 0.00e+00 0.00e+00 0.00e+00 0.00e+00 0.00e+00 0.00e+00 0.00e+00 0.00e+00 0.00e+00 0.00e+00 0.00e+00 0.00e+00 0.00e+00 0.00e+00 -0.00e+00 
-0.00e+00 0.00e+00 0.00e+00 0.00e+00 0.00e+00 0.00e+00 0.00e+00 0.00e+00 0.00e+00 0.00e+00 0.00e+00 0.00e+00 0.00e+00 0.00e+00 0.00e+00 0.00e+00 0.00e+00 0.00e+00 0.00e+00 0.00e+00 0.00e+00 0.00e+00 0.00e+00 0.00e+00 0.00e+00 0.00e+00 0.00e+00 0.00e+00 0.00e+00 0.00e+00 0.00e+00 0.00e+00 0.00e+00 0.00e+00 0.00e+00 0.00e+00 0.00e+00 0.00e+00 0.00e+00 0.00e+00 0.00e+00 0.00e+00 0.00e+00 0.00e+00 0.00e+00 0.00e+00 0.00e+00 0.00e+00 0.00e+00 0.00e+00 0.00e+00 0.00e+00 0.00e+00 0.00e+00 0.00e+00 0.00e+00 0.00e+00 0.00e+00 0.00e+00 0.00e+00 -0.00e+00 
0.00e+00 -0.00e+00 -0.00e+00 -0.00e+00 -0.00e+00 -0.00e+00 -0.00e+00 -0.00e+00 -0.00e+00 -0.00e+00 -0.00e+00 -0.00e+00 -0.00e+00 -0.00e+00 -0.00e+00 -0.00e+00 -0.00e+00 -0.00e+00 -0.00e+00 -0.00e+00 -0.00e+00 -0.00e+00 -0.00e+00 -0.00e+00 -0.00e+00 -0.00e+00 -0.00e+00 -0.00e+00 -0.00e+00 -0.00e+00 -0.00e+00 -0.00e+00 -0.00e+00 -0.00e+00 -0.00e+00 -0.00e+00 -0.00e+00 -0.00e+00 -0.00e+00 -0.00e+00 -0.00e+00 -0.00e+00 -0.00e+00 -0.00e+00 -0.00e+00 -0.00e+00 -0.00e+00 -0.00e+00 -0.00e+00 -0.00e+00 -0.00e+00 -0.00e+00 -0.00e+00 -0.00e+00 -0.00e+00 -0.00e+00 -0.00e+00 -0.00e+00 -0.00e+00 -0.00e+00 0.00e+00 
