1.84e-06 -1.84e-06 -4.97e-06 -1.85e-05 -5.04e-05 -9.51e-05 -1.18e-04 -8.87e-05 -2.84e-05 2.98e-05 8.47e-05 1.21e-04 1.43e-04 1.56e-04 1.59e-04 1.63e-04 1.59e-04 1.56e-04 1.43e-04 1.21e-04 8.47e-05 2.98e-05 -2.84e-05 -8.87e-05 -1.18e-04 -9.51e-05 -5.04e-05 -1.85e-05 -4.83e-06 -7.93e-07 7.93e-07 
-1.84e-06 1.84e-06 4.97e-06 1.85e-05 5.04e-05 9.51e-05 1.18e-04 8.87e-05 2.84e-05 -2.98e-05 -8.47e-05 -1.21e-04 -1.43e-04 -1.56e-04 -1.59e-04 -1.63e-04 -1.59e-04 -1.56e-04 -1.43e-04 -1.21e-04 -8.47e-05 -2.98e-05 2.84e-05 8.87e-05 1.18e-04 9.51e-05 5.04e-05 1.85e-05 4.83e-06 7.93e-07 -7.93e-07 
-1.08e-05 1.08e-05 2.44e-05 7.38e-05 1.65e-04 2.50e-04 2.41e-04 1.29e-04 6.58e-06 -9.98e-05 -1.90e-04 -2.32e-04 -2.65e-04 -2.73e-04 -2.79e-04 -2.79e-04 -2.79e-04 -2.73e-04 -2.65e-04 -2.32e-04 -1.90e-04 -9.98e-05 6.58e-06 1.29e-04 2.41e-04 2.50e-04 1.65e-04 7.37e-05 2.33e-05 4.50e-06 -4.50e-06 
-4.00e-05 4.00e-05 7.19e-05 1.63e-04 2.61e-04 2.57e-04 1.23e-04 7.42e-06 -3.47e-05 -8.36e-05 -8.87e-05 -8.38e-05 -9.50e-05 -7.78e-05 -9.39e-05 -7.67e-05 -9.39e-05 -7.78e-05 -9.50e-05 -8.38e-05 -8.87e-05 -8.36e-05 -3.47e-05 7.42e-06 1.23e-04 2.57e-04 2.61e-04 1.62e-04 6.69e-05 1.57e-05 -1.57e-05 
-1.06e-04 1.06e-04 1.51e-04 2.36e-04 2.31e-04 8.13e-05 -2.90e-05 2.74e-05 5.89e-05 6.27e-05 1.14e-04 7.48e-05 8.82e-05 6.04e-05 5.81e-05 5.14e-05 5.81e-05 6.04e-05 8.82e-05 7.48e-05 1.14e-04 6.27e-05 5.89e-05 2.74e-05 -2.90e-05 8.12e-05 2.31e-04 2.32e-04 1.33e-04 3.84e-05 -3.84e-05 
-2.00e-04 2.00e-04 2.23e-04 2.14e-04 8.12e-05 -2.91e-05 7.05e-05 1.52e-04 8.56e-05 1.22e-04 8.17e-05 3.20e-05 6.15e-05 -6.97e-06 4.81e-05 -1.47e-05 4.81e-05 -6.97e-06 6.15e-05 3.20e-05 8.17e-05 1.22e-04 8.56e-05 1.52e-04 7.05e-05 -2.93e-05 7.92e-05 2.03e-04 1.78e-04 6.42e-05 -6.42e-05 
-2.70e-04 2.70e-04 2.41e-04 1.29e-04 1.32e-05 6.95e-05 1.51e-04 3.46e-05 2.41e-05 7.35e-05 -1.29e-05 9.12e-05 4.59e-05 9.74e-05 8.83e-05 9.98e-05 8.83e-05 9.74e-05 4.59e-05 9.12e-05 -1.29e-05 7.35e-05 2.41e-05 3.46e-05 1.51e-04 6.85e-05 7.29e-06 1.03e-04 1.56e-04 7.10e-05 -7.10e-05 
-2.76e-04 2.76e-04 2.16e-04 9.36e-05 5.15e-05 8.30e-05 1.64e-05 5.82e-06 1.22e-04 5.87e-05 1.17e-04 1.57e-04 9.48e-05 1.87e-04 9.07e-05 1.91e-04 9.07e-05 1.87e-04 9.48e-05 1.57e-04 1.17e-04 5.87e-05 1.22e-04 5.77e-06 1.59e-05 8.04e-05 3.87e-05 4.77e-05 9.50e-05 5.25e-05 -5.25e-05 
-2.47e-04 2.47e-04 1.88e-04 8.20e-05 3.31e-05 3.69e-05 7.28e-05 1.22e-04 5.93e-05 5.29e-05 1.15e-04 2.65e-05 1.05e-04 5.66e-05 1.04e-04 7.53e-05 1.04e-04 5.66e-05 1.05e-04 2.65e-05 1.15e-04 5.29e-05 5.93e-05 1.22e-04 7.18e-05 3.16e-05 1.20e-05 1.85e-05 4.82e-05 2.99e-05 -2.99e-05 
-2.03e-04 2.03e-04 1.48e-04 5.79e-05 5.29e-05 1.05e-04 6.47e-05 -2.17e-05 3.65e-05 9.88e-05 5.24e-05 1.17e-04 1.28e-04 1.51e-04 1.77e-04 1.69e-04 1.77e-04 1.51e-04 1.28e-04 1.17e-04 5.24e-05 9.87e-05 3.64e-05 -2.20e-05 6.29e-05 9.64e-05 2.47e-05 -1.61e-05 5.12e-06 1.09e-05 -1.09e-05 
-1.48e-04 1.48e-04 1.12e-04 6.94e-05 7.43e-05 3.48e-05 -1.50e-05 8.91e-05 1.30e-04 4.10e-05 1.05e-04 9.70e-05 1.23e-04 1.45e-04 1.48e-04 1.76e-04 1.48e-04 1.45e-04 1.23e-04 9.70e-05 1.05e-04 4.09e-05 1.30e-04 8.86e-05 -1.76e-05 2.45e-05 4.23e-05 -6.35e-06 -1.93e-05 -5.07e-06 5.07e-06 
-1.06e-04 1.06e-04 8.48e-05 5.22e-05 4.11e-05 5.44e-05 8.39e-05 3.86e-05 -2.39e-05 5.47e-05 6.57e-05 9.16e-05 1.42e-04 1.42e-04 2.35e-04 2.09e-04 2.35e-04 1.42e-04 1.42e-04 9.16e-05 6.57e-05 5.46e-05 -2.41e-05 3.80e-05 8.10e-05 4.35e-05 9.83e-06 -1.59e-05 -2.33e-05 -9.44e-06 9.44e-06 
-6.70e-05 6.70e-05 5.35e-05 4.55e-05 6.26e-05 3.48e-05 -3.36e-05 1.79e-05 1.10e-04 6.20e-05 8.47e-05 1.07e-04 1.07e-04 2.13e-04 2.54e-04 3.49e-04 2.54e-04 2.13e-04 1.07e-04 1.07e-04 8.47e-05 6.19e-05 1.10e-04 1.73e-05 -3.64e-05 2.52e-05 3.66e-05 -8.25e-06 -2.68e-05 -1.17e-05 1.17e-05 
-3.80e-05 3.80e-05 3.49e-05 2.89e-05 1.29e-05 1.05e-05 6.56e-05 5.65e-05 -4.00e-05 7.27e-06 3.35e-05 3.64e-05 1.29e-04 1.71e-04 3.45e-04 5.32e-04 3.45e-04 1.71e-04 1.29e-04 3.64e-05 3.35e-05 7.26e-06 -4.01e-05 5.60e-05 6.37e-05 3.94e-06 -4.36e-06 -5.19e-06 -1.34e-05 -7.47e-06 7.47e-06 
-1.19e-05 1.19e-05 8.15e-06 8.52e-06 2.57e-05 1.91e-05 -4.38e-05 -3.22e-05 6.82e-05 3.96e-05 3.14e-05 5.92e-05 3.34e-05 1.29e-04 3.16e-04 1.24e-03 3.16e-04 1.29e-04 3.34e-05 5.92e-05 3.14e-05 3.96e-05 6.82e-05 -3.24e-05 -4.45e-05 1.67e-05 1.97e-05 -3.17e-06 -8.50e-06 -3.20e-06 3.20e-06 
1.19e-05 -1.19e-05 -8.15e-06 -8.52e-06 -2.57e-05 -1.91e-05 4.38e-05 3.22e-05 -6.82e-05 -3.96e-05 -3.14e-05 -5.92e-05 -3.34e-05 -1.29e-04 -3.16e-04 -1.24e-03 -3.16e-04 -1.29e-04 -3.34e-05 -5.92e-05 -3.14e-05 -3.96e-05 -6.82e-05 3.24e-05 4.45e-05 -1.67e-05 -1.97e-05 3.17e-06 8.50e-06 3.20e-06 -3.20e-06 
3.80e-05 -3.80e-05 -3.49e-05 -2.89e-05 -1.29e-05 -1.05e-05 -6.56e-05 -5.65e-05 4.00e-05 -7.27e-06 -3.35e-05 -3.64e-05 -1.29e-04 -1.71e-04 -3.45e-04 -5.32e-04 -3.45e-04 -1.71e-04 -1.29e-04 -3.64e-05 -3.35e-05 -7.26e-06 4.01e-05 -5.60e-05 -6.37e-05 -3.94e-06 4.36e-06 5.19e-06 1.34e-05 7.47e-06 -7.47e-06 
6.70e-05 -6.70e-05 -5.35e-05 -4.55e-05 -6.26e-05 -3.48e-05 3.36e-05 -1.79e-05 -1.10e-04 -6.20e-05 -8.47e-05 -1.07e-04 -1.07e-04 -2.13e-04 -2.54e-04 -3.49e-04 -2.54e-04 -2.13e-04 -1.07e-04 -1.07e-04 -8.47e-05 -6.19e-05 -1.10e-04 -1.73e-05 3.64e-05 -2.52e-05 -3.66e-05 8.25e-06 2.68e-05 1.17e-05 -1.17e-05 
1.06e-04 -1.06e-04 -8.48e-05 -5.22e-05 -4.11e-05 -5.44e-05 -8.39e-05 -3.86e-05 2.39e-05 -5.47e-05 -6.57e-05 -9.16e-05 -1.42e-04 -1.42e-04 -2.35e-04 -2.09e-04 -2.35e-04 -1.42e-04 -1.42e-04 -9.16e-05 -6.57e-05 -5.46e-05 2.41e-05 -3.80e-05 -8.10e-05 -4.35e-05 -9.83e-06 1.59e-05 2.33e-05 9.44e-06 -9.44e-06 
1.48e-04 -1.48e-04 -1.12e-04 -6.94e-05 -7.43e-05 -3.48e-05 1.50e-05 -8.91e-05 -1.30e-04 -4.10e-05 -1.05e-04 -9.70e-05 -1.23e-04 -1.45e-04 -1.48e-04 -1.76e-04 -1.48e-04 -1.45e-04 -1.23e-04 -9.70e-05 -1.05e-04 -4.09e-05 -1.30e-04 -8.86e-05 1.76e-05 -2.45e-05 -4.23e-05 6.35e-06 1.93e-05 5.07e-06 -5.07e-06 
2.03e-04 -2.03e-04 -1.48e-04 -5.79e-05 -5.29e-05 -1.05e-04 -6.47e-05 2.17e-05 -3.65e-05 -9.88e-05 -5.24e-05 -1.17e-04 -1.28e-04 -1.51e-04 -1.77e-04 -1.69e-04 -1.77e-04 -1.51e-04 -1.28e-04 -1.17e-04 -5.24e-05 -9.87e-05 -3.64e-05 2.20e-05 -6.29e-05 -9.64e-05 -2.47e-05 1.61e-05 -5.12e-06 -1.09e-05 1.09e-05 
2.47e-04 -2.47e-04 -1.88e-04 -8.20e-05 -3.31e-05 -3.69e-05 -7.28e-05 -1.22e-04 -5.94e-05 -5.29e-05 -1.15e-04 -2.66e-05 -1.05e-04 -5.69e-05 -1.04e-04 -7.57e-05 -1.04e-04 -5.69e-05 -1.05e-04 -2.66e-05 -1.15e-04 -5.29e-05 -5.93e-05 -1.22e-04 -7.18e-05 -3.16e-05 -1.20e-05 -1.85e-05 -4.82e-05 -2.99e-05 2.99e-05 
2.76e-04 -2.76e-04 -2.16e-04 -9.36e-05 -5.15e-05 -8.30e-05 -1.64e-05 -5.84e-06 -1.22e-04 -5.89e-05 -1.17e-04 -1.58e-04 -9.62e-05 -1.89e-04 -9.31e-05 -1.94e-04 -9.31e-05 -1.89e-04 -9.62e-05 -1.58e-04 -1.17e-04 -5.89e-05 -1.22e-04 -5.79e-06 -1.59e-05 -8.04e-05 -3.87e-05 -4.77e-05 -9.50e-05 -5.25e-05 5.25e-05 
2.70e-04 -2.70e-04 -2.41e-04 -1.29e-04 -1.32e-05 -6.95e-05 -1.51e-04 -3.48e-05 -2.46e-05 -7.48e-05 1.00e-05 -9.62e-05 -5.32e-05 -1.07e-04 -9.92e-05 -1.11e-04 -9.92e-05 -1.07e-04 -5.32e-05 -9.62e-05 1.00e-05 -7.48e-05 -2.46e-05 -3.48e-05 -1.51e-04 -6.85e-05 -7.29e-06 -1.03e-04 -1.56e-04 -7.10e-05 7.10e-05 
2.00e-04 -2.00e-04 -2.23e-04 -2.14e-04 -8.12e-05 2.90e-05 -7.08e-05 -1.53e-04 -8.90e-05 -1.29e-04 -9.58e-05 -5.37e-05 -9.11e-05 -2.95e-05 -8.92e-05 -2.80e-05 -8.92e-05 -2.95e-05 -9.11e-05 -5.37e-05 -9.58e-05 -1.29e-04 -8.90e-05 -1.53e-04 -7.08e-05 2.93e-05 -7.92e-05 -2.03e-04 -1.78e-04 -6.42e-05 6.42e-05 
1.06e-04 -1.06e-04 -1.51e-04 -2.36e-04 -2.31e-04 -8.18e-05 2.67e-05 -3.45e-05 -7.61e-05 -9.57e-05 -1.67e-04 -1.50e-04 -1.83e-04 -1.72e-04 -1.80e-04 -1.77e-04 -1.80e-04 -1.72e-04 -1.83e-04 -1.50e-04 -1.67e-04 -9.57e-05 -7.61e-05 -3.45e-05 2.67e-05 -8.18e-05 -2.31e-04 -2.33e-04 -1.33e-04 -3.84e-05 3.84e-05 
4.00e-05 -4.00e-05 -7.19e-05 -1.63e-04 -2.62e-04 -2.60e-04 -1.36e-04 -4.02e-05 -3.13e-05 -2.48e-05 -6.55e-05 -1.14e-04 -1.40e-04 -1.85e-04 -1.86e-04 -2.09e-04 -1.86e-04 -1.85e-04 -1.40e-04 -1.14e-04 -6.55e-05 -2.48e-05 -3.13e-05 -4.02e-05 -1.36e-04 -2.60e-04 -2.62e-04 -1.62e-04 -6.69e-05 -1.57e-05 1.57e-05 
1.09e-05 -1.09e-05 -2.45e-05 -7.49e-05 -1.70e-04 -2.69e-04 -2.94e-04 -2.42e-04 -1.95e-04 -1.65e-04 -1.44e-04 -1.57e-04 -1.64e-04 -1.83e-04 -1.91e-04 -1.96e-04 -1.91e-04 -1.83e-04 -1.64e-04 -1.57e-04 -1.44e-04 -1.65e-04 -1.95e-04 -2.42e-04 -2.94e-04 -2.69e-04 -1.70e-04 -7.48e-05 -2.35e-05 -4.51e-06 4.51e-06 
2.18e-06 -2.18e-06 -6.22e-06 -2.50e-05 -7.62e-05 -1.71e-04 -2.85e-04 -3.70e-04 -4.12e-04 -4.30e-04 -4.25e-04 -4.10e-04 -3.97e-04 -3.81e-04 -3.75e-04 -3.70e-04 -3.75e-04 -3.81e-04 -3.97e-04 -4.10e-04 -4.25e-04 -4.30e-04 -4.12e-04 -3.70e-04 -2.85e-04 -1.71e-04 -7.62e-05 -2.50e-05 -6.06e-06 -9.46e-07 9.46e-07 
6.19e-07 -6.19e-07 -2.20e-06 -1.12e-05 -4.25e-05 -1.19e-04 -2.48e-04 -3.90e-04 -4.95e-04 -5.54e-04 -5.76e-04 -5.66e-04 -5.47e-04 -5.24e-04 -5.09e-04 -5.02e-04 -5.09e-04 -5.24e-04 -5.47e-04 -5.66e-04 -5.76e-04 -5.54e-04 -4.95e-04 -3.90e-04 -2.48e-04 -1.19e-04 -4.25e-05 -1.12e-05 -2.17e-06 -2.77e-07 2.77e-07 
-6.19e-07 6.19e-07 2.20e-06 1.12e-05 4.25e-05 1.19e-04 2.48e-04 3.90e-04 4.95e-04 5.54e-04 5.76e-04 5.66e-04 5.47e-04 5.24e-04 5.09e-04 5.02e-04 5.09e-04 5.24e-04 5.47e-04 5.66e-04 5.76e-04 5.54e-04 4.95e-04 3.90e-04 2.48e-04 1.19e-04 4.25e-05 1.12e-05 2.17e-06 2.77e-07 -2.77e-07 
