0.00e+00 -0.00e+00 -0.00e+00 -0.00e+00 -0.00e+00 -0.00e+00 -5.47e-11 -1.95e-09 -2.89e-08 -2.32e-07 -1.11e-06 -3.36e-06 -6.81e-06 -1.03e-05 -1.30e-05 -1.39e-05 -1.30e-05 -1.03e-05 -6.81e-06 -3.36e-06 -1.11e-06 -2.32e-07 -2.89e-08 -1.95e-09 -5.47e-11 -0.00e+00 -0.00e+00 -0.00e+00 -0.00e+00 -0.00e+00 0.00e+00 
-0.00e+00 0.00e+00 0.00e+00 0.00e+00 0.00e+00 0.00e+00 5.47e-11 1.95e-09 2.89e-08 2.32e-07 1.11e-06 3.36e-06 6.81e-06 1.03e-05 1.30e-05 1.39e-05 1.30e-05 1.03e-05 6.81e-06 3.36e-06 1.11e-06 2.32e-07 2.89e-08 1.95e-09 5.47e-11 0.00e+00 0.00e+00 0.00e+00 0.00e+00 0.00e+00 -0.00e+00 
-0.00e+00 0.00e+00 0.00e+00 0.00e+00 0.00e+00 7.11e-11 2.86e-09 4.86e-08 4.54e-07 2.57e-06 9.28e-06 2.22e-05 3.80e-05 5.25e-05 6.28e-05 6.63e-05 6.28e-05 5.25e-05 3.80e-05 2.22e-05 9.28e-06 2.57e-06 4.54e-07 4.86e-08 2.86e-09 7.11e-11 0.00e+00 0.00e+00 0.00e+00 0.00e+00 -0.00e+00 
-0.00e+00 0.00e+00 0.00e+00 0.00e+00 7.75e-11 3.43e-09 6.45e-08 6.75e-07 4.32e-06 1.77e-05 4.75e-05 8.82e-05 1.27e-04 1.58e-04 1.78e-04 1.85e-04 1.78e-04 1.58e-04 1.27e-04 8.82e-05 4.75e-05 1.77e-05 4.32e-06 6.75e-07 6.45e-08 3.43e-09 7.75e-11 0.00e+00 0.00e+00 0.00e+00 -0.00e+00 
-0.00e+00 0.00e+00 0.00e+00 7.11e-11 3.42e-09 7.06e-08 8.18e-07 5.85e-06 2.68e-05 8.01e-05 1.60e-04 2.30e-04 2.82e-04 3.19e-04 3.34e-04 3.43e-04 3.34e-04 3.19e-04 2.82e-04 2.30e-04 1.60e-04 8.01e-05 2.68e-05 5.85e-06 8.18e-07 7.06e-08 3.42e-09 7.11e-11 0.00e+00 0.00e+00 -0.00e+00 
-0.00e+00 0.00e+00 5.47e-11 2.84e-09 6.39e-08 8.11e-07 6.40e-06 3.26e-05 1.08e-04 2.30e-04 3.29e-04 3.64e-04 3.84e-04 3.78e-04 3.71e-04 3.69e-04 3.71e-04 3.78e-04 3.84e-04 3.64e-04 3.29e-04 2.30e-04 1.08e-04 3.26e-05 6.40e-06 8.11e-07 6.39e-08 2.84e-09 5.47e-11 0.00e+00 -0.00e+00 
-7.03e-11 7.03e-11 1.96e-09 4.77e-08 6.58e-07 5.69e-06 3.18e-05 1.16e-04 2.68e-04 3.82e-04 3.52e-04 2.93e-04 2.55e-04 1.90e-04 1.87e-04 1.57e-04 1.87e-04 1.90e-04 2.55e-04 2.93e-04 3.52e-04 3.82e-04 2.68e-04 1.16e-04 3.18e-05 5.69e-06 6.58e-07 4.77e-08 1.96e-09 3.51e-11 -3.51e-11 
-2.24e-09 2.24e-09 2.92e-08 4.35e-07 4.08e-06 2.50e-05 1.00e-04 2.52e-04 3.70e-04 2.75e-04 1.12e-04 9.82e-05 3.62e-05 3.95e-05 5.05e-05 3.77e-05 5.05e-05 3.95e-05 3.62e-05 9.82e-05 1.12e-04 2.75e-04 3.70e-04 2.52e-04 1.00e-04 2.50e-05 4.08e-06 4.35e-07 2.91e-08 1.10e-09 -1.10e-09 
-2.89e-08 2.89e-08 2.32e-07 2.35e-06 1.57e-05 6.90e-05 1.92e-04 3.06e-04 2.11e-04 -5.44e-07 4.68e-05 1.11e-04 8.21e-05 2.11e-04 1.45e-04 2.37e-04 1.45e-04 2.11e-04 8.21e-05 1.11e-04 4.68e-05 -5.44e-07 2.11e-04 3.06e-04 1.92e-04 6.90e-05 1.57e-05 2.35e-06 2.32e-07 1.39e-08 -1.39e-08 
-1.96e-07 1.96e-07 1.08e-06 7.78e-06 3.76e-05 1.17e-04 2.16e-04 1.86e-04 2.42e-05 7.15e-05 2.24e-04 1.21e-04 2.19e-04 1.91e-04 1.80e-04 2.14e-04 1.80e-04 1.91e-04 2.19e-04 1.21e-04 2.24e-04 7.15e-05 2.42e-05 1.86e-04 2.16e-04 1.17e-04 3.76e-05 7.78e-06 1.07e-06 9.22e-08 -9.22e-08 
-7.52e-07 7.52e-07 3.00e-06 1.59e-05 5.66e-05 1.27e-04 1.62e-04 1.04e-04 8.95e-05 1.54e-04 5.14e-05 6.65e-05 1.48e-04 4.75e-05 2.03e-04 8.50e-05 2.03e-04 4.75e-05 1.48e-04 6.65e-05 5.14e-05 1.54e-04 8.95e-05 1.04e-04 1.62e-04 1.27e-04 5.66e-05 1.59e-05 2.97e-06 3.44e-07 -3.44e-07 
-1.68e-06 1.68e-06 5.13e-06 2.09e-05 5.93e-05 1.11e-04 1.30e-04 9.20e-05 3.01e-05 1.03e-06 9.88e-05 1.81e-04 1.20e-04 2.53e-04 2.54e-04 3.13e-04 2.54e-04 2.53e-04 1.20e-04 1.81e-04 9.88e-05 1.03e-06 3.01e-05 9.20e-05 1.30e-04 1.11e-04 5.93e-05 2.09e-05 5.03e-06 7.44e-07 -7.44e-07 
-2.26e-06 2.26e-06 5.77e-06 2.03e-05 5.21e-05 8.90e-05 8.30e-05 1.73e-05 2.06e-05 1.50e-04 1.22e-04 2.07e-05 1.53e-04 1.73e-04 2.70e-04 3.17e-04 2.70e-04 1.73e-04 1.53e-04 2.07e-05 1.22e-04 1.50e-04 2.06e-05 1.73e-05 8.30e-05 8.90e-05 5.21e-05 2.02e-05 5.58e-06 9.63e-07 -9.63e-07 
-1.92e-06 1.92e-06 4.59e-06 1.50e-05 3.47e-05 5.03e-05 4.31e-05 4.00e-05 5.10e-05 -1.55e-05 -2.62e-05 1.29e-04 1.31e-04 2.28e-04 3.68e-04 6.14e-04 3.68e-04 2.28e-04 1.31e-04 1.29e-04 -2.62e-05 -1.55e-05 5.10e-05 4.00e-05 4.31e-05 5.03e-05 3.47e-05 1.49e-05 4.41e-06 8.03e-07 -8.03e-07 
-7.79e-07 7.79e-07 1.73e-06 5.18e-06 1.19e-05 2.02e-05 1.88e-05 -1.04e-05 -2.31e-05 6.96e-05 1.03e-04 -1.51e-05 4.41e-05 9.14e-05 3.37e-04 1.32e-03 3.37e-04 9.14e-05 4.41e-05 -1.51e-05 1.03e-04 6.96e-05 -2.31e-05 -1.04e-05 1.88e-05 2.02e-05 1.19e-05 5.17e-06 1.65e-06 3.23e-07 -3.23e-07 
7.79e-07 -7.79e-07 -1.73e-06 -5.18e-06 -1.19e-05 -2.02e-05 -1.88e-05 1.04e-05 2.31e-05 -6.96e-05 -1.03e-04 1.51e-05 -4.41e-05 -9.14e-05 -3.37e-04 -1.32e-03 -3.37e-04 -9.14e-05 -4.41e-05 1.51e-05 -1.03e-04 -6.96e-05 2.31e-05 1.04e-05 -1.88e-05 -2.02e-05 -1.19e-05 -5.17e-06 -1.65e-06 -3.23e-07 3.23e-07 
1.92e-06 -1.92e-06 -4.59e-06 -1.50e-05 -3.47e-05 -5.03e-05 -4.31e-05 -4.00e-05 -5.10e-05 1.55e-05 2.62e-05 -1.29e-04 -1.31e-04 -2.28e-04 -3.68e-04 -6.14e-04 -3.68e-04 -2.28e-04 -1.31e-04 -1.29e-04 2.62e-05 1.55e-05 -5.10e-05 -4.00e-05 -4.31e-05 -5.03e-05 -3.47e-05 -1.49e-05 -4.41e-06 -8.03e-07 8.03e-07 
2.26e-06 -2.26e-06 -5.77e-06 -2.03e-05 -5.21e-05 -8.90e-05 -8.30e-05 -1.73e-05 -2.06e-05 -1.50e-04 -1.22e-04 -2.07e-05 -1.53e-04 -1.73e-04 -2.70e-04 -3.17e-04 -2.70e-04 -1.73e-04 -1.53e-04 -2.07e-05 -1.22e-04 -1.50e-04 -2.06e-05 -1.73e-05 -8.30e-05 -8.90e-05 -5.21e-05 -2.02e-05 -5.58e-06 -9.63e-07 9.63e-07 
1.68e-06 -1.68e-06 -5.13e-06 -2.09e-05 -5.93e-05 -1.11e-04 -1.30e-04 -9.20e-05 -3.01e-05 -1.03e-06 -9.88e-05 -1.81e-04 -1.20e-04 -2.53e-04 -2.54e-04 -3.13e-04 -2.54e-04 -2.53e-04 -1.20e-04 -1.81e-04 -9.88e-05 -1.03e-06 -3.01e-05 -9.20e-05 -1.30e-04 -1.11e-04 -5.93e-05 -2.09e-05 -5.03e-06 -7.44e-07 7.44e-07 
7.52e-07 -7.52e-07 -3.00e-06 -1.59e-05 -5.66e-05 -1.27e-04 -1.62e-04 -1.04e-04 -8.95e-05 -1.54e-04 -5.14e-05 -6.65e-05 -1.48e-04 -4.75e-05 -2.03e-04 -8.50e-05 -2.03e-04 -4.75e-05 -1.48e-04 -6.65e-05 -5.14e-05 -1.54e-04 -8.95e-05 -1.04e-04 -1.62e-04 -1.27e-04 -5.66e-05 -1.59e-05 -2.97e-06 -3.44e-07 3.44e-07 
1.96e-07 -1.96e-07 -1.08e-06 -7.78e-06 -3.76e-05 -1.17e-04 -2.16e-04 -1.86e-04 -2.42e-05 -7.15e-05 -2.24e-04 -1.21e-04 -2.19e-04 -1.91e-04 -1.80e-04 -2.14e-04 -1.80e-04 -1.91e-04 -2.19e-04 -1.21e-04 -2.24e-04 -7.15e-05 -2.42e-05 -1.86e-04 -2.16e-04 -1.17e-04 -3.76e-05 -7.78e-06 -1.07e-06 -9.22e-08 9.22e-08 
2.89e-08 -2.89e-08 -2.32e-07 -2.35e-06 -1.57e-05 -6.90e-05 -1.92e-04 -3.06e-04 -2.11e-04 5.44e-07 -4.68e-05 -1.11e-04 -8.21e-05 -2.11e-04 -1.45e-04 -2.37e-04 -1.45e-04 -2.11e-04 -8.21e-05 -1.11e-04 -4.68e-05 5.44e-07 -2.11e-04 -3.06e-04 -1.92e-04 -6.90e-05 -1.57e-05 -2.35e-06 -2.32e-07 -1.39e-08 1.39e-08 
2.24e-09 -2.24e-09 -2.92e-08 -4.35e-07 -4.08e-06 -2.50e-05 -1.00e-04 -2.52e-04 -3.70e-04 -2.75e-04 -1.12e-04 -9.82e-05 -3.62e-05 -3.95e-05 -5.05e-05 -3.77e-05 -5.05e-05 -3.95e-05 -3.62e-05 -9.82e-05 -1.12e-04 -2.75e-04 -3.70e-04 -2.52e-04 -1.00e-04 -2.50e-05 -4.08e-06 -4.35e-07 -2.91e-08 -1.10e-09 1.10e-09 
7.03e-11 -7.03e-11 -1.96e-09 -4.77e-08 -6.58e-07 -5.69e-06 -3.18e-05 -1.16e-04 -2.68e-04 -3.82e-04 -3.52e-04 -2.93e-04 -2.55e-04 -1.90e-04 -1.87e-04 -1.57e-04 -1.87e-04 -1.90e-04 -2.55e-04 -2.93e-04 -3.52e-04 -3.82e-04 -2.68e-04 -1.16e-04 -3.18e-05 -5.69e-06 -6.58e-07 -4.77e-08 -1.96e-09 -3.51e-11 3.51e-11 
-0.00e+00 0.00e+00 -5.47e-11 -2.84e-09 -6.39e-08 -8.11e-07 -6.40e-06 -3.26e-05 -1.08e-04 -2.30e-04 -3.29e-04 -3.64e-04 -3.84e-04 -3.78e-04 -3.71e-04 -3.69e-04 -3.71e-04 -3.78e-04 -3.84e-04 -3.64e-04 -3.29e-04 -2.30e-04 -1.08e-04 -3.26e-05 -6.40e-06 -8.11e-07 -6.39e-08 -2.84e-09 -5.47e-11 0.00e+00 -0.00e+00 
-0.00e+00 0.00e+00 0.00e+00 -7.11e-11 -3.42e-09 -7.06e-08 -8.18e-07 -5.85e-06 -2.68e-05 -8.01e-05 -1.60e-04 -2.30e-04 -2.82e-04 -3.19e-04 -3.34e-04 -3.43e-04 -3.34e-04 -3.19e-04 -2.82e-04 -2.30e-04 -1.60e-04 -8.01e-05 -2.68e-05 -5.85e-06 -8.18e-07 -7.06e-08 -3.42e-09 -7.11e-11 0.00e+00 0.00e+00 -0.00e+00 
-0.00e+00 0.00e+00 0.00e+00 0.00e+00 -7.75e-11 -3.43e-09 -6.45e-08 -6.75e-07 -4.32e-06 -1.77e-05 -4.75e-05 -8.82e-05 -1.27e-04 -1.58e-04 -1.78e-04 -1.85e-04 -1.78e-04 -1.58e-04 -1.27e-04 -8.82e-05 -4.75e-05 -1.77e-05 -4.32e-06 -6.75e-07 -6.45e-08 -3.43e-09 -7.75e-11 0.00e+00 0.00e+00 0.00e+00 -0.00e+00 
-0.00e+00 0.00e+00 0.00e+00 0.00e+00 0.00e+00 -7.11e-11 -2.86e-09 -4.86e-08 -4.54e-07 -2.58e-06 -9.28e-06 -2.22e-05 -3.81e-05 -5.28e-05 -6.33e-05 -6.68e-05 -6.33e-05 -5.28e-05 -3.81e-05 -2.22e-05 -9.28e-06 -2.58e-06 -4.54e-07 -4.86e-08 -2.86e-09 -7.11e-11 0.00e+00 0.00e+00 0.00e+00 0.00e+00 -0.00e+00 
-0.00e+00 0.00e+00 0.00e+00 0.00e+00 0.00e+00 0.00e+00 -5.47e-11 -1.98e-09 -3.00e-08 -2.48e-07 -1.23e-06 -3.85e-06 -8.13e-06 -1.28e-05 -1.64e-05 -1.77e-05 -1.64e-05 -1.28e-05 -8.13e-06 -3.85e-06 -1.23e-06 -2.48e-07 -3.00e-08 -1.98e-09 -5.47e-11 0.00e+00 0.00e+00 0.00e+00 0.00e+00 0.00e+00 -0.00e+00 
-0.00e+00 0.00e+00 0.00e+00 0.00e+00 0.00e+00 0.00e+00 0.00e+00 -7.03e-11 -2.27e-09 -3.01e-08 -2.14e-07 -9.03e-07 -2.39e-06 -4.32e-06 -5.92e-06 -6.57e-06 -5.92e-06 -4.32e-06 -2.39e-06 -9.03e-07 -2.14e-07 -3.01e-08 -2.27e-09 -7.03e-11 0.00e+00 0.00e+00 0.00e+00 0.00e+00 0.00e+00 0.00e+00 -0.00e+00 
0.00e+00 -0.00e+00 -0.00e+00 -0.00e+00 -0.00e+00 -0.00e+00 -0.00e+00 7.03e-11 2.27e-09 3.01e-08 2.14e-07 9.03e-07 2.39e-06 4.32e-06 5.92e-06 6.57e-06 5.92e-06 4.32e-06 2.39e-06 9.03e-07 2.14e-07 3.01e-08 2.27e-09 7.03e-11 -0.00e+00 -0.00e+00 -0.00e+00 -0.00e+00 -0.00e+00 -0.00e+00 0.00e+00 
